recording,mode,variant,timestamp,event,text
1786194763609,command_menu,baseline,10200.0,partial,вниз
1786194763609,command_menu,baseline,10240.0,partial,вниз
1786194763609,command_menu,baseline,10280.0,partial,вниз
1786194763609,command_menu,baseline,10320.0,partial,вниз
1786194763609,command_menu,baseline,10360.0,partial,вниз
1786194763609,command_menu,baseline,10400.0,partial,вниз
1786194763609,command_menu,baseline,10440.0,partial,вниз
1786194763609,command_menu,baseline,10480.0,partial,вниз
1786194763609,command_menu,baseline,10520.0,partial,вниз
1786194763609,command_menu,baseline,10560.0,partial,вниз
1786194763609,command_menu,baseline,10600.0,partial,вниз
1786194763609,command_menu,baseline,10640.0,partial,вниз
1786194763609,command_menu,baseline,10680.0,partial,вниз
1786194763609,command_menu,baseline,10720.0,partial,вниз
1786194763609,command_menu,baseline,10760.0,partial,вниз
1786194763609,command_menu,baseline,10800.0,partial,вниз
1786194763609,command_menu,baseline,10840.0,partial,вниз
1786194763609,command_menu,baseline,10880.0,partial,вниз
1786194763609,command_menu,baseline,10920.0,partial,вниз
1786194763609,command_menu,baseline,10960.0,partial,вниз
1786194763609,command_menu,baseline,11000.0,partial,вниз
1786194763609,command_menu,baseline,11040.0,partial,вниз
1786194763609,command_menu,baseline,11080.0,partial,вниз
1786194763609,command_menu,baseline,11120.0,partial,вниз
1786194763609,command_menu,baseline,11160.0,endpoint,вниз
1786194763609,command_menu,baseline,12120.0,partial,вниз
1786194763609,command_menu,baseline,12160.0,partial,вниз
1786194763609,command_menu,baseline,12200.0,partial,вниз
1786194763609,command_menu,baseline,12240.0,partial,вниз
1786194763609,command_menu,baseline,12280.0,partial,вниз
1786194763609,command_menu,baseline,12320.0,partial,вниз
1786194763609,command_menu,baseline,12360.0,partial,вниз
1786194763609,command_menu,baseline,12400.0,partial,вниз
1786194763609,command_menu,baseline,12440.0,partial,вниз
1786194763609,command_menu,baseline,12480.0,partial,вниз
1786194763609,command_menu,baseline,12520.0,partial,вниз
1786194763609,command_menu,baseline,12560.0,partial,вниз
1786194763609,command_menu,baseline,12600.0,partial,вниз
1786194763609,command_menu,baseline,12640.0,partial,вниз
1786194763609,command_menu,baseline,12680.0,partial,вниз
1786194763609,command_menu,baseline,12720.0,partial,вниз
1786194763609,command_menu,baseline,12760.0,partial,вниз
1786194763609,command_menu,baseline,12800.0,partial,вниз
1786194763609,command_menu,baseline,12840.0,endpoint,вниз
1786194763609,command_menu,baseline,14040.0,partial,вниз
1786194763609,command_menu,baseline,14080.0,partial,вниз
1786194763609,command_menu,baseline,14120.0,partial,вниз
1786194763609,command_menu,baseline,14160.0,partial,вниз
1786194763609,command_menu,baseline,14200.0,partial,вниз
1786194763609,command_menu,baseline,14240.0,partial,вниз
1786194763609,command_menu,baseline,14280.0,partial,вниз
1786194763609,command_menu,baseline,14320.0,partial,вниз
1786194763609,command_menu,baseline,14360.0,partial,вниз
1786194763609,command_menu,baseline,14400.0,partial,вниз
1786194763609,command_menu,baseline,14440.0,partial,вниз
1786194763609,command_menu,baseline,14480.0,partial,вниз
1786194763609,command_menu,baseline,14520.0,partial,вниз
1786194763609,command_menu,baseline,14560.0,partial,вниз
1786194763609,command_menu,baseline,14600.0,partial,вниз
1786194763609,command_menu,baseline,14640.0,partial,вниз
1786194763609,command_menu,baseline,14680.0,partial,вниз
1786194763609,command_menu,baseline,14720.0,partial,вниз
1786194763609,command_menu,baseline,14760.0,partial,вниз
1786194763609,command_menu,baseline,14800.0,partial,вниз
1786194763609,command_menu,baseline,14840.0,partial,вниз
1786194763609,command_menu,baseline,14880.0,partial,вниз
1786194763609,command_menu,baseline,14920.0,partial,вниз
1786194763609,command_menu,baseline,14960.0,partial,вниз
1786194763609,command_menu,baseline,15000.0,endpoint,вниз
1786194763609,command_menu,baseline,15720.0,partial,вверх
1786194763609,command_menu,baseline,15760.0,partial,вверх
1786194763609,command_menu,baseline,15800.0,partial,вверх
1786194763609,command_menu,baseline,15840.0,partial,вверх
1786194763609,command_menu,baseline,15880.0,partial,вверх
1786194763609,command_menu,baseline,15920.0,partial,вверх
1786194763609,command_menu,baseline,15960.0,partial,вверх
1786194763609,command_menu,baseline,16000.0,partial,вверх
1786194763609,command_menu,baseline,16040.0,partial,вверх
1786194763609,command_menu,baseline,16080.0,partial,вверх
1786194763609,command_menu,baseline,16120.0,partial,вверх
1786194763609,command_menu,baseline,16160.0,partial,вверх
1786194763609,command_menu,baseline,16200.0,partial,вверх
1786194763609,command_menu,baseline,16240.0,partial,вверх
1786194763609,command_menu,baseline,16280.0,partial,вверх
1786194763609,command_menu,baseline,16320.0,partial,вверх
1786194763609,command_menu,baseline,16360.0,partial,вверх
1786194763609,command_menu,baseline,16400.0,partial,вверх
1786194763609,command_menu,baseline,16440.0,partial,вверх
1786194763609,command_menu,baseline,16480.0,partial,вверх
1786194763609,command_menu,baseline,16520.0,partial,вверх
1786194763609,command_menu,baseline,16560.0,partial,вверх
1786194763609,command_menu,baseline,16600.0,partial,вверх
1786194763609,command_menu,baseline,16640.0,partial,вверх
1786194763609,command_menu,baseline,16680.0,endpoint,вверх
1786194763609,command_menu,baseline,16920.0,partial,доступность
1786194763609,command_menu,baseline,16960.0,partial,доступность
1786194763609,command_menu,baseline,17000.0,partial,доступность
1786194763609,command_menu,baseline,17040.0,partial,доступность
1786194763609,command_menu,baseline,17080.0,partial,доступность
1786194763609,command_menu,baseline,17120.0,partial,доступность
1786194763609,command_menu,baseline,17160.0,partial,вверх
1786194763609,command_menu,baseline,17200.0,partial,вверх
1786194763609,command_menu,baseline,17240.0,partial,вверх
1786194763609,command_menu,baseline,17280.0,partial,вверх
1786194763609,command_menu,baseline,17320.0,partial,вверх
1786194763609,command_menu,baseline,17360.0,partial,вверх
1786194763609,command_menu,baseline,17400.0,partial,вверх
1786194763609,command_menu,baseline,17440.0,partial,вверх
1786194763609,command_menu,baseline,17480.0,partial,вверх
1786194763609,command_menu,baseline,17520.0,partial,вверх
1786194763609,command_menu,baseline,17560.0,partial,вверх
1786194763609,command_menu,baseline,17600.0,partial,вверх
1786194763609,command_menu,baseline,17640.0,partial,вверх
1786194763609,command_menu,baseline,17680.0,partial,вверх
1786194763609,command_menu,baseline,17720.0,partial,вверх
1786194763609,command_menu,baseline,17760.0,partial,вверх
1786194763609,command_menu,baseline,17800.0,partial,вверх
1786194763609,command_menu,baseline,17840.0,partial,вверх
1786194763609,command_menu,baseline,17880.0,endpoint,вверх
1786194763609,command_menu,baseline,18120.0,partial,вверх
1786194763609,command_menu,baseline,18160.0,partial,вверх
1786194763609,command_menu,baseline,18200.0,partial,вверх
1786194763609,command_menu,baseline,18240.0,partial,вверх
1786194763609,command_menu,baseline,18280.0,partial,вверх
1786194763609,command_menu,baseline,18320.0,partial,вверх
1786194763609,command_menu,baseline,18360.0,partial,вверх
1786194763609,command_menu,baseline,18400.0,partial,вверх
1786194763609,command_menu,baseline,18440.0,partial,вверх
1786194763609,command_menu,baseline,18480.0,partial,вверх
1786194763609,command_menu,baseline,18520.0,partial,вверх
1786194763609,command_menu,baseline,18560.0,partial,вверх
1786194763609,command_menu,baseline,18600.0,partial,вверх
1786194763609,command_menu,baseline,18640.0,partial,вверх
1786194763609,command_menu,baseline,18680.0,partial,вверх
1786194763609,command_menu,baseline,18720.0,partial,вверх
1786194763609,command_menu,baseline,18760.0,partial,вверх
1786194763609,command_menu,baseline,18800.0,partial,вверх
1786194763609,command_menu,baseline,18840.0,endpoint,вверх
1786194763609,command_menu,baseline,23400.0,partial,вверх
1786194763609,command_menu,baseline,23440.0,partial,вверх
1786194763609,command_menu,baseline,23480.0,partial,вверх
1786194763609,command_menu,baseline,23520.0,partial,вверх
1786194763609,command_menu,baseline,23560.0,partial,вверх
1786194763609,command_menu,baseline,23600.0,partial,вверх
1786194763609,command_menu,baseline,23640.0,partial,вверх
1786194763609,command_menu,baseline,23680.0,partial,вверх
1786194763609,command_menu,baseline,23720.0,partial,вверх
1786194763609,command_menu,baseline,23760.0,partial,вверх
1786194763609,command_menu,baseline,23800.0,partial,вверх
1786194763609,command_menu,baseline,23840.0,partial,вверх
1786194763609,command_menu,baseline,23880.0,partial,вверх
1786194763609,command_menu,baseline,23920.0,partial,вверх
1786194763609,command_menu,baseline,23960.0,partial,вверх
1786194763609,command_menu,baseline,24000.0,partial,вверх
1786194763609,command_menu,baseline,24040.0,partial,вверх
1786194763609,command_menu,baseline,24080.0,partial,вверх
1786194763609,command_menu,baseline,24120.0,endpoint,вверх
1786194763609,command_menu,baseline,25080.0,partial,вниз
1786194763609,command_menu,baseline,25120.0,partial,вниз
1786194763609,command_menu,baseline,25160.0,partial,вниз
1786194763609,command_menu,baseline,25200.0,partial,вниз
1786194763609,command_menu,baseline,25240.0,partial,вниз
1786194763609,command_menu,baseline,25280.0,partial,вниз
1786194763609,command_menu,baseline,25320.0,partial,вниз
1786194763609,command_menu,baseline,25360.0,partial,вниз
1786194763609,command_menu,baseline,25400.0,partial,вниз
1786194763609,command_menu,baseline,25440.0,partial,вниз
1786194763609,command_menu,baseline,25480.0,partial,вниз
1786194763609,command_menu,baseline,25520.0,partial,вниз
1786194763609,command_menu,baseline,25560.0,partial,вниз
1786194763609,command_menu,baseline,25600.0,partial,вниз
1786194763609,command_menu,baseline,25640.0,partial,вниз
1786194763609,command_menu,baseline,25680.0,partial,вниз
1786194763609,command_menu,baseline,25720.0,partial,вниз
1786194763609,command_menu,baseline,25760.0,partial,вниз
1786194763609,command_menu,baseline,25800.0,partial,вниз
1786194763609,command_menu,baseline,25840.0,partial,вниз
1786194763609,command_menu,baseline,25880.0,partial,вниз
1786194763609,command_menu,baseline,25920.0,partial,вниз
1786194763609,command_menu,baseline,25960.0,partial,вниз
1786194763609,command_menu,baseline,26000.0,partial,вниз
1786194763609,command_menu,baseline,26040.0,endpoint,вниз
1786194763609,command_menu,baseline,26280.0,partial,вниз
1786194763609,command_menu,baseline,26320.0,partial,вниз
1786194763609,command_menu,baseline,26360.0,partial,вниз
1786194763609,command_menu,baseline,26400.0,partial,вниз
1786194763609,command_menu,baseline,26440.0,partial,вниз
1786194763609,command_menu,baseline,26480.0,partial,вниз
1786194763609,command_menu,baseline,26520.0,partial,вниз
1786194763609,command_menu,baseline,26560.0,partial,вниз
1786194763609,command_menu,baseline,26600.0,partial,вниз
1786194763609,command_menu,baseline,26640.0,partial,вниз
1786194763609,command_menu,baseline,26680.0,partial,вниз
1786194763609,command_menu,baseline,26720.0,partial,вниз
1786194763609,command_menu,baseline,26760.0,partial,вниз
1786194763609,command_menu,baseline,26800.0,partial,вниз
1786194763609,command_menu,baseline,26840.0,partial,вниз
1786194763609,command_menu,baseline,26880.0,partial,вниз
1786194763609,command_menu,baseline,26920.0,partial,вниз
1786194763609,command_menu,baseline,26960.0,partial,вниз
1786194763609,command_menu,baseline,27000.0,partial,вниз
1786194763609,command_menu,baseline,27040.0,partial,вниз
1786194763609,command_menu,baseline,27080.0,partial,вниз
1786194763609,command_menu,baseline,27120.0,partial,вниз
1786194763609,command_menu,baseline,27160.0,partial,вниз
1786194763609,command_menu,baseline,27200.0,partial,вниз
1786194763609,command_menu,baseline,27240.0,endpoint,вниз
1786194763609,command_menu,baseline,27480.0,partial,вниз
1786194763609,command_menu,baseline,27520.0,partial,вниз
1786194763609,command_menu,baseline,27560.0,partial,вниз
1786194763609,command_menu,baseline,27600.0,partial,вниз
1786194763609,command_menu,baseline,27640.0,partial,вниз
1786194763609,command_menu,baseline,27680.0,partial,вниз
1786194763609,command_menu,baseline,27720.0,partial,вниз
1786194763609,command_menu,baseline,27760.0,partial,вниз
1786194763609,command_menu,baseline,27800.0,partial,вниз
1786194763609,command_menu,baseline,27840.0,partial,вниз
1786194763609,command_menu,baseline,27880.0,partial,вниз
1786194763609,command_menu,baseline,27920.0,partial,вниз
1786194763609,command_menu,baseline,27960.0,partial,вниз
1786194763609,command_menu,baseline,28000.0,partial,вниз
1786194763609,command_menu,baseline,28040.0,partial,вниз
1786194763609,command_menu,baseline,28080.0,partial,вниз
1786194763609,command_menu,baseline,28120.0,partial,вниз
1786194763609,command_menu,baseline,28160.0,partial,вниз
1786194763609,command_menu,baseline,28200.0,partial,вниз
1786194763609,command_menu,baseline,28240.0,partial,вниз
1786194763609,command_menu,baseline,28280.0,partial,вниз
1786194763609,command_menu,baseline,28320.0,partial,вниз
1786194763609,command_menu,baseline,28360.0,partial,вниз
1786194763609,command_menu,baseline,28400.0,partial,вниз
1786194763609,command_menu,baseline,28440.0,endpoint,вниз
1786194763609,command_menu,baseline,46440.0,partial,вверх
1786194763609,command_menu,baseline,46480.0,partial,вверх
1786194763609,command_menu,baseline,46520.0,partial,вверх
1786194763609,command_menu,baseline,46560.0,partial,вверх
1786194763609,command_menu,baseline,46600.0,partial,вверх
1786194763609,command_menu,baseline,46640.0,partial,вверх
1786194763609,command_menu,baseline,46680.0,partial,вверх
1786194763609,command_menu,baseline,46720.0,partial,вверх
1786194763609,command_menu,baseline,46760.0,partial,вверх
1786194763609,command_menu,baseline,46800.0,partial,вверх
1786194763609,command_menu,baseline,46840.0,partial,вверх
1786194763609,command_menu,baseline,46880.0,partial,вверх
1786194763609,command_menu,baseline,46920.0,partial,вверх
1786194763609,command_menu,baseline,46960.0,partial,вверх
1786194763609,command_menu,baseline,47000.0,partial,вверх
1786194763609,command_menu,baseline,47040.0,partial,вверх
1786194763609,command_menu,baseline,47080.0,partial,вверх
1786194763609,command_menu,baseline,47120.0,partial,вверх
1786194763609,command_menu,baseline,47160.0,partial,вверх
1786194763609,command_menu,baseline,47200.0,partial,вверх
1786194763609,command_menu,baseline,47240.0,partial,вверх
1786194763609,command_menu,baseline,47280.0,partial,вверх
1786194763609,command_menu,baseline,47320.0,partial,вверх
1786194763609,command_menu,baseline,47360.0,partial,вверх
1786194763609,command_menu,baseline,47400.0,endpoint,вверх
1786194763609,command_menu,baseline,47640.0,partial,вверх
1786194763609,command_menu,baseline,47680.0,partial,вверх
1786194763609,command_menu,baseline,47720.0,partial,вверх
1786194763609,command_menu,baseline,47760.0,partial,вверх
1786194763609,command_menu,baseline,47800.0,partial,вверх
1786194763609,command_menu,baseline,47840.0,partial,вверх
1786194763609,command_menu,baseline,47880.0,partial,вверх
1786194763609,command_menu,baseline,47920.0,partial,вверх
1786194763609,command_menu,baseline,47960.0,partial,вверх
1786194763609,command_menu,baseline,48000.0,partial,вверх
1786194763609,command_menu,baseline,48040.0,partial,вверх
1786194763609,command_menu,baseline,48080.0,partial,вверх
1786194763609,command_menu,baseline,48120.0,partial,вверх
1786194763609,command_menu,baseline,48160.0,partial,вверх
1786194763609,command_menu,baseline,48200.0,partial,вверх
1786194763609,command_menu,baseline,48240.0,partial,вверх
1786194763609,command_menu,baseline,48280.0,partial,вверх
1786194763609,command_menu,baseline,48320.0,partial,вверх
1786194763609,command_menu,baseline,48360.0,partial,вверх
1786194763609,command_menu,baseline,48400.0,partial,вверх
1786194763609,command_menu,baseline,48440.0,partial,вверх
1786194763609,command_menu,baseline,48480.0,partial,вверх
1786194763609,command_menu,baseline,48520.0,partial,вверх
1786194763609,command_menu,baseline,48560.0,partial,вверх
1786194763609,command_menu,baseline,48600.0,partial,вверх вверх
1786194763609,command_menu,baseline,48640.0,partial,вверх вверх
1786194763609,command_menu,baseline,48680.0,partial,вверх вверх
1786194763609,command_menu,baseline,48720.0,partial,вверх вверх
1786194763609,command_menu,baseline,48760.0,partial,вверх вверх
1786194763609,command_menu,baseline,48800.0,partial,вверх вверх
1786194763609,command_menu,baseline,48840.0,partial,вверх вверх
1786194763609,command_menu,baseline,48880.0,partial,вверх вверх
1786194763609,command_menu,baseline,48920.0,partial,вверх вверх
1786194763609,command_menu,baseline,48960.0,partial,вверх вверх
1786194763609,command_menu,baseline,49000.0,partial,вверх вверх
1786194763609,command_menu,baseline,49040.0,partial,вверх вверх
1786194763609,command_menu,baseline,49080.0,partial,вверх вверх
1786194763609,command_menu,baseline,49120.0,partial,вверх вверх
1786194763609,command_menu,baseline,49160.0,partial,вверх вверх
1786194763609,command_menu,baseline,49200.0,partial,вверх вверх
1786194763609,command_menu,baseline,49240.0,partial,вверх вверх
1786194763609,command_menu,baseline,49280.0,partial,вверх вверх
1786194763609,command_menu,baseline,49320.0,partial,вверх вверх
1786194763609,command_menu,baseline,49360.0,partial,вверх вверх
1786194763609,command_menu,baseline,49400.0,partial,вверх вверх
1786194763609,command_menu,baseline,49440.0,partial,вверх вверх
1786194763609,command_menu,baseline,49480.0,partial,вверх вверх
1786194763609,command_menu,baseline,49520.0,partial,вверх вверх
1786194763609,command_menu,baseline,49560.0,endpoint,вверх вверх
1786194763609,command_menu,baseline,50280.0,partial,вниз
1786194763609,command_menu,baseline,50320.0,partial,вниз
1786194763609,command_menu,baseline,50360.0,partial,вниз
1786194763609,command_menu,baseline,50400.0,partial,вниз
1786194763609,command_menu,baseline,50440.0,partial,вниз
1786194763609,command_menu,baseline,50480.0,partial,вниз
1786194763609,command_menu,baseline,50520.0,partial,вниз
1786194763609,command_menu,baseline,50560.0,partial,вниз
1786194763609,command_menu,baseline,50600.0,partial,вниз
1786194763609,command_menu,baseline,50640.0,partial,вниз
1786194763609,command_menu,baseline,50680.0,partial,вниз
1786194763609,command_menu,baseline,50720.0,partial,вниз
1786194763609,command_menu,baseline,50760.0,partial,вниз
1786194763609,command_menu,baseline,50800.0,partial,вниз
1786194763609,command_menu,baseline,50840.0,partial,вниз
1786194763609,command_menu,baseline,50880.0,partial,вниз
1786194763609,command_menu,baseline,50920.0,partial,вниз
1786194763609,command_menu,baseline,50960.0,partial,вниз
1786194763609,command_menu,baseline,51000.0,partial,вниз
1786194763609,command_menu,baseline,51040.0,partial,вниз
1786194763609,command_menu,baseline,51080.0,partial,вниз
1786194763609,command_menu,baseline,51120.0,partial,вниз
1786194763609,command_menu,baseline,51160.0,partial,вниз
1786194763609,command_menu,baseline,51200.0,partial,вниз
1786194763609,command_menu,baseline,51240.0,partial,вниз
1786194763609,command_menu,baseline,51280.0,partial,вниз
1786194763609,command_menu,baseline,51320.0,partial,вниз
1786194763609,command_menu,baseline,51360.0,partial,вниз
1786194763609,command_menu,baseline,51400.0,partial,вниз
1786194763609,command_menu,baseline,51440.0,partial,вниз
1786194763609,command_menu,baseline,51480.0,partial,вниз вниз
1786194763609,command_menu,baseline,51520.0,partial,вниз вниз
1786194763609,command_menu,baseline,51560.0,partial,вниз вниз
1786194763609,command_menu,baseline,51600.0,partial,вниз вниз
1786194763609,command_menu,baseline,51640.0,partial,вниз вниз
1786194763609,command_menu,baseline,51680.0,partial,вниз вниз
1786194763609,command_menu,baseline,51720.0,partial,вниз вниз
1786194763609,command_menu,baseline,51760.0,partial,вниз вниз
1786194763609,command_menu,baseline,51800.0,partial,вниз вниз
1786194763609,command_menu,baseline,51840.0,partial,вниз вниз
1786194763609,command_menu,baseline,51880.0,partial,вниз вниз
1786194763609,command_menu,baseline,51920.0,partial,вниз вниз
1786194763609,command_menu,baseline,51960.0,partial,вниз вниз
1786194763609,command_menu,baseline,52000.0,partial,вниз вниз
1786194763609,command_menu,baseline,52040.0,partial,вниз вниз
1786194763609,command_menu,baseline,52080.0,partial,вниз вниз
1786194763609,command_menu,baseline,52120.0,partial,вниз вниз
1786194763609,command_menu,baseline,52160.0,partial,вниз вниз
1786194763609,command_menu,baseline,52200.0,endpoint,вниз вниз
1786194763609,command_menu,baseline,52440.0,partial,вниз
1786194763609,command_menu,baseline,52480.0,partial,вниз
1786194763609,command_menu,baseline,52520.0,partial,вниз
1786194763609,command_menu,baseline,52560.0,partial,вниз
1786194763609,command_menu,baseline,52600.0,partial,вниз
1786194763609,command_menu,baseline,52640.0,partial,вниз
1786194763609,command_menu,baseline,52680.0,partial,вниз
1786194763609,command_menu,baseline,52720.0,partial,вниз
1786194763609,command_menu,baseline,52760.0,partial,вниз
1786194763609,command_menu,baseline,52800.0,partial,вниз
1786194763609,command_menu,baseline,52840.0,partial,вниз
1786194763609,command_menu,baseline,52880.0,partial,вниз
1786194763609,command_menu,baseline,52920.0,partial,вниз
1786194763609,command_menu,baseline,52960.0,partial,вниз
1786194763609,command_menu,baseline,53000.0,partial,вниз
1786194763609,command_menu,baseline,53040.0,partial,вниз
1786194763609,command_menu,baseline,53080.0,partial,вниз
1786194763609,command_menu,baseline,53120.0,partial,вниз
1786194763609,command_menu,baseline,53160.0,partial,вниз
1786194763609,command_menu,baseline,53200.0,partial,вниз
1786194763609,command_menu,baseline,53240.0,partial,вниз
1786194763609,command_menu,baseline,53280.0,partial,вниз
1786194763609,command_menu,baseline,53320.0,partial,вниз
1786194763609,command_menu,baseline,53360.0,partial,вниз
1786194763609,command_menu,baseline,53400.0,endpoint,вниз
1786194763609,command_menu,baseline,53880.0,partial,вверх
1786194763609,command_menu,baseline,53920.0,partial,вверх
1786194763609,command_menu,baseline,53960.0,partial,вверх
1786194763609,command_menu,baseline,54000.0,partial,вверх
1786194763609,command_menu,baseline,54040.0,partial,вверх
1786194763609,command_menu,baseline,54080.0,partial,вверх
1786194763609,command_menu,baseline,54120.0,partial,вверх
1786194763609,command_menu,baseline,54160.0,partial,вверх
1786194763609,command_menu,baseline,54200.0,partial,вверх
1786194763609,command_menu,baseline,54240.0,partial,вверх
1786194763609,command_menu,baseline,54280.0,partial,вверх
1786194763609,command_menu,baseline,54320.0,partial,вверх
1786194763609,command_menu,baseline,54360.0,partial,вверх
1786194763609,command_menu,baseline,54400.0,partial,вверх
1786194763609,command_menu,baseline,54440.0,partial,вверх
1786194763609,command_menu,baseline,54480.0,partial,вверх
1786194763609,command_menu,baseline,54520.0,partial,вверх
1786194763609,command_menu,baseline,54560.0,partial,вверх
1786194763609,command_menu,baseline,54600.0,endpoint,вверх
1786194763609,command_menu,baseline,54840.0,partial,вверх
1786194763609,command_menu,baseline,54880.0,partial,вверх
1786194763609,command_menu,baseline,54920.0,partial,вверх
1786194763609,command_menu,baseline,54960.0,partial,вверх
1786194763609,command_menu,baseline,55000.0,partial,вверх
1786194763609,command_menu,baseline,55040.0,partial,вверх
1786194763609,command_menu,baseline,55080.0,partial,вверх
1786194763609,command_menu,baseline,55120.0,partial,вверх
1786194763609,command_menu,baseline,55160.0,partial,вверх
1786194763609,command_menu,baseline,55200.0,partial,вверх
1786194763609,command_menu,baseline,55240.0,partial,вверх
1786194763609,command_menu,baseline,55280.0,partial,вверх
1786194763609,command_menu,baseline,55320.0,partial,вверх
1786194763609,command_menu,baseline,55360.0,partial,вверх
1786194763609,command_menu,baseline,55400.0,partial,вверх
1786194763609,command_menu,baseline,55440.0,partial,вверх
1786194763609,command_menu,baseline,55480.0,partial,вверх
1786194763609,command_menu,baseline,55520.0,partial,вверх
1786194763609,command_menu,baseline,55560.0,partial,вверх
1786194763609,command_menu,baseline,55600.0,partial,вверх
1786194763609,command_menu,baseline,55640.0,partial,вверх
1786194763609,command_menu,baseline,55680.0,partial,вверх
1786194763609,command_menu,baseline,55720.0,partial,вверх
1786194763609,command_menu,baseline,55760.0,partial,вверх
1786194763609,command_menu,baseline,55800.0,endpoint,вверх
1786194763609,command_menu,baseline,56040.0,partial,вверх
1786194763609,command_menu,baseline,56080.0,partial,вверх
1786194763609,command_menu,baseline,56120.0,partial,вверх
1786194763609,command_menu,baseline,56160.0,partial,вверх
1786194763609,command_menu,baseline,56200.0,partial,вверх
1786194763609,command_menu,baseline,56240.0,partial,вверх
1786194763609,command_menu,baseline,56280.0,partial,вверх
1786194763609,command_menu,baseline,56320.0,partial,вверх
1786194763609,command_menu,baseline,56360.0,partial,вверх
1786194763609,command_menu,baseline,56400.0,partial,вверх
1786194763609,command_menu,baseline,56440.0,partial,вверх
1786194763609,command_menu,baseline,56480.0,partial,вверх
1786194763609,command_menu,baseline,56520.0,partial,вверх
1786194763609,command_menu,baseline,56560.0,partial,вверх
1786194763609,command_menu,baseline,56600.0,partial,вверх
1786194763609,command_menu,baseline,56640.0,partial,вверх
1786194763609,command_menu,baseline,56680.0,partial,вверх
1786194763609,command_menu,baseline,56720.0,partial,вверх
1786194763609,command_menu,baseline,56760.0,partial,вверх
1786194763609,command_menu,baseline,56800.0,partial,вверх
1786194763609,command_menu,baseline,56840.0,partial,вверх
1786194763609,command_menu,baseline,56880.0,partial,вверх
1786194763609,command_menu,baseline,56920.0,partial,вверх
1786194763609,command_menu,baseline,56960.0,partial,вверх
1786194763609,command_menu,baseline,57000.0,endpoint,вверх
1786194763609,command_menu,baseline,58200.0,partial,печать
1786194763609,command_menu,baseline,58240.0,partial,печать
1786194763609,command_menu,baseline,58280.0,partial,печать
1786194763609,command_menu,baseline,58320.0,partial,печать
1786194763609,command_menu,baseline,58360.0,partial,печать
1786194763609,command_menu,baseline,58400.0,partial,печать
1786194763609,command_menu,baseline,58440.0,partial,печать
1786194763609,command_menu,baseline,58480.0,partial,печать
1786194763609,command_menu,baseline,58520.0,partial,печать
1786194763609,command_menu,baseline,58560.0,partial,печать
1786194763609,command_menu,baseline,58600.0,partial,печать
1786194763609,command_menu,baseline,58640.0,partial,печать
1786194763609,command_menu,baseline,58680.0,partial,печать
1786194763609,command_menu,baseline,58720.0,partial,печать
1786194763609,command_menu,baseline,58760.0,partial,печать
1786194763609,command_menu,baseline,58800.0,partial,печать
1786194763609,command_menu,baseline,58840.0,partial,печать
1786194763609,command_menu,baseline,58880.0,partial,печать
1786194763609,command_menu,baseline,58920.0,partial,печать
1786194763609,command_menu,baseline,58960.0,partial,печать
1786194763609,command_menu,baseline,59000.0,partial,печать
1786194763609,command_menu,baseline,59040.0,partial,печать
1786194763609,command_menu,baseline,59080.0,partial,печать
1786194763609,command_menu,baseline,59120.0,partial,печать
1786194763609,command_menu,baseline,59160.0,endpoint,печать
1786194763609,command_menu,baseline,65640.0,partial,печать
1786194763609,command_menu,baseline,65680.0,partial,печать
1786194763609,command_menu,baseline,65720.0,partial,печать
1786194763609,command_menu,baseline,65760.0,partial,печать
1786194763609,command_menu,baseline,65800.0,partial,печать
1786194763609,command_menu,baseline,65840.0,partial,печать
1786194763609,command_menu,baseline,65880.0,partial,печать
1786194763609,command_menu,baseline,65920.0,partial,печать
1786194763609,command_menu,baseline,65960.0,partial,печать
1786194763609,command_menu,baseline,66000.0,partial,печать
1786194763609,command_menu,baseline,66040.0,partial,печать
1786194763609,command_menu,baseline,66080.0,partial,печать
1786194763609,command_menu,baseline,66120.0,partial,печать
1786194763609,command_menu,baseline,66160.0,partial,печать
1786194763609,command_menu,baseline,66200.0,partial,печать
1786194763609,command_menu,baseline,66240.0,partial,печать
1786194763609,command_menu,baseline,66280.0,partial,печать
1786194763609,command_menu,baseline,66320.0,partial,печать
1786194763609,command_menu,baseline,66360.0,partial,печать
1786194763609,command_menu,baseline,66400.0,partial,печать
1786194763609,command_menu,baseline,66440.0,partial,печать
1786194763609,command_menu,baseline,66480.0,partial,печать
1786194763609,command_menu,baseline,66520.0,partial,печать
1786194763609,command_menu,baseline,66560.0,partial,печать
1786194763609,command_menu,baseline,66600.0,endpoint,печать
1786194763609,command_menu,baseline,70440.0,partial,печать
1786194763609,command_menu,baseline,70480.0,partial,печать
1786194763609,command_menu,baseline,70520.0,partial,печать
1786194763609,command_menu,baseline,70560.0,partial,печать
1786194763609,command_menu,baseline,70600.0,partial,печать
1786194763609,command_menu,baseline,70640.0,partial,печать
1786194763609,command_menu,baseline,70680.0,partial,печать
1786194763609,command_menu,baseline,70720.0,partial,печать
1786194763609,command_menu,baseline,70760.0,partial,печать
1786194763609,command_menu,baseline,70800.0,partial,печать
1786194763609,command_menu,baseline,70840.0,partial,печать
1786194763609,command_menu,baseline,70880.0,partial,печать
1786194763609,command_menu,baseline,70920.0,partial,печать
1786194763609,command_menu,baseline,70960.0,partial,печать
1786194763609,command_menu,baseline,71000.0,partial,печать
1786194763609,command_menu,baseline,71040.0,partial,печать
1786194763609,command_menu,baseline,71080.0,partial,печать
1786194763609,command_menu,baseline,71120.0,partial,печать
1786194763609,command_menu,baseline,71160.0,partial,печать
1786194763609,command_menu,baseline,71200.0,partial,печать
1786194763609,command_menu,baseline,71240.0,partial,печать
1786194763609,command_menu,baseline,71280.0,partial,печать
1786194763609,command_menu,baseline,71320.0,partial,печать
1786194763609,command_menu,baseline,71360.0,partial,печать
1786194763609,command_menu,baseline,71400.0,endpoint,печать
1786194763609,command_menu,baseline,73080.0,partial,доступность
1786194763609,command_menu,baseline,73120.0,partial,доступность
1786194763609,command_menu,baseline,73160.0,partial,доступность
1786194763609,command_menu,baseline,73200.0,partial,доступность
1786194763609,command_menu,baseline,73240.0,partial,доступность
1786194763609,command_menu,baseline,73280.0,partial,доступность
1786194763609,command_menu,baseline,81720.0,partial,доступность
1786194763609,command_menu,baseline,81760.0,partial,доступность
1786194763609,command_menu,baseline,81800.0,partial,доступность
1786194763609,command_menu,baseline,81840.0,partial,доступность
1786194763609,command_menu,baseline,81880.0,partial,доступность
1786194763609,command_menu,baseline,81920.0,partial,доступность
1786194763609,command_menu,baseline,94680.0,partial,печать
1786194763609,command_menu,baseline,94720.0,partial,печать
1786194763609,command_menu,baseline,94760.0,partial,печать
1786194763609,command_menu,baseline,94800.0,partial,печать
1786194763609,command_menu,baseline,94840.0,partial,печать
1786194763609,command_menu,baseline,94880.0,partial,печать
1786194763609,command_menu,baseline,110280.0,partial,доступность
1786194763609,command_menu,baseline,110320.0,partial,доступность
1786194763609,command_menu,baseline,110360.0,partial,доступность
1786194763609,command_menu,baseline,110400.0,partial,доступность
1786194763609,command_menu,baseline,110440.0,partial,доступность
1786194763609,command_menu,baseline,110480.0,partial,доступность
1786194763609,command_menu,baseline,110520.0,partial,доступность
1786194763609,command_menu,baseline,110560.0,partial,доступность
1786194763609,command_menu,baseline,110600.0,partial,доступность
1786194763609,command_menu,baseline,110640.0,partial,доступность
1786194763609,command_menu,baseline,110680.0,partial,доступность
1786194763609,command_menu,baseline,110720.0,partial,доступность
1786194763609,command_menu,baseline,110760.0,partial,доступность
1786194763609,command_menu,baseline,110800.0,partial,доступность
1786194763609,command_menu,baseline,110840.0,partial,доступность
1786194763609,command_menu,baseline,110880.0,partial,доступность
1786194763609,command_menu,baseline,110920.0,partial,доступность
1786194763609,command_menu,baseline,110960.0,partial,доступность
1786194763609,command_menu,baseline,111000.0,partial,доступность
1786194763609,command_menu,baseline,111040.0,partial,доступность
1786194763609,command_menu,baseline,111080.0,partial,доступность
1786194763609,command_menu,baseline,111120.0,partial,доступность
1786194763609,command_menu,baseline,111160.0,partial,доступность
1786194763609,command_menu,baseline,111200.0,partial,доступность
1786194763609,command_menu,baseline,111240.0,partial,доступность
1786194763609,command_menu,baseline,111280.0,partial,доступность
1786194763609,command_menu,baseline,111320.0,partial,доступность
1786194763609,command_menu,baseline,111360.0,partial,доступность
1786194763609,command_menu,baseline,111400.0,partial,доступность
1786194763609,command_menu,baseline,111440.0,partial,доступность
1786194763609,command_menu,baseline,111480.0,endpoint,доступность
1786194763609,command_menu,baseline,155640.0,partial,печать
1786194763609,command_menu,baseline,155680.0,partial,печать
1786194763609,command_menu,baseline,155720.0,partial,печать
1786194763609,command_menu,baseline,155760.0,partial,печать
1786194763609,command_menu,baseline,155800.0,partial,печать
1786194763609,command_menu,baseline,155840.0,partial,печать
1786194763609,free_text,baseline,10440.0,partial,вниз
1786194763609,free_text,baseline,10480.0,partial,вниз
1786194763609,free_text,baseline,10520.0,partial,вниз
1786194763609,free_text,baseline,10560.0,partial,вниз
1786194763609,free_text,baseline,10600.0,partial,вниз
1786194763609,free_text,baseline,10640.0,partial,вниз
1786194763609,free_text,baseline,10680.0,partial,вниз
1786194763609,free_text,baseline,10720.0,partial,вниз
1786194763609,free_text,baseline,10760.0,partial,вниз
1786194763609,free_text,baseline,10800.0,partial,вниз
1786194763609,free_text,baseline,10840.0,partial,вниз
1786194763609,free_text,baseline,10880.0,partial,вниз
1786194763609,free_text,baseline,10920.0,partial,вниз
1786194763609,free_text,baseline,10960.0,partial,вниз
1786194763609,free_text,baseline,11000.0,partial,вниз
1786194763609,free_text,baseline,11040.0,partial,вниз
1786194763609,free_text,baseline,11080.0,partial,вниз
1786194763609,free_text,baseline,11120.0,partial,вниз
1786194763609,free_text,baseline,11160.0,endpoint,вниз
1786194763609,free_text,baseline,14280.0,partial,вниз
1786194763609,free_text,baseline,14320.0,partial,вниз
1786194763609,free_text,baseline,14360.0,partial,вниз
1786194763609,free_text,baseline,14400.0,partial,вниз
1786194763609,free_text,baseline,14440.0,partial,вниз
1786194763609,free_text,baseline,14480.0,partial,вниз
1786194763609,free_text,baseline,14520.0,partial,вниз
1786194763609,free_text,baseline,14560.0,partial,вниз
1786194763609,free_text,baseline,14600.0,partial,вниз
1786194763609,free_text,baseline,14640.0,partial,вниз
1786194763609,free_text,baseline,14680.0,partial,вниз
1786194763609,free_text,baseline,14720.0,partial,вниз
1786194763609,free_text,baseline,14760.0,partial,вниз
1786194763609,free_text,baseline,14800.0,partial,вниз
1786194763609,free_text,baseline,14840.0,partial,вниз
1786194763609,free_text,baseline,14880.0,partial,вниз
1786194763609,free_text,baseline,14920.0,partial,вниз
1786194763609,free_text,baseline,14960.0,partial,вниз
1786194763609,free_text,baseline,15000.0,endpoint,вниз
1786194763609,free_text,baseline,16200.0,partial,вверх
1786194763609,free_text,baseline,16240.0,partial,вверх
1786194763609,free_text,baseline,16280.0,partial,вверх
1786194763609,free_text,baseline,16320.0,partial,вверх
1786194763609,free_text,baseline,16360.0,partial,вверх
1786194763609,free_text,baseline,16400.0,partial,вверх
1786194763609,free_text,baseline,16440.0,partial,вверх
1786194763609,free_text,baseline,16480.0,partial,вверх
1786194763609,free_text,baseline,16520.0,partial,вверх
1786194763609,free_text,baseline,16560.0,partial,вверх
1786194763609,free_text,baseline,16600.0,partial,вверх
1786194763609,free_text,baseline,16640.0,partial,вверх
1786194763609,free_text,baseline,16680.0,endpoint,вверх
1786194763609,free_text,baseline,18360.0,partial,вверх
1786194763609,free_text,baseline,18400.0,partial,вверх
1786194763609,free_text,baseline,18440.0,partial,вверх
1786194763609,free_text,baseline,18480.0,partial,вверх
1786194763609,free_text,baseline,18520.0,partial,вверх
1786194763609,free_text,baseline,18560.0,partial,вверх
1786194763609,free_text,baseline,18600.0,partial,вверх
1786194763609,free_text,baseline,18640.0,partial,вверх
1786194763609,free_text,baseline,18680.0,partial,вверх
1786194763609,free_text,baseline,18720.0,partial,вверх
1786194763609,free_text,baseline,18760.0,partial,вверх
1786194763609,free_text,baseline,18800.0,partial,вверх
1786194763609,free_text,baseline,18840.0,endpoint,вверх
1786194763609,free_text,baseline,25320.0,partial,вниз
1786194763609,free_text,baseline,25360.0,partial,вниз
1786194763609,free_text,baseline,25400.0,partial,вниз
1786194763609,free_text,baseline,25440.0,partial,вниз
1786194763609,free_text,baseline,25480.0,partial,вниз
1786194763609,free_text,baseline,25520.0,partial,вниз
1786194763609,free_text,baseline,25560.0,partial,вниз
1786194763609,free_text,baseline,25600.0,partial,вниз
1786194763609,free_text,baseline,25640.0,partial,вниз
1786194763609,free_text,baseline,25680.0,partial,вниз
1786194763609,free_text,baseline,25720.0,partial,вниз
1786194763609,free_text,baseline,25760.0,partial,вниз
1786194763609,free_text,baseline,25800.0,partial,вниз
1786194763609,free_text,baseline,25840.0,partial,вниз
1786194763609,free_text,baseline,25880.0,partial,вниз
1786194763609,free_text,baseline,25920.0,partial,вниз
1786194763609,free_text,baseline,25960.0,partial,вниз
1786194763609,free_text,baseline,26000.0,partial,вниз
1786194763609,free_text,baseline,26040.0,endpoint,вниз
1786194763609,free_text,baseline,26520.0,partial,вниз
1786194763609,free_text,baseline,26560.0,partial,вниз
1786194763609,free_text,baseline,26600.0,partial,вниз
1786194763609,free_text,baseline,26640.0,partial,вниз
1786194763609,free_text,baseline,26680.0,partial,вниз
1786194763609,free_text,baseline,26720.0,partial,вниз
1786194763609,free_text,baseline,26760.0,partial,вниз
1786194763609,free_text,baseline,26800.0,partial,вниз
1786194763609,free_text,baseline,26840.0,partial,вниз
1786194763609,free_text,baseline,26880.0,partial,вниз
1786194763609,free_text,baseline,26920.0,partial,вниз
1786194763609,free_text,baseline,26960.0,partial,вниз
1786194763609,free_text,baseline,27000.0,partial,вниз
1786194763609,free_text,baseline,27040.0,partial,вниз
1786194763609,free_text,baseline,27080.0,partial,вниз
1786194763609,free_text,baseline,27120.0,partial,вниз
1786194763609,free_text,baseline,27160.0,partial,вниз
1786194763609,free_text,baseline,27200.0,partial,вниз
1786194763609,free_text,baseline,27240.0,endpoint,вниз
1786194763609,free_text,baseline,27960.0,partial,вниз
1786194763609,free_text,baseline,28000.0,partial,вниз
1786194763609,free_text,baseline,28040.0,partial,вниз
1786194763609,free_text,baseline,28080.0,partial,вниз
1786194763609,free_text,baseline,28120.0,partial,вниз
1786194763609,free_text,baseline,28160.0,partial,вниз
1786194763609,free_text,baseline,28200.0,partial,вниз
1786194763609,free_text,baseline,28240.0,partial,вниз
1786194763609,free_text,baseline,28280.0,partial,вниз
1786194763609,free_text,baseline,28320.0,partial,вниз
1786194763609,free_text,baseline,28360.0,partial,вниз
1786194763609,free_text,baseline,28400.0,partial,вниз
1786194763609,free_text,baseline,28440.0,endpoint,вниз
1786194763609,free_text,baseline,46920.0,partial,вверх
1786194763609,free_text,baseline,46960.0,partial,вверх
1786194763609,free_text,baseline,47000.0,partial,вверх
1786194763609,free_text,baseline,47040.0,partial,вверх
1786194763609,free_text,baseline,47080.0,partial,вверх
1786194763609,free_text,baseline,47120.0,partial,вверх
1786194763609,free_text,baseline,47160.0,partial,вверх
1786194763609,free_text,baseline,47200.0,partial,вверх
1786194763609,free_text,baseline,47240.0,partial,вверх
1786194763609,free_text,baseline,47280.0,partial,вверх
1786194763609,free_text,baseline,47320.0,partial,вверх
1786194763609,free_text,baseline,47360.0,partial,вверх
1786194763609,free_text,baseline,47400.0,endpoint,вверх
1786194763609,free_text,baseline,47880.0,partial,вверх
1786194763609,free_text,baseline,47920.0,partial,вверх
1786194763609,free_text,baseline,47960.0,partial,вверх
1786194763609,free_text,baseline,48000.0,partial,вверх
1786194763609,free_text,baseline,48040.0,partial,вверх
1786194763609,free_text,baseline,48080.0,partial,вверх
1786194763609,free_text,baseline,48120.0,partial,вверх
1786194763609,free_text,baseline,48160.0,partial,вверх
1786194763609,free_text,baseline,48200.0,partial,вверх
1786194763609,free_text,baseline,48240.0,partial,вверх
1786194763609,free_text,baseline,48280.0,partial,вверх
1786194763609,free_text,baseline,48320.0,partial,вверх
1786194763609,free_text,baseline,48360.0,endpoint,вверх
1786194763609,free_text,baseline,50520.0,partial,вниз
1786194763609,free_text,baseline,50560.0,partial,вниз
1786194763609,free_text,baseline,50600.0,partial,вниз
1786194763609,free_text,baseline,50640.0,partial,вниз
1786194763609,free_text,baseline,50680.0,partial,вниз
1786194763609,free_text,baseline,50720.0,partial,вниз
1786194763609,free_text,baseline,50760.0,partial,вниз
1786194763609,free_text,baseline,50800.0,partial,вниз
1786194763609,free_text,baseline,50840.0,partial,вниз
1786194763609,free_text,baseline,50880.0,partial,вниз
1786194763609,free_text,baseline,50920.0,partial,вниз
1786194763609,free_text,baseline,50960.0,partial,вниз
1786194763609,free_text,baseline,51000.0,partial,вниз
1786194763609,free_text,baseline,51040.0,partial,вниз
1786194763609,free_text,baseline,51080.0,partial,вниз
1786194763609,free_text,baseline,51120.0,partial,вниз
1786194763609,free_text,baseline,51160.0,partial,вниз
1786194763609,free_text,baseline,51200.0,partial,вниз
1786194763609,free_text,baseline,51240.0,partial,вниз в
1786194763609,free_text,baseline,51280.0,partial,вниз в
1786194763609,free_text,baseline,51320.0,partial,вниз в
1786194763609,free_text,baseline,51360.0,partial,вниз в
1786194763609,free_text,baseline,51400.0,partial,вниз в
1786194763609,free_text,baseline,51440.0,partial,вниз в
1786194763609,free_text,baseline,51480.0,partial,вниз вниз
1786194763609,free_text,baseline,51520.0,partial,вниз вниз
1786194763609,free_text,baseline,51560.0,partial,вниз вниз
1786194763609,free_text,baseline,51600.0,partial,вниз вниз
1786194763609,free_text,baseline,51640.0,partial,вниз вниз
1786194763609,free_text,baseline,51680.0,partial,вниз вниз
1786194763609,free_text,baseline,51720.0,partial,вниз вниз
1786194763609,free_text,baseline,51760.0,partial,вниз вниз
1786194763609,free_text,baseline,51800.0,partial,вниз вниз
1786194763609,free_text,baseline,51840.0,partial,вниз вниз
1786194763609,free_text,baseline,51880.0,partial,вниз вниз
1786194763609,free_text,baseline,51920.0,partial,вниз вниз
1786194763609,free_text,baseline,51960.0,partial,вниз вниз
1786194763609,free_text,baseline,52000.0,partial,вниз вниз
1786194763609,free_text,baseline,52040.0,partial,вниз вниз
1786194763609,free_text,baseline,52080.0,partial,вниз вниз
1786194763609,free_text,baseline,52120.0,partial,вниз вниз
1786194763609,free_text,baseline,52160.0,partial,вниз вниз
1786194763609,free_text,baseline,52200.0,endpoint,вниз вниз
1786194763609,free_text,baseline,52680.0,partial,вниз
1786194763609,free_text,baseline,52720.0,partial,вниз
1786194763609,free_text,baseline,52760.0,partial,вниз
1786194763609,free_text,baseline,52800.0,partial,вниз
1786194763609,free_text,baseline,52840.0,partial,вниз
1786194763609,free_text,baseline,52880.0,partial,вниз
1786194763609,free_text,baseline,52920.0,partial,вниз
1786194763609,free_text,baseline,52960.0,partial,вниз
1786194763609,free_text,baseline,53000.0,partial,вниз
1786194763609,free_text,baseline,53040.0,partial,вниз
1786194763609,free_text,baseline,53080.0,partial,вниз
1786194763609,free_text,baseline,53120.0,partial,вниз
1786194763609,free_text,baseline,53160.0,partial,вниз
1786194763609,free_text,baseline,53200.0,partial,вниз
1786194763609,free_text,baseline,53240.0,partial,вниз
1786194763609,free_text,baseline,53280.0,partial,вниз
1786194763609,free_text,baseline,53320.0,partial,вниз
1786194763609,free_text,baseline,53360.0,partial,вниз
1786194763609,free_text,baseline,53400.0,endpoint,вниз
1786194763609,free_text,baseline,56280.0,partial,вверх
1786194763609,free_text,baseline,56320.0,partial,вверх
1786194763609,free_text,baseline,56360.0,partial,вверх
1786194763609,free_text,baseline,56400.0,partial,вверх
1786194763609,free_text,baseline,56440.0,partial,вверх
1786194763609,free_text,baseline,56480.0,partial,вверх
1786194763609,free_text,baseline,56520.0,partial,вверх
1786194763609,free_text,baseline,56560.0,partial,вверх
1786194763609,free_text,baseline,56600.0,partial,вверх
1786194763609,free_text,baseline,56640.0,partial,вверх
1786194763609,free_text,baseline,56680.0,partial,вверх
1786194763609,free_text,baseline,56720.0,partial,вверх
1786194763609,free_text,baseline,56760.0,partial,вверх
1786194763609,free_text,baseline,56800.0,partial,вверх
1786194763609,free_text,baseline,56840.0,partial,вверх
1786194763609,free_text,baseline,56880.0,partial,вверх
1786194763609,free_text,baseline,56920.0,partial,вверх
1786194763609,free_text,baseline,56960.0,partial,вверх
1786194763609,free_text,baseline,57000.0,endpoint,вверх
1786194763609,free_text,baseline,58680.0,partial,печать
1786194763609,free_text,baseline,58720.0,partial,печать
1786194763609,free_text,baseline,58760.0,partial,печать
1786194763609,free_text,baseline,58800.0,partial,печать
1786194763609,free_text,baseline,58840.0,partial,печать
1786194763609,free_text,baseline,58880.0,partial,печать
1786194763609,free_text,baseline,58920.0,partial,печать
1786194763609,free_text,baseline,58960.0,partial,печать
1786194763609,free_text,baseline,59000.0,partial,печать
1786194763609,free_text,baseline,59040.0,partial,печать
1786194763609,free_text,baseline,59080.0,partial,печать
1786194763609,free_text,baseline,59120.0,partial,печать
1786194763609,free_text,baseline,59160.0,partial,печать
1786194763609,free_text,baseline,59200.0,partial,печать
1786194763609,free_text,baseline,59240.0,partial,печать
1786194763609,free_text,baseline,59280.0,partial,печать
1786194763609,free_text,baseline,59320.0,partial,печать
1786194763609,free_text,baseline,59360.0,partial,печать
1786194763609,free_text,baseline,59400.0,partial,печать
1786194763609,free_text,baseline,59440.0,partial,печать
1786194763609,free_text,baseline,59480.0,partial,печать
1786194763609,free_text,baseline,59520.0,partial,печать
1786194763609,free_text,baseline,59560.0,partial,печать
1786194763609,free_text,baseline,59600.0,partial,печать
1786194763609,free_text,baseline,59640.0,endpoint,печать
1786194763609,free_text,baseline,61080.0,partial,белый
1786194763609,free_text,baseline,61120.0,partial,белый
1786194763609,free_text,baseline,61160.0,partial,белый
1786194763609,free_text,baseline,61200.0,partial,белый
1786194763609,free_text,baseline,61240.0,partial,белый
1786194763609,free_text,baseline,61280.0,partial,белый
1786194763609,free_text,baseline,61320.0,partial,белый
1786194763609,free_text,baseline,61360.0,partial,белый
1786194763609,free_text,baseline,61400.0,partial,белый
1786194763609,free_text,baseline,61440.0,partial,белый
1786194763609,free_text,baseline,61480.0,partial,белый
1786194763609,free_text,baseline,61520.0,partial,белый
1786194763609,free_text,baseline,61560.0,partial,белый
1786194763609,free_text,baseline,61600.0,partial,белый
1786194763609,free_text,baseline,61640.0,partial,белый
1786194763609,free_text,baseline,61680.0,partial,белый
1786194763609,free_text,baseline,61720.0,partial,белый
1786194763609,free_text,baseline,61760.0,partial,белый
1786194763609,free_text,baseline,61800.0,partial,белый
1786194763609,free_text,baseline,61840.0,partial,белый
1786194763609,free_text,baseline,61880.0,partial,белый
1786194763609,free_text,baseline,61920.0,partial,белый
1786194763609,free_text,baseline,61960.0,partial,белый
1786194763609,free_text,baseline,62000.0,partial,белый
1786194763609,free_text,baseline,62040.0,partial,белый
1786194763609,free_text,baseline,62080.0,partial,белый
1786194763609,free_text,baseline,62120.0,partial,белый
1786194763609,free_text,baseline,62160.0,partial,белый
1786194763609,free_text,baseline,62200.0,partial,белый
1786194763609,free_text,baseline,62240.0,partial,белый
1786194763609,free_text,baseline,62280.0,endpoint,белый
1786194763609,free_text,baseline,63480.0,partial,назад
1786194763609,free_text,baseline,63520.0,partial,назад
1786194763609,free_text,baseline,63560.0,partial,назад
1786194763609,free_text,baseline,63600.0,partial,назад
1786194763609,free_text,baseline,63640.0,partial,назад
1786194763609,free_text,baseline,63680.0,partial,назад
1786194763609,free_text,baseline,63720.0,partial,назад
1786194763609,free_text,baseline,63760.0,partial,назад
1786194763609,free_text,baseline,63800.0,partial,назад
1786194763609,free_text,baseline,63840.0,partial,назад
1786194763609,free_text,baseline,63880.0,partial,назад
1786194763609,free_text,baseline,63920.0,partial,назад
1786194763609,free_text,baseline,63960.0,endpoint,назад
1786194763609,free_text,baseline,66120.0,partial,же печать
1786194763609,free_text,baseline,66160.0,partial,же печать
1786194763609,free_text,baseline,66200.0,partial,же печать
1786194763609,free_text,baseline,66240.0,partial,же печать
1786194763609,free_text,baseline,66280.0,partial,же печать
1786194763609,free_text,baseline,66320.0,partial,же печать
1786194763609,free_text,baseline,66360.0,partial,же печать
1786194763609,free_text,baseline,66400.0,partial,же печать
1786194763609,free_text,baseline,66440.0,partial,же печать
1786194763609,free_text,baseline,66480.0,partial,же печать
1786194763609,free_text,baseline,66520.0,partial,же печать
1786194763609,free_text,baseline,66560.0,partial,же печать
1786194763609,free_text,baseline,66600.0,partial,же печать
1786194763609,free_text,baseline,66640.0,partial,же печать
1786194763609,free_text,baseline,66680.0,partial,же печать
1786194763609,free_text,baseline,66720.0,partial,же печать
1786194763609,free_text,baseline,66760.0,partial,же печать
1786194763609,free_text,baseline,66800.0,partial,же печать
1786194763609,free_text,baseline,66840.0,partial,же печать
1786194763609,free_text,baseline,66880.0,partial,же печать
1786194763609,free_text,baseline,66920.0,partial,же печать
1786194763609,free_text,baseline,66960.0,partial,же печать
1786194763609,free_text,baseline,67000.0,partial,же печать
1786194763609,free_text,baseline,67040.0,partial,же печать
1786194763609,free_text,baseline,67080.0,partial,же печать
1786194763609,free_text,baseline,67120.0,partial,же печать
1786194763609,free_text,baseline,67160.0,partial,же печать
1786194763609,free_text,baseline,67200.0,partial,же печать
1786194763609,free_text,baseline,67240.0,partial,же печать
1786194763609,free_text,baseline,67280.0,partial,же печать
1786194763609,free_text,baseline,67320.0,endpoint,же печать
1786194763609,free_text,baseline,70920.0,partial,печать
1786194763609,free_text,baseline,70960.0,partial,печать
1786194763609,free_text,baseline,71000.0,partial,печать
1786194763609,free_text,baseline,71040.0,partial,печать
1786194763609,free_text,baseline,71080.0,partial,печать
1786194763609,free_text,baseline,71120.0,partial,печать
1786194763609,free_text,baseline,71160.0,partial,печать
1786194763609,free_text,baseline,71200.0,partial,печать
1786194763609,free_text,baseline,71240.0,partial,печать
1786194763609,free_text,baseline,71280.0,partial,печать
1786194763609,free_text,baseline,71320.0,partial,печать
1786194763609,free_text,baseline,71360.0,partial,печать
1786194763609,free_text,baseline,71400.0,partial,печать
1786194763609,free_text,baseline,71440.0,partial,печать
1786194763609,free_text,baseline,71480.0,partial,печать
1786194763609,free_text,baseline,71520.0,partial,печать
1786194763609,free_text,baseline,71560.0,partial,печать
1786194763609,free_text,baseline,71600.0,partial,печать
1786194763609,free_text,baseline,71640.0,partial,печать
1786194763609,free_text,baseline,71680.0,partial,печать
1786194763609,free_text,baseline,71720.0,partial,печать
1786194763609,free_text,baseline,71760.0,partial,печать
1786194763609,free_text,baseline,71800.0,partial,печать
1786194763609,free_text,baseline,71840.0,partial,печать
1786194763609,free_text,baseline,71880.0,endpoint,печать
1786194763609,free_text,baseline,73320.0,partial,жёлтый
1786194763609,free_text,baseline,73360.0,partial,жёлтый
1786194763609,free_text,baseline,73400.0,partial,жёлтый
1786194763609,free_text,baseline,73440.0,partial,жёлтый
1786194763609,free_text,baseline,73480.0,partial,жёлтый
1786194763609,free_text,baseline,73520.0,partial,жёлтый
1786194763609,free_text,baseline,73560.0,partial,жёлтый
1786194763609,free_text,baseline,73600.0,partial,жёлтый
1786194763609,free_text,baseline,73640.0,partial,жёлтый
1786194763609,free_text,baseline,73680.0,partial,жёлтый
1786194763609,free_text,baseline,73720.0,partial,жёлтый
1786194763609,free_text,baseline,73760.0,partial,жёлтый
1786194763609,free_text,baseline,73800.0,partial,жёлтый
1786194763609,free_text,baseline,73840.0,partial,жёлтый
1786194763609,free_text,baseline,73880.0,partial,жёлтый
1786194763609,free_text,baseline,73920.0,partial,жёлтый
1786194763609,free_text,baseline,73960.0,partial,жёлтый
1786194763609,free_text,baseline,74000.0,partial,жёлтый
1786194763609,free_text,baseline,74040.0,partial,жёлтый
1786194763609,free_text,baseline,74080.0,partial,жёлтый
1786194763609,free_text,baseline,74120.0,partial,жёлтый
1786194763609,free_text,baseline,74160.0,partial,жёлтый
1786194763609,free_text,baseline,74200.0,partial,жёлтый
1786194763609,free_text,baseline,74240.0,partial,жёлтый
1786194763609,free_text,baseline,74280.0,partial,жёлтый
1786194763609,free_text,baseline,74320.0,partial,жёлтый
1786194763609,free_text,baseline,74360.0,partial,жёлтый
1786194763609,free_text,baseline,74400.0,partial,жёлтый
1786194763609,free_text,baseline,74440.0,partial,жёлтый
1786194763609,free_text,baseline,74480.0,partial,жёлтый
1786194763609,free_text,baseline,74520.0,endpoint,жёлтый
1786194763609,free_text,baseline,82200.0,partial,жёлтый
1786194763609,free_text,baseline,82240.0,partial,жёлтый
1786194763609,free_text,baseline,82280.0,partial,жёлтый
1786194763609,free_text,baseline,82320.0,partial,жёлтый
1786194763609,free_text,baseline,82360.0,partial,жёлтый
1786194763609,free_text,baseline,82400.0,partial,жёлтый
1786194763609,free_text,baseline,82440.0,partial,жёлтый
1786194763609,free_text,baseline,82480.0,partial,жёлтый
1786194763609,free_text,baseline,82520.0,partial,жёлтый
1786194763609,free_text,baseline,82560.0,partial,жёлтый
1786194763609,free_text,baseline,82600.0,partial,жёлтый
1786194763609,free_text,baseline,82640.0,partial,жёлтый
1786194763609,free_text,baseline,82680.0,partial,жёлтый
1786194763609,free_text,baseline,82720.0,partial,жёлтый
1786194763609,free_text,baseline,82760.0,partial,жёлтый
1786194763609,free_text,baseline,82800.0,partial,жёлтый
1786194763609,free_text,baseline,82840.0,partial,жёлтый
1786194763609,free_text,baseline,82880.0,partial,жёлтый
1786194763609,free_text,baseline,82920.0,partial,жёлтый
1786194763609,free_text,baseline,82960.0,partial,жёлтый
1786194763609,free_text,baseline,83000.0,partial,жёлтый
1786194763609,free_text,baseline,83040.0,partial,жёлтый
1786194763609,free_text,baseline,83080.0,partial,жёлтый
1786194763609,free_text,baseline,83120.0,partial,жёлтый
1786194763609,free_text,baseline,83160.0,endpoint,жёлтый
1786194763609,free_text,baseline,89640.0,partial,жёлтый
1786194763609,free_text,baseline,89680.0,partial,жёлтый
1786194763609,free_text,baseline,89720.0,partial,жёлтый
1786194763609,free_text,baseline,89760.0,partial,жёлтый
1786194763609,free_text,baseline,89800.0,partial,жёлтый
1786194763609,free_text,baseline,89840.0,partial,жёлтый
1786194763609,free_text,baseline,89880.0,partial,жёлтый
1786194763609,free_text,baseline,89920.0,partial,жёлтый
1786194763609,free_text,baseline,89960.0,partial,жёлтый
1786194763609,free_text,baseline,90000.0,partial,жёлтый
1786194763609,free_text,baseline,90040.0,partial,жёлтый
1786194763609,free_text,baseline,90080.0,partial,жёлтый
1786194763609,free_text,baseline,90120.0,partial,жёлтый
1786194763609,free_text,baseline,90160.0,partial,жёлтый
1786194763609,free_text,baseline,90200.0,partial,жёлтый
1786194763609,free_text,baseline,90240.0,partial,жёлтый
1786194763609,free_text,baseline,90280.0,partial,жёлтый
1786194763609,free_text,baseline,90320.0,partial,жёлтый
1786194763609,free_text,baseline,90360.0,partial,жёлтый
1786194763609,free_text,baseline,90400.0,partial,жёлтый
1786194763609,free_text,baseline,90440.0,partial,жёлтый
1786194763609,free_text,baseline,90480.0,partial,жёлтый
1786194763609,free_text,baseline,90520.0,partial,жёлтый
1786194763609,free_text,baseline,90560.0,partial,жёлтый
1786194763609,free_text,baseline,90600.0,endpoint,жёлтый
1786194763609,free_text,baseline,94920.0,partial,белый
1786194763609,free_text,baseline,94960.0,partial,белый
1786194763609,free_text,baseline,95000.0,partial,белый
1786194763609,free_text,baseline,95040.0,partial,белый
1786194763609,free_text,baseline,95080.0,partial,белый
1786194763609,free_text,baseline,95120.0,partial,белый
1786194763609,free_text,baseline,95160.0,partial,белый
1786194763609,free_text,baseline,95200.0,partial,белый
1786194763609,free_text,baseline,95240.0,partial,белый
1786194763609,free_text,baseline,95280.0,partial,белый
1786194763609,free_text,baseline,95320.0,partial,белый
1786194763609,free_text,baseline,95360.0,partial,белый
1786194763609,free_text,baseline,95400.0,partial,белый
1786194763609,free_text,baseline,95440.0,partial,белый
1786194763609,free_text,baseline,95480.0,partial,белый
1786194763609,free_text,baseline,95520.0,partial,белый
1786194763609,free_text,baseline,95560.0,partial,белый
1786194763609,free_text,baseline,95600.0,partial,белый
1786194763609,free_text,baseline,95640.0,partial,белый
1786194763609,free_text,baseline,95680.0,partial,белый
1786194763609,free_text,baseline,95720.0,partial,белый
1786194763609,free_text,baseline,95760.0,partial,белый
1786194763609,free_text,baseline,95800.0,partial,белый
1786194763609,free_text,baseline,95840.0,partial,белый
1786194763609,free_text,baseline,95880.0,partial,белый
1786194763609,free_text,baseline,95920.0,partial,белый
1786194763609,free_text,baseline,95960.0,partial,белый
1786194763609,free_text,baseline,96000.0,partial,белый
1786194763609,free_text,baseline,96040.0,partial,белый
1786194763609,free_text,baseline,96080.0,partial,белый
1786194763609,free_text,baseline,96120.0,endpoint,белый
1786194763609,free_text,baseline,98280.0,partial,назад
1786194763609,free_text,baseline,98320.0,partial,назад
1786194763609,free_text,baseline,98360.0,partial,назад
1786194763609,free_text,baseline,98400.0,partial,назад
1786194763609,free_text,baseline,98440.0,partial,назад
1786194763609,free_text,baseline,98480.0,partial,назад
1786194763609,free_text,baseline,98520.0,partial,назад
1786194763609,free_text,baseline,98560.0,partial,назад
1786194763609,free_text,baseline,98600.0,partial,назад
1786194763609,free_text,baseline,98640.0,partial,назад
1786194763609,free_text,baseline,98680.0,partial,назад
1786194763609,free_text,baseline,98720.0,partial,назад
1786194763609,free_text,baseline,98760.0,endpoint,назад
1786194763609,free_text,baseline,105240.0,partial,назад
1786194763609,free_text,baseline,105280.0,partial,назад
1786194763609,free_text,baseline,105320.0,partial,назад
1786194763609,free_text,baseline,105360.0,partial,назад
1786194763609,free_text,baseline,105400.0,partial,назад
1786194763609,free_text,baseline,105440.0,partial,назад
1786194763609,free_text,baseline,105480.0,partial,назад
1786194763609,free_text,baseline,105520.0,partial,назад
1786194763609,free_text,baseline,105560.0,partial,назад
1786194763609,free_text,baseline,105600.0,partial,назад
1786194763609,free_text,baseline,105640.0,partial,назад
1786194763609,free_text,baseline,105680.0,partial,назад
1786194763609,free_text,baseline,105720.0,partial,назад
1786194763609,free_text,baseline,105760.0,partial,назад
1786194763609,free_text,baseline,105800.0,partial,назад
1786194763609,free_text,baseline,105840.0,partial,назад
1786194763609,free_text,baseline,105880.0,partial,назад
1786194763609,free_text,baseline,105920.0,partial,назад
1786194763609,free_text,baseline,105960.0,endpoint,назад
1786194763609,free_text,baseline,107880.0,partial,назад
1786194763609,free_text,baseline,107920.0,partial,назад
1786194763609,free_text,baseline,107960.0,partial,назад
1786194763609,free_text,baseline,108000.0,partial,назад
1786194763609,free_text,baseline,108040.0,partial,назад
1786194763609,free_text,baseline,108080.0,partial,назад
1786194763609,free_text,baseline,108120.0,partial,назад
1786194763609,free_text,baseline,108160.0,partial,назад
1786194763609,free_text,baseline,108200.0,partial,назад
1786194763609,free_text,baseline,108240.0,partial,назад
1786194763609,free_text,baseline,108280.0,partial,назад
1786194763609,free_text,baseline,108320.0,partial,назад
1786194763609,free_text,baseline,108360.0,partial,назад
1786194763609,free_text,baseline,108400.0,partial,назад
1786194763609,free_text,baseline,108440.0,partial,назад
1786194763609,free_text,baseline,108480.0,partial,назад
1786194763609,free_text,baseline,108520.0,partial,назад
1786194763609,free_text,baseline,108560.0,partial,назад
1786194763609,free_text,baseline,108600.0,endpoint,назад
1786194763609,free_text,baseline,111000.0,partial,доступность
1786194763609,free_text,baseline,111040.0,partial,доступность
1786194763609,free_text,baseline,111080.0,partial,доступность
1786194763609,free_text,baseline,111120.0,partial,доступность
1786194763609,free_text,baseline,111160.0,partial,доступность
1786194763609,free_text,baseline,111200.0,partial,доступность
1786194763609,free_text,baseline,111240.0,partial,доступность
1786194763609,free_text,baseline,111280.0,partial,доступность
1786194763609,free_text,baseline,111320.0,partial,доступность
1786194763609,free_text,baseline,111360.0,partial,доступность
1786194763609,free_text,baseline,111400.0,partial,доступность
1786194763609,free_text,baseline,111440.0,partial,доступность
1786194763609,free_text,baseline,111480.0,partial,доступность
1786194763609,free_text,baseline,111520.0,partial,доступность
1786194763609,free_text,baseline,111560.0,partial,доступность
1786194763609,free_text,baseline,111600.0,partial,доступность
1786194763609,free_text,baseline,111640.0,partial,доступность
1786194763609,free_text,baseline,111680.0,partial,доступность
1786194763609,free_text,baseline,111720.0,partial,доступность
1786194763609,free_text,baseline,111760.0,partial,доступность
1786194763609,free_text,baseline,111800.0,partial,доступность
1786194763609,free_text,baseline,111840.0,partial,доступность
1786194763609,free_text,baseline,111880.0,partial,доступность
1786194763609,free_text,baseline,111920.0,partial,доступность
1786194763609,free_text,baseline,111960.0,endpoint,доступность
1786194763609,free_text,baseline,113400.0,partial,список
1786194763609,free_text,baseline,113440.0,partial,список
1786194763609,free_text,baseline,113480.0,partial,список
1786194763609,free_text,baseline,113520.0,partial,список
1786194763609,free_text,baseline,113560.0,partial,список
1786194763609,free_text,baseline,113600.0,partial,список
1786194763609,free_text,baseline,113640.0,partial,список
1786194763609,free_text,baseline,113680.0,partial,список
1786194763609,free_text,baseline,113720.0,partial,список
1786194763609,free_text,baseline,113760.0,partial,список
1786194763609,free_text,baseline,113800.0,partial,список
1786194763609,free_text,baseline,113840.0,partial,список
1786194763609,free_text,baseline,113880.0,partial,список
1786194763609,free_text,baseline,113920.0,partial,список
1786194763609,free_text,baseline,113960.0,partial,список
1786194763609,free_text,baseline,114000.0,partial,список
1786194763609,free_text,baseline,114040.0,partial,список
1786194763609,free_text,baseline,114080.0,partial,список
1786194763609,free_text,baseline,114120.0,partial,список
1786194763609,free_text,baseline,114160.0,partial,список
1786194763609,free_text,baseline,114200.0,partial,список
1786194763609,free_text,baseline,114240.0,partial,список
1786194763609,free_text,baseline,114280.0,partial,список
1786194763609,free_text,baseline,114320.0,partial,список
1786194763609,free_text,baseline,114360.0,partial,список
1786194763609,free_text,baseline,114400.0,partial,список
1786194763609,free_text,baseline,114440.0,partial,список
1786194763609,free_text,baseline,114480.0,partial,список
1786194763609,free_text,baseline,114520.0,partial,список
1786194763609,free_text,baseline,114560.0,partial,список
1786194763609,free_text,baseline,114600.0,partial,список
1786194763609,free_text,baseline,114640.0,partial,список
1786194763609,free_text,baseline,114680.0,partial,список
1786194763609,free_text,baseline,114720.0,partial,список
1786194763609,free_text,baseline,114760.0,partial,список
1786194763609,free_text,baseline,114800.0,partial,список
1786194763609,free_text,baseline,114840.0,endpoint,список
1786194763609,free_text,baseline,150840.0,partial,назад
1786194763609,free_text,baseline,150880.0,partial,назад
1786194763609,free_text,baseline,150920.0,partial,назад
1786194763609,free_text,baseline,150960.0,partial,назад
1786194763609,free_text,baseline,151000.0,partial,назад
1786194763609,free_text,baseline,151040.0,partial,назад
1786194763609,free_text,baseline,151080.0,partial,назад
1786194763609,free_text,baseline,151120.0,partial,назад
1786194763609,free_text,baseline,151160.0,partial,назад
1786194763609,free_text,baseline,151200.0,partial,назад
1786194763609,free_text,baseline,151240.0,partial,назад
1786194763609,free_text,baseline,151280.0,partial,назад
1786194763609,free_text,baseline,151320.0,endpoint,назад
1786194763609,free_text,baseline,155880.0,partial,список
1786194763609,free_text,baseline,155920.0,partial,список
1786194763609,free_text,baseline,155960.0,partial,список
1786194763609,free_text,baseline,156000.0,partial,список
1786194763609,free_text,baseline,156040.0,partial,список
1786194763609,free_text,baseline,156080.0,partial,список
1786194763609,free_text,baseline,156120.0,partial,список
1786194763609,free_text,baseline,156160.0,partial,список
1786194763609,free_text,baseline,156200.0,partial,список
1786194763609,free_text,baseline,156240.0,partial,список
1786194763609,free_text,baseline,156280.0,partial,список
1786194763609,free_text,baseline,156320.0,partial,список
1786194763609,free_text,baseline,156360.0,partial,список
1786194763609,free_text,baseline,156400.0,partial,список
1786194763609,free_text,baseline,156440.0,partial,список
1786194763609,free_text,baseline,156480.0,partial,список
1786194763609,free_text,baseline,156520.0,partial,список
1786194763609,free_text,baseline,156560.0,partial,список
1786194763609,free_text,baseline,156600.0,partial,список
1786194763609,free_text,baseline,156640.0,partial,список
1786194763609,free_text,baseline,156680.0,partial,список
1786194763609,free_text,baseline,156720.0,partial,список
1786194763609,free_text,baseline,156760.0,partial,список
1786194763609,free_text,baseline,156800.0,partial,список
1786194763609,free_text,baseline,156840.0,partial,список
1786194763609,free_text,baseline,156880.0,partial,список
1786194763609,free_text,baseline,156920.0,partial,список
1786194763609,free_text,baseline,156960.0,partial,список
1786194763609,free_text,baseline,157000.0,partial,список
1786194763609,free_text,baseline,157040.0,partial,список
1786194763609,free_text,baseline,157080.0,endpoint,список
1786194763609,free_text,baseline,171960.0,partial,назад
1786194763609,free_text,baseline,172000.0,partial,назад
1786194763609,free_text,baseline,172040.0,partial,назад
1786194763609,free_text,baseline,172080.0,partial,назад
1786194763609,free_text,baseline,172120.0,partial,назад
1786194763609,free_text,baseline,172160.0,partial,назад
1786194763609,free_text,baseline,172200.0,partial,назад
1786194763609,free_text,baseline,172240.0,partial,назад
1786194763609,free_text,baseline,172280.0,partial,назад
1786194763609,free_text,baseline,172320.0,partial,назад
1786194763609,free_text,baseline,172360.0,partial,назад
1786194763609,free_text,baseline,172400.0,partial,назад
1786194763609,free_text,baseline,172440.0,partial,назад
1786194763609,free_text,baseline,172480.0,partial,назад
1786194763609,free_text,baseline,172520.0,partial,назад
1786194763609,free_text,baseline,172560.0,partial,назад
1786194763609,free_text,baseline,172600.0,partial,назад
1786194763609,free_text,baseline,172640.0,partial,назад
1786194763609,free_text,baseline,172680.0,endpoint,назад
1786194763609,free_text,baseline,178920.0,partial,назад
1786194763609,free_text,baseline,178960.0,partial,назад
1786194763609,free_text,baseline,179000.0,partial,назад
1786194763609,free_text,baseline,179040.0,partial,назад
1786194763609,free_text,baseline,179080.0,partial,назад
1786194763609,free_text,baseline,179120.0,partial,назад
1786194763609,free_text,baseline,179160.0,partial,назад
1786194763609,free_text,baseline,179200.0,partial,назад
1786194763609,free_text,baseline,179240.0,partial,назад
1786194763609,free_text,baseline,179280.0,partial,назад
1786194763609,free_text,baseline,179320.0,partial,назад
1786194763609,free_text,baseline,179360.0,partial,назад
1786194763609,free_text,baseline,179400.0,endpoint,назад
1786194763609,command_menu,webrtc_ns_low,10200.0,partial,вниз
1786194763609,command_menu,webrtc_ns_low,10240.0,partial,вниз
1786194763609,command_menu,webrtc_ns_low,10280.0,partial,вниз
1786194763609,command_menu,webrtc_ns_low,10320.0,partial,вниз
1786194763609,command_menu,webrtc_ns_low,10360.0,partial,вниз
1786194763609,command_menu,webrtc_ns_low,10400.0,partial,вниз
1786194763609,command_menu,webrtc_ns_low,10440.0,partial,вниз
1786194763609,command_menu,webrtc_ns_low,10480.0,partial,вниз
1786194763609,command_menu,webrtc_ns_low,10520.0,partial,вниз
1786194763609,command_menu,webrtc_ns_low,10560.0,partial,вниз
1786194763609,command_menu,webrtc_ns_low,10600.0,partial,вниз
1786194763609,command_menu,webrtc_ns_low,10640.0,partial,вниз
1786194763609,command_menu,webrtc_ns_low,10680.0,partial,вниз
1786194763609,command_menu,webrtc_ns_low,10720.0,partial,вниз
1786194763609,command_menu,webrtc_ns_low,10760.0,partial,вниз
1786194763609,command_menu,webrtc_ns_low,10800.0,partial,вниз
1786194763609,command_menu,webrtc_ns_low,10840.0,partial,вниз
1786194763609,command_menu,webrtc_ns_low,10880.0,partial,вниз
1786194763609,command_menu,webrtc_ns_low,10920.0,partial,вниз
1786194763609,command_menu,webrtc_ns_low,10960.0,partial,вниз
1786194763609,command_menu,webrtc_ns_low,11000.0,partial,вниз
1786194763609,command_menu,webrtc_ns_low,11040.0,partial,вниз
1786194763609,command_menu,webrtc_ns_low,11080.0,partial,вниз
1786194763609,command_menu,webrtc_ns_low,11120.0,partial,вниз
1786194763609,command_menu,webrtc_ns_low,11160.0,endpoint,вниз
1786194763609,command_menu,webrtc_ns_low,12360.0,partial,вниз
1786194763609,command_menu,webrtc_ns_low,12400.0,partial,вниз
1786194763609,command_menu,webrtc_ns_low,12440.0,partial,вниз
1786194763609,command_menu,webrtc_ns_low,12480.0,partial,вниз
1786194763609,command_menu,webrtc_ns_low,12520.0,partial,вниз
1786194763609,command_menu,webrtc_ns_low,12560.0,partial,вниз
1786194763609,command_menu,webrtc_ns_low,12600.0,partial,вниз
1786194763609,command_menu,webrtc_ns_low,12640.0,partial,вниз
1786194763609,command_menu,webrtc_ns_low,12680.0,partial,вниз
1786194763609,command_menu,webrtc_ns_low,12720.0,partial,вниз
1786194763609,command_menu,webrtc_ns_low,12760.0,partial,вниз
1786194763609,command_menu,webrtc_ns_low,12800.0,partial,вниз
1786194763609,command_menu,webrtc_ns_low,12840.0,partial,вниз
1786194763609,command_menu,webrtc_ns_low,12880.0,partial,вниз
1786194763609,command_menu,webrtc_ns_low,12920.0,partial,вниз
1786194763609,command_menu,webrtc_ns_low,12960.0,partial,вниз
1786194763609,command_menu,webrtc_ns_low,13000.0,partial,вниз
1786194763609,command_menu,webrtc_ns_low,13040.0,partial,вниз
1786194763609,command_menu,webrtc_ns_low,13080.0,endpoint,вниз
1786194763609,command_menu,webrtc_ns_low,14040.0,partial,вниз
1786194763609,command_menu,webrtc_ns_low,14080.0,partial,вниз
1786194763609,command_menu,webrtc_ns_low,14120.0,partial,вниз
1786194763609,command_menu,webrtc_ns_low,14160.0,partial,вниз
1786194763609,command_menu,webrtc_ns_low,14200.0,partial,вниз
1786194763609,command_menu,webrtc_ns_low,14240.0,partial,вниз
1786194763609,command_menu,webrtc_ns_low,14280.0,partial,вниз
1786194763609,command_menu,webrtc_ns_low,14320.0,partial,вниз
1786194763609,command_menu,webrtc_ns_low,14360.0,partial,вниз
1786194763609,command_menu,webrtc_ns_low,14400.0,partial,вниз
1786194763609,command_menu,webrtc_ns_low,14440.0,partial,вниз
1786194763609,command_menu,webrtc_ns_low,14480.0,partial,вниз
1786194763609,command_menu,webrtc_ns_low,14520.0,partial,вниз
1786194763609,command_menu,webrtc_ns_low,14560.0,partial,вниз
1786194763609,command_menu,webrtc_ns_low,14600.0,partial,вниз
1786194763609,command_menu,webrtc_ns_low,14640.0,partial,вниз
1786194763609,command_menu,webrtc_ns_low,14680.0,partial,вниз
1786194763609,command_menu,webrtc_ns_low,14720.0,partial,вниз
1786194763609,command_menu,webrtc_ns_low,14760.0,partial,вниз
1786194763609,command_menu,webrtc_ns_low,14800.0,partial,вниз
1786194763609,command_menu,webrtc_ns_low,14840.0,partial,вниз
1786194763609,command_menu,webrtc_ns_low,14880.0,partial,вниз
1786194763609,command_menu,webrtc_ns_low,14920.0,partial,вниз
1786194763609,command_menu,webrtc_ns_low,14960.0,partial,вниз
1786194763609,command_menu,webrtc_ns_low,15000.0,endpoint,вниз
1786194763609,command_menu,webrtc_ns_low,15720.0,partial,вверх
1786194763609,command_menu,webrtc_ns_low,15760.0,partial,вверх
1786194763609,command_menu,webrtc_ns_low,15800.0,partial,вверх
1786194763609,command_menu,webrtc_ns_low,15840.0,partial,вверх
1786194763609,command_menu,webrtc_ns_low,15880.0,partial,вверх
1786194763609,command_menu,webrtc_ns_low,15920.0,partial,вверх
1786194763609,command_menu,webrtc_ns_low,15960.0,partial,вверх
1786194763609,command_menu,webrtc_ns_low,16000.0,partial,вверх
1786194763609,command_menu,webrtc_ns_low,16040.0,partial,вверх
1786194763609,command_menu,webrtc_ns_low,16080.0,partial,вверх
1786194763609,command_menu,webrtc_ns_low,16120.0,partial,вверх
1786194763609,command_menu,webrtc_ns_low,16160.0,partial,вверх
1786194763609,command_menu,webrtc_ns_low,16200.0,partial,вверх
1786194763609,command_menu,webrtc_ns_low,16240.0,partial,вверх
1786194763609,command_menu,webrtc_ns_low,16280.0,partial,вверх
1786194763609,command_menu,webrtc_ns_low,16320.0,partial,вверх
1786194763609,command_menu,webrtc_ns_low,16360.0,partial,вверх
1786194763609,command_menu,webrtc_ns_low,16400.0,partial,вверх
1786194763609,command_menu,webrtc_ns_low,16440.0,partial,вверх
1786194763609,command_menu,webrtc_ns_low,16480.0,partial,вверх
1786194763609,command_menu,webrtc_ns_low,16520.0,partial,вверх
1786194763609,command_menu,webrtc_ns_low,16560.0,partial,вверх
1786194763609,command_menu,webrtc_ns_low,16600.0,partial,вверх
1786194763609,command_menu,webrtc_ns_low,16640.0,partial,вверх
1786194763609,command_menu,webrtc_ns_low,16680.0,endpoint,вверх
1786194763609,command_menu,webrtc_ns_low,16920.0,partial,вверх
1786194763609,command_menu,webrtc_ns_low,16960.0,partial,вверх
1786194763609,command_menu,webrtc_ns_low,17000.0,partial,вверх
1786194763609,command_menu,webrtc_ns_low,17040.0,partial,вверх
1786194763609,command_menu,webrtc_ns_low,17080.0,partial,вверх
1786194763609,command_menu,webrtc_ns_low,17120.0,partial,вверх
1786194763609,command_menu,webrtc_ns_low,17160.0,partial,вверх
1786194763609,command_menu,webrtc_ns_low,17200.0,partial,вверх
1786194763609,command_menu,webrtc_ns_low,17240.0,partial,вверх
1786194763609,command_menu,webrtc_ns_low,17280.0,partial,вверх
1786194763609,command_menu,webrtc_ns_low,17320.0,partial,вверх
1786194763609,command_menu,webrtc_ns_low,17360.0,partial,вверх
1786194763609,command_menu,webrtc_ns_low,17400.0,partial,вверх
1786194763609,command_menu,webrtc_ns_low,17440.0,partial,вверх
1786194763609,command_menu,webrtc_ns_low,17480.0,partial,вверх
1786194763609,command_menu,webrtc_ns_low,17520.0,partial,вверх
1786194763609,command_menu,webrtc_ns_low,17560.0,partial,вверх
1786194763609,command_menu,webrtc_ns_low,17600.0,partial,вверх
1786194763609,command_menu,webrtc_ns_low,17640.0,partial,вверх
1786194763609,command_menu,webrtc_ns_low,17680.0,partial,вверх
1786194763609,command_menu,webrtc_ns_low,17720.0,partial,вверх
1786194763609,command_menu,webrtc_ns_low,17760.0,partial,вверх
1786194763609,command_menu,webrtc_ns_low,17800.0,partial,вверх
1786194763609,command_menu,webrtc_ns_low,17840.0,partial,вверх
1786194763609,command_menu,webrtc_ns_low,17880.0,endpoint,вверх
1786194763609,command_menu,webrtc_ns_low,18120.0,partial,вверх
1786194763609,command_menu,webrtc_ns_low,18160.0,partial,вверх
1786194763609,command_menu,webrtc_ns_low,18200.0,partial,вверх
1786194763609,command_menu,webrtc_ns_low,18240.0,partial,вверх
1786194763609,command_menu,webrtc_ns_low,18280.0,partial,вверх
1786194763609,command_menu,webrtc_ns_low,18320.0,partial,вверх
1786194763609,command_menu,webrtc_ns_low,18360.0,partial,вверх
1786194763609,command_menu,webrtc_ns_low,18400.0,partial,вверх
1786194763609,command_menu,webrtc_ns_low,18440.0,partial,вверх
1786194763609,command_menu,webrtc_ns_low,18480.0,partial,вверх
1786194763609,command_menu,webrtc_ns_low,18520.0,partial,вверх
1786194763609,command_menu,webrtc_ns_low,18560.0,partial,вверх
1786194763609,command_menu,webrtc_ns_low,18600.0,partial,вверх
1786194763609,command_menu,webrtc_ns_low,18640.0,partial,вверх
1786194763609,command_menu,webrtc_ns_low,18680.0,partial,вверх
1786194763609,command_menu,webrtc_ns_low,18720.0,partial,вверх
1786194763609,command_menu,webrtc_ns_low,18760.0,partial,вверх
1786194763609,command_menu,webrtc_ns_low,18800.0,partial,вверх
1786194763609,command_menu,webrtc_ns_low,18840.0,partial,вверх
1786194763609,command_menu,webrtc_ns_low,18880.0,partial,вверх
1786194763609,command_menu,webrtc_ns_low,18920.0,partial,вверх
1786194763609,command_menu,webrtc_ns_low,18960.0,partial,вверх
1786194763609,command_menu,webrtc_ns_low,19000.0,partial,вверх
1786194763609,command_menu,webrtc_ns_low,19040.0,partial,вверх
1786194763609,command_menu,webrtc_ns_low,19080.0,endpoint,вверх
1786194763609,command_menu,webrtc_ns_low,23400.0,partial,вверх
1786194763609,command_menu,webrtc_ns_low,23440.0,partial,вверх
1786194763609,command_menu,webrtc_ns_low,23480.0,partial,вверх
1786194763609,command_menu,webrtc_ns_low,23520.0,partial,вверх
1786194763609,command_menu,webrtc_ns_low,23560.0,partial,вверх
1786194763609,command_menu,webrtc_ns_low,23600.0,partial,вверх
1786194763609,command_menu,webrtc_ns_low,23640.0,partial,вверх
1786194763609,command_menu,webrtc_ns_low,23680.0,partial,вверх
1786194763609,command_menu,webrtc_ns_low,23720.0,partial,вверх
1786194763609,command_menu,webrtc_ns_low,23760.0,partial,вверх
1786194763609,command_menu,webrtc_ns_low,23800.0,partial,вверх
1786194763609,command_menu,webrtc_ns_low,23840.0,partial,вверх
1786194763609,command_menu,webrtc_ns_low,23880.0,partial,вверх
1786194763609,command_menu,webrtc_ns_low,23920.0,partial,вверх
1786194763609,command_menu,webrtc_ns_low,23960.0,partial,вверх
1786194763609,command_menu,webrtc_ns_low,24000.0,partial,вверх
1786194763609,command_menu,webrtc_ns_low,24040.0,partial,вверх
1786194763609,command_menu,webrtc_ns_low,24080.0,partial,вверх
1786194763609,command_menu,webrtc_ns_low,24120.0,endpoint,вверх
1786194763609,command_menu,webrtc_ns_low,25080.0,partial,вниз
1786194763609,command_menu,webrtc_ns_low,25120.0,partial,вниз
1786194763609,command_menu,webrtc_ns_low,25160.0,partial,вниз
1786194763609,command_menu,webrtc_ns_low,25200.0,partial,вниз
1786194763609,command_menu,webrtc_ns_low,25240.0,partial,вниз
1786194763609,command_menu,webrtc_ns_low,25280.0,partial,вниз
1786194763609,command_menu,webrtc_ns_low,25320.0,partial,вниз
1786194763609,command_menu,webrtc_ns_low,25360.0,partial,вниз
1786194763609,command_menu,webrtc_ns_low,25400.0,partial,вниз
1786194763609,command_menu,webrtc_ns_low,25440.0,partial,вниз
1786194763609,command_menu,webrtc_ns_low,25480.0,partial,вниз
1786194763609,command_menu,webrtc_ns_low,25520.0,partial,вниз
1786194763609,command_menu,webrtc_ns_low,25560.0,partial,вниз
1786194763609,command_menu,webrtc_ns_low,25600.0,partial,вниз
1786194763609,command_menu,webrtc_ns_low,25640.0,partial,вниз
1786194763609,command_menu,webrtc_ns_low,25680.0,partial,вниз
1786194763609,command_menu,webrtc_ns_low,25720.0,partial,вниз
1786194763609,command_menu,webrtc_ns_low,25760.0,partial,вниз
1786194763609,command_menu,webrtc_ns_low,25800.0,partial,вниз
1786194763609,command_menu,webrtc_ns_low,25840.0,partial,вниз
1786194763609,command_menu,webrtc_ns_low,25880.0,partial,вниз
1786194763609,command_menu,webrtc_ns_low,25920.0,partial,вниз
1786194763609,command_menu,webrtc_ns_low,25960.0,partial,вниз
1786194763609,command_menu,webrtc_ns_low,26000.0,partial,вниз
1786194763609,command_menu,webrtc_ns_low,26040.0,endpoint,вниз
1786194763609,command_menu,webrtc_ns_low,26280.0,partial,вниз
1786194763609,command_menu,webrtc_ns_low,26320.0,partial,вниз
1786194763609,command_menu,webrtc_ns_low,26360.0,partial,вниз
1786194763609,command_menu,webrtc_ns_low,26400.0,partial,вниз
1786194763609,command_menu,webrtc_ns_low,26440.0,partial,вниз
1786194763609,command_menu,webrtc_ns_low,26480.0,partial,вниз
1786194763609,command_menu,webrtc_ns_low,26520.0,partial,вниз
1786194763609,command_menu,webrtc_ns_low,26560.0,partial,вниз
1786194763609,command_menu,webrtc_ns_low,26600.0,partial,вниз
1786194763609,command_menu,webrtc_ns_low,26640.0,partial,вниз
1786194763609,command_menu,webrtc_ns_low,26680.0,partial,вниз
1786194763609,command_menu,webrtc_ns_low,26720.0,partial,вниз
1786194763609,command_menu,webrtc_ns_low,26760.0,partial,вниз
1786194763609,command_menu,webrtc_ns_low,26800.0,partial,вниз
1786194763609,command_menu,webrtc_ns_low,26840.0,partial,вниз
1786194763609,command_menu,webrtc_ns_low,26880.0,partial,вниз
1786194763609,command_menu,webrtc_ns_low,26920.0,partial,вниз
1786194763609,command_menu,webrtc_ns_low,26960.0,partial,вниз
1786194763609,command_menu,webrtc_ns_low,27000.0,partial,вниз
1786194763609,command_menu,webrtc_ns_low,27040.0,partial,вниз
1786194763609,command_menu,webrtc_ns_low,27080.0,partial,вниз
1786194763609,command_menu,webrtc_ns_low,27120.0,partial,вниз
1786194763609,command_menu,webrtc_ns_low,27160.0,partial,вниз
1786194763609,command_menu,webrtc_ns_low,27200.0,partial,вниз
1786194763609,command_menu,webrtc_ns_low,27240.0,endpoint,вниз
1786194763609,command_menu,webrtc_ns_low,27480.0,partial,вниз
1786194763609,command_menu,webrtc_ns_low,27520.0,partial,вниз
1786194763609,command_menu,webrtc_ns_low,27560.0,partial,вниз
1786194763609,command_menu,webrtc_ns_low,27600.0,partial,вниз
1786194763609,command_menu,webrtc_ns_low,27640.0,partial,вниз
1786194763609,command_menu,webrtc_ns_low,27680.0,partial,вниз
1786194763609,command_menu,webrtc_ns_low,27720.0,partial,вниз
1786194763609,command_menu,webrtc_ns_low,27760.0,partial,вниз
1786194763609,command_menu,webrtc_ns_low,27800.0,partial,вниз
1786194763609,command_menu,webrtc_ns_low,27840.0,partial,вниз
1786194763609,command_menu,webrtc_ns_low,27880.0,partial,вниз
1786194763609,command_menu,webrtc_ns_low,27920.0,partial,вниз
1786194763609,command_menu,webrtc_ns_low,27960.0,partial,вниз
1786194763609,command_menu,webrtc_ns_low,28000.0,partial,вниз
1786194763609,command_menu,webrtc_ns_low,28040.0,partial,вниз
1786194763609,command_menu,webrtc_ns_low,28080.0,partial,вниз
1786194763609,command_menu,webrtc_ns_low,28120.0,partial,вниз
1786194763609,command_menu,webrtc_ns_low,28160.0,partial,вниз
1786194763609,command_menu,webrtc_ns_low,28200.0,partial,вниз
1786194763609,command_menu,webrtc_ns_low,28240.0,partial,вниз
1786194763609,command_menu,webrtc_ns_low,28280.0,partial,вниз
1786194763609,command_menu,webrtc_ns_low,28320.0,partial,вниз
1786194763609,command_menu,webrtc_ns_low,28360.0,partial,вниз
1786194763609,command_menu,webrtc_ns_low,28400.0,partial,вниз
1786194763609,command_menu,webrtc_ns_low,28440.0,endpoint,вниз
1786194763609,command_menu,webrtc_ns_low,46440.0,partial,доступность
1786194763609,command_menu,webrtc_ns_low,46480.0,partial,доступность
1786194763609,command_menu,webrtc_ns_low,46520.0,partial,доступность
1786194763609,command_menu,webrtc_ns_low,46560.0,partial,доступность
1786194763609,command_menu,webrtc_ns_low,46600.0,partial,доступность
1786194763609,command_menu,webrtc_ns_low,46640.0,partial,доступность
1786194763609,command_menu,webrtc_ns_low,46680.0,partial,вверх
1786194763609,command_menu,webrtc_ns_low,46720.0,partial,вверх
1786194763609,command_menu,webrtc_ns_low,46760.0,partial,вверх
1786194763609,command_menu,webrtc_ns_low,46800.0,partial,вверх
1786194763609,command_menu,webrtc_ns_low,46840.0,partial,вверх
1786194763609,command_menu,webrtc_ns_low,46880.0,partial,вверх
1786194763609,command_menu,webrtc_ns_low,46920.0,partial,вверх
1786194763609,command_menu,webrtc_ns_low,46960.0,partial,вверх
1786194763609,command_menu,webrtc_ns_low,47000.0,partial,вверх
1786194763609,command_menu,webrtc_ns_low,47040.0,partial,вверх
1786194763609,command_menu,webrtc_ns_low,47080.0,partial,вверх
1786194763609,command_menu,webrtc_ns_low,47120.0,partial,вверх
1786194763609,command_menu,webrtc_ns_low,47160.0,partial,вверх
1786194763609,command_menu,webrtc_ns_low,47200.0,partial,вверх
1786194763609,command_menu,webrtc_ns_low,47240.0,partial,вверх
1786194763609,command_menu,webrtc_ns_low,47280.0,partial,вверх
1786194763609,command_menu,webrtc_ns_low,47320.0,partial,вверх
1786194763609,command_menu,webrtc_ns_low,47360.0,partial,вверх
1786194763609,command_menu,webrtc_ns_low,47400.0,endpoint,вверх
1786194763609,command_menu,webrtc_ns_low,47640.0,partial,вверх
1786194763609,command_menu,webrtc_ns_low,47680.0,partial,вверх
1786194763609,command_menu,webrtc_ns_low,47720.0,partial,вверх
1786194763609,command_menu,webrtc_ns_low,47760.0,partial,вверх
1786194763609,command_menu,webrtc_ns_low,47800.0,partial,вверх
1786194763609,command_menu,webrtc_ns_low,47840.0,partial,вверх
1786194763609,command_menu,webrtc_ns_low,47880.0,partial,вверх
1786194763609,command_menu,webrtc_ns_low,47920.0,partial,вверх
1786194763609,command_menu,webrtc_ns_low,47960.0,partial,вверх
1786194763609,command_menu,webrtc_ns_low,48000.0,partial,вверх
1786194763609,command_menu,webrtc_ns_low,48040.0,partial,вверх
1786194763609,command_menu,webrtc_ns_low,48080.0,partial,вверх
1786194763609,command_menu,webrtc_ns_low,48120.0,partial,вверх
1786194763609,command_menu,webrtc_ns_low,48160.0,partial,вверх
1786194763609,command_menu,webrtc_ns_low,48200.0,partial,вверх
1786194763609,command_menu,webrtc_ns_low,48240.0,partial,вверх
1786194763609,command_menu,webrtc_ns_low,48280.0,partial,вверх
1786194763609,command_menu,webrtc_ns_low,48320.0,partial,вверх
1786194763609,command_menu,webrtc_ns_low,48360.0,partial,вверх
1786194763609,command_menu,webrtc_ns_low,48400.0,partial,вверх
1786194763609,command_menu,webrtc_ns_low,48440.0,partial,вверх
1786194763609,command_menu,webrtc_ns_low,48480.0,partial,вверх
1786194763609,command_menu,webrtc_ns_low,48520.0,partial,вверх
1786194763609,command_menu,webrtc_ns_low,48560.0,partial,вверх
1786194763609,command_menu,webrtc_ns_low,48600.0,partial,вверх вверх
1786194763609,command_menu,webrtc_ns_low,48640.0,partial,вверх вверх
1786194763609,command_menu,webrtc_ns_low,48680.0,partial,вверх вверх
1786194763609,command_menu,webrtc_ns_low,48720.0,partial,вверх вверх
1786194763609,command_menu,webrtc_ns_low,48760.0,partial,вверх вверх
1786194763609,command_menu,webrtc_ns_low,48800.0,partial,вверх вверх
1786194763609,command_menu,webrtc_ns_low,48840.0,partial,вверх вверх
1786194763609,command_menu,webrtc_ns_low,48880.0,partial,вверх вверх
1786194763609,command_menu,webrtc_ns_low,48920.0,partial,вверх вверх
1786194763609,command_menu,webrtc_ns_low,48960.0,partial,вверх вверх
1786194763609,command_menu,webrtc_ns_low,49000.0,partial,вверх вверх
1786194763609,command_menu,webrtc_ns_low,49040.0,partial,вверх вверх
1786194763609,command_menu,webrtc_ns_low,49080.0,partial,вверх вверх
1786194763609,command_menu,webrtc_ns_low,49120.0,partial,вверх вверх
1786194763609,command_menu,webrtc_ns_low,49160.0,partial,вверх вверх
1786194763609,command_menu,webrtc_ns_low,49200.0,partial,вверх вверх
1786194763609,command_menu,webrtc_ns_low,49240.0,partial,вверх вверх
1786194763609,command_menu,webrtc_ns_low,49280.0,partial,вверх вверх
1786194763609,command_menu,webrtc_ns_low,49320.0,partial,вверх вверх
1786194763609,command_menu,webrtc_ns_low,49360.0,partial,вверх вверх
1786194763609,command_menu,webrtc_ns_low,49400.0,partial,вверх вверх
1786194763609,command_menu,webrtc_ns_low,49440.0,partial,вверх вверх
1786194763609,command_menu,webrtc_ns_low,49480.0,partial,вверх вверх
1786194763609,command_menu,webrtc_ns_low,49520.0,partial,вверх вверх
1786194763609,command_menu,webrtc_ns_low,49560.0,endpoint,вверх вверх
1786194763609,command_menu,webrtc_ns_low,50280.0,partial,вниз
1786194763609,command_menu,webrtc_ns_low,50320.0,partial,вниз
1786194763609,command_menu,webrtc_ns_low,50360.0,partial,вниз
1786194763609,command_menu,webrtc_ns_low,50400.0,partial,вниз
1786194763609,command_menu,webrtc_ns_low,50440.0,partial,вниз
1786194763609,command_menu,webrtc_ns_low,50480.0,partial,вниз
1786194763609,command_menu,webrtc_ns_low,50520.0,partial,вниз
1786194763609,command_menu,webrtc_ns_low,50560.0,partial,вниз
1786194763609,command_menu,webrtc_ns_low,50600.0,partial,вниз
1786194763609,command_menu,webrtc_ns_low,50640.0,partial,вниз
1786194763609,command_menu,webrtc_ns_low,50680.0,partial,вниз
1786194763609,command_menu,webrtc_ns_low,50720.0,partial,вниз
1786194763609,command_menu,webrtc_ns_low,50760.0,partial,вниз
1786194763609,command_menu,webrtc_ns_low,50800.0,partial,вниз
1786194763609,command_menu,webrtc_ns_low,50840.0,partial,вниз
1786194763609,command_menu,webrtc_ns_low,50880.0,partial,вниз
1786194763609,command_menu,webrtc_ns_low,50920.0,partial,вниз
1786194763609,command_menu,webrtc_ns_low,50960.0,partial,вниз
1786194763609,command_menu,webrtc_ns_low,51000.0,partial,вниз
1786194763609,command_menu,webrtc_ns_low,51040.0,partial,вниз
1786194763609,command_menu,webrtc_ns_low,51080.0,partial,вниз
1786194763609,command_menu,webrtc_ns_low,51120.0,partial,вниз
1786194763609,command_menu,webrtc_ns_low,51160.0,partial,вниз
1786194763609,command_menu,webrtc_ns_low,51200.0,partial,вниз
1786194763609,command_menu,webrtc_ns_low,51240.0,partial,вниз
1786194763609,command_menu,webrtc_ns_low,51280.0,partial,вниз
1786194763609,command_menu,webrtc_ns_low,51320.0,partial,вниз
1786194763609,command_menu,webrtc_ns_low,51360.0,partial,вниз
1786194763609,command_menu,webrtc_ns_low,51400.0,partial,вниз
1786194763609,command_menu,webrtc_ns_low,51440.0,partial,вниз
1786194763609,command_menu,webrtc_ns_low,51480.0,partial,вниз вниз
1786194763609,command_menu,webrtc_ns_low,51520.0,partial,вниз вниз
1786194763609,command_menu,webrtc_ns_low,51560.0,partial,вниз вниз
1786194763609,command_menu,webrtc_ns_low,51600.0,partial,вниз вниз
1786194763609,command_menu,webrtc_ns_low,51640.0,partial,вниз вниз
1786194763609,command_menu,webrtc_ns_low,51680.0,partial,вниз вниз
1786194763609,command_menu,webrtc_ns_low,51720.0,partial,вниз вниз
1786194763609,command_menu,webrtc_ns_low,51760.0,partial,вниз вниз
1786194763609,command_menu,webrtc_ns_low,51800.0,partial,вниз вниз
1786194763609,command_menu,webrtc_ns_low,51840.0,partial,вниз вниз
1786194763609,command_menu,webrtc_ns_low,51880.0,partial,вниз вниз
1786194763609,command_menu,webrtc_ns_low,51920.0,partial,вниз вниз
1786194763609,command_menu,webrtc_ns_low,51960.0,partial,вниз вниз
1786194763609,command_menu,webrtc_ns_low,52000.0,partial,вниз вниз
1786194763609,command_menu,webrtc_ns_low,52040.0,partial,вниз вниз
1786194763609,command_menu,webrtc_ns_low,52080.0,partial,вниз вниз
1786194763609,command_menu,webrtc_ns_low,52120.0,partial,вниз вниз
1786194763609,command_menu,webrtc_ns_low,52160.0,partial,вниз вниз
1786194763609,command_menu,webrtc_ns_low,52200.0,endpoint,вниз вниз
1786194763609,command_menu,webrtc_ns_low,52440.0,partial,вниз
1786194763609,command_menu,webrtc_ns_low,52480.0,partial,вниз
1786194763609,command_menu,webrtc_ns_low,52520.0,partial,вниз
1786194763609,command_menu,webrtc_ns_low,52560.0,partial,вниз
1786194763609,command_menu,webrtc_ns_low,52600.0,partial,вниз
1786194763609,command_menu,webrtc_ns_low,52640.0,partial,вниз
1786194763609,command_menu,webrtc_ns_low,52680.0,partial,вниз
1786194763609,command_menu,webrtc_ns_low,52720.0,partial,вниз
1786194763609,command_menu,webrtc_ns_low,52760.0,partial,вниз
1786194763609,command_menu,webrtc_ns_low,52800.0,partial,вниз
1786194763609,command_menu,webrtc_ns_low,52840.0,partial,вниз
1786194763609,command_menu,webrtc_ns_low,52880.0,partial,вниз
1786194763609,command_menu,webrtc_ns_low,52920.0,partial,вниз
1786194763609,command_menu,webrtc_ns_low,52960.0,partial,вниз
1786194763609,command_menu,webrtc_ns_low,53000.0,partial,вниз
1786194763609,command_menu,webrtc_ns_low,53040.0,partial,вниз
1786194763609,command_menu,webrtc_ns_low,53080.0,partial,вниз
1786194763609,command_menu,webrtc_ns_low,53120.0,partial,вниз
1786194763609,command_menu,webrtc_ns_low,53160.0,partial,вниз
1786194763609,command_menu,webrtc_ns_low,53200.0,partial,вниз
1786194763609,command_menu,webrtc_ns_low,53240.0,partial,вниз
1786194763609,command_menu,webrtc_ns_low,53280.0,partial,вниз
1786194763609,command_menu,webrtc_ns_low,53320.0,partial,вниз
1786194763609,command_menu,webrtc_ns_low,53360.0,partial,вниз
1786194763609,command_menu,webrtc_ns_low,53400.0,endpoint,вниз
1786194763609,command_menu,webrtc_ns_low,53880.0,partial,вверх
1786194763609,command_menu,webrtc_ns_low,53920.0,partial,вверх
1786194763609,command_menu,webrtc_ns_low,53960.0,partial,вверх
1786194763609,command_menu,webrtc_ns_low,54000.0,partial,вверх
1786194763609,command_menu,webrtc_ns_low,54040.0,partial,вверх
1786194763609,command_menu,webrtc_ns_low,54080.0,partial,вверх
1786194763609,command_menu,webrtc_ns_low,54120.0,partial,вверх
1786194763609,command_menu,webrtc_ns_low,54160.0,partial,вверх
1786194763609,command_menu,webrtc_ns_low,54200.0,partial,вверх
1786194763609,command_menu,webrtc_ns_low,54240.0,partial,вверх
1786194763609,command_menu,webrtc_ns_low,54280.0,partial,вверх
1786194763609,command_menu,webrtc_ns_low,54320.0,partial,вверх
1786194763609,command_menu,webrtc_ns_low,54360.0,partial,вверх
1786194763609,command_menu,webrtc_ns_low,54400.0,partial,вверх
1786194763609,command_menu,webrtc_ns_low,54440.0,partial,вверх
1786194763609,command_menu,webrtc_ns_low,54480.0,partial,вверх
1786194763609,command_menu,webrtc_ns_low,54520.0,partial,вверх
1786194763609,command_menu,webrtc_ns_low,54560.0,partial,вверх
1786194763609,command_menu,webrtc_ns_low,54600.0,endpoint,вверх
1786194763609,command_menu,webrtc_ns_low,54840.0,partial,вверх
1786194763609,command_menu,webrtc_ns_low,54880.0,partial,вверх
1786194763609,command_menu,webrtc_ns_low,54920.0,partial,вверх
1786194763609,command_menu,webrtc_ns_low,54960.0,partial,вверх
1786194763609,command_menu,webrtc_ns_low,55000.0,partial,вверх
1786194763609,command_menu,webrtc_ns_low,55040.0,partial,вверх
1786194763609,command_menu,webrtc_ns_low,55080.0,partial,вверх
1786194763609,command_menu,webrtc_ns_low,55120.0,partial,вверх
1786194763609,command_menu,webrtc_ns_low,55160.0,partial,вверх
1786194763609,command_menu,webrtc_ns_low,55200.0,partial,вверх
1786194763609,command_menu,webrtc_ns_low,55240.0,partial,вверх
1786194763609,command_menu,webrtc_ns_low,55280.0,partial,вверх
1786194763609,command_menu,webrtc_ns_low,55320.0,partial,вверх
1786194763609,command_menu,webrtc_ns_low,55360.0,partial,вверх
1786194763609,command_menu,webrtc_ns_low,55400.0,partial,вверх
1786194763609,command_menu,webrtc_ns_low,55440.0,partial,вверх
1786194763609,command_menu,webrtc_ns_low,55480.0,partial,вверх
1786194763609,command_menu,webrtc_ns_low,55520.0,partial,вверх
1786194763609,command_menu,webrtc_ns_low,55560.0,partial,вверх
1786194763609,command_menu,webrtc_ns_low,55600.0,partial,вверх
1786194763609,command_menu,webrtc_ns_low,55640.0,partial,вверх
1786194763609,command_menu,webrtc_ns_low,55680.0,partial,вверх
1786194763609,command_menu,webrtc_ns_low,55720.0,partial,вверх
1786194763609,command_menu,webrtc_ns_low,55760.0,partial,вверх
1786194763609,command_menu,webrtc_ns_low,55800.0,endpoint,вверх
1786194763609,command_menu,webrtc_ns_low,56040.0,partial,вверх
1786194763609,command_menu,webrtc_ns_low,56080.0,partial,вверх
1786194763609,command_menu,webrtc_ns_low,56120.0,partial,вверх
1786194763609,command_menu,webrtc_ns_low,56160.0,partial,вверх
1786194763609,command_menu,webrtc_ns_low,56200.0,partial,вверх
1786194763609,command_menu,webrtc_ns_low,56240.0,partial,вверх
1786194763609,command_menu,webrtc_ns_low,56280.0,partial,вверх
1786194763609,command_menu,webrtc_ns_low,56320.0,partial,вверх
1786194763609,command_menu,webrtc_ns_low,56360.0,partial,вверх
1786194763609,command_menu,webrtc_ns_low,56400.0,partial,вверх
1786194763609,command_menu,webrtc_ns_low,56440.0,partial,вверх
1786194763609,command_menu,webrtc_ns_low,56480.0,partial,вверх
1786194763609,command_menu,webrtc_ns_low,56520.0,partial,вверх
1786194763609,command_menu,webrtc_ns_low,56560.0,partial,вверх
1786194763609,command_menu,webrtc_ns_low,56600.0,partial,вверх
1786194763609,command_menu,webrtc_ns_low,56640.0,partial,вверх
1786194763609,command_menu,webrtc_ns_low,56680.0,partial,вверх
1786194763609,command_menu,webrtc_ns_low,56720.0,partial,вверх
1786194763609,command_menu,webrtc_ns_low,56760.0,partial,вверх
1786194763609,command_menu,webrtc_ns_low,56800.0,partial,вверх
1786194763609,command_menu,webrtc_ns_low,56840.0,partial,вверх
1786194763609,command_menu,webrtc_ns_low,56880.0,partial,вверх
1786194763609,command_menu,webrtc_ns_low,56920.0,partial,вверх
1786194763609,command_menu,webrtc_ns_low,56960.0,partial,вверх
1786194763609,command_menu,webrtc_ns_low,57000.0,endpoint,вверх
1786194763609,command_menu,webrtc_ns_low,58200.0,partial,печать
1786194763609,command_menu,webrtc_ns_low,58240.0,partial,печать
1786194763609,command_menu,webrtc_ns_low,58280.0,partial,печать
1786194763609,command_menu,webrtc_ns_low,58320.0,partial,печать
1786194763609,command_menu,webrtc_ns_low,58360.0,partial,печать
1786194763609,command_menu,webrtc_ns_low,58400.0,partial,печать
1786194763609,command_menu,webrtc_ns_low,58440.0,partial,печать
1786194763609,command_menu,webrtc_ns_low,58480.0,partial,печать
1786194763609,command_menu,webrtc_ns_low,58520.0,partial,печать
1786194763609,command_menu,webrtc_ns_low,58560.0,partial,печать
1786194763609,command_menu,webrtc_ns_low,58600.0,partial,печать
1786194763609,command_menu,webrtc_ns_low,58640.0,partial,печать
1786194763609,command_menu,webrtc_ns_low,58680.0,partial,печать
1786194763609,command_menu,webrtc_ns_low,58720.0,partial,печать
1786194763609,command_menu,webrtc_ns_low,58760.0,partial,печать
1786194763609,command_menu,webrtc_ns_low,58800.0,partial,печать
1786194763609,command_menu,webrtc_ns_low,58840.0,partial,печать
1786194763609,command_menu,webrtc_ns_low,58880.0,partial,печать
1786194763609,command_menu,webrtc_ns_low,58920.0,partial,печать
1786194763609,command_menu,webrtc_ns_low,58960.0,partial,печать
1786194763609,command_menu,webrtc_ns_low,59000.0,partial,печать
1786194763609,command_menu,webrtc_ns_low,59040.0,partial,печать
1786194763609,command_menu,webrtc_ns_low,59080.0,partial,печать
1786194763609,command_menu,webrtc_ns_low,59120.0,partial,печать
1786194763609,command_menu,webrtc_ns_low,59160.0,endpoint,печать
1786194763609,command_menu,webrtc_ns_low,60600.0,partial,печать
1786194763609,command_menu,webrtc_ns_low,60640.0,partial,печать
1786194763609,command_menu,webrtc_ns_low,60680.0,partial,печать
1786194763609,command_menu,webrtc_ns_low,60720.0,partial,печать
1786194763609,command_menu,webrtc_ns_low,60760.0,partial,печать
1786194763609,command_menu,webrtc_ns_low,60800.0,partial,печать
1786194763609,command_menu,webrtc_ns_low,65640.0,partial,печать
1786194763609,command_menu,webrtc_ns_low,65680.0,partial,печать
1786194763609,command_menu,webrtc_ns_low,65720.0,partial,печать
1786194763609,command_menu,webrtc_ns_low,65760.0,partial,печать
1786194763609,command_menu,webrtc_ns_low,65800.0,partial,печать
1786194763609,command_menu,webrtc_ns_low,65840.0,partial,печать
1786194763609,command_menu,webrtc_ns_low,65880.0,partial,печать
1786194763609,command_menu,webrtc_ns_low,65920.0,partial,печать
1786194763609,command_menu,webrtc_ns_low,65960.0,partial,печать
1786194763609,command_menu,webrtc_ns_low,66000.0,partial,печать
1786194763609,command_menu,webrtc_ns_low,66040.0,partial,печать
1786194763609,command_menu,webrtc_ns_low,66080.0,partial,печать
1786194763609,command_menu,webrtc_ns_low,66120.0,partial,печать
1786194763609,command_menu,webrtc_ns_low,66160.0,partial,печать
1786194763609,command_menu,webrtc_ns_low,66200.0,partial,печать
1786194763609,command_menu,webrtc_ns_low,66240.0,partial,печать
1786194763609,command_menu,webrtc_ns_low,66280.0,partial,печать
1786194763609,command_menu,webrtc_ns_low,66320.0,partial,печать
1786194763609,command_menu,webrtc_ns_low,66360.0,partial,печать
1786194763609,command_menu,webrtc_ns_low,66400.0,partial,печать
1786194763609,command_menu,webrtc_ns_low,66440.0,partial,печать
1786194763609,command_menu,webrtc_ns_low,66480.0,partial,печать
1786194763609,command_menu,webrtc_ns_low,66520.0,partial,печать
1786194763609,command_menu,webrtc_ns_low,66560.0,partial,печать
1786194763609,command_menu,webrtc_ns_low,66600.0,endpoint,печать
1786194763609,command_menu,webrtc_ns_low,70440.0,partial,печать
1786194763609,command_menu,webrtc_ns_low,70480.0,partial,печать
1786194763609,command_menu,webrtc_ns_low,70520.0,partial,печать
1786194763609,command_menu,webrtc_ns_low,70560.0,partial,печать
1786194763609,command_menu,webrtc_ns_low,70600.0,partial,печать
1786194763609,command_menu,webrtc_ns_low,70640.0,partial,печать
1786194763609,command_menu,webrtc_ns_low,70680.0,partial,печать
1786194763609,command_menu,webrtc_ns_low,70720.0,partial,печать
1786194763609,command_menu,webrtc_ns_low,70760.0,partial,печать
1786194763609,command_menu,webrtc_ns_low,70800.0,partial,печать
1786194763609,command_menu,webrtc_ns_low,70840.0,partial,печать
1786194763609,command_menu,webrtc_ns_low,70880.0,partial,печать
1786194763609,command_menu,webrtc_ns_low,70920.0,partial,печать
1786194763609,command_menu,webrtc_ns_low,70960.0,partial,печать
1786194763609,command_menu,webrtc_ns_low,71000.0,partial,печать
1786194763609,command_menu,webrtc_ns_low,71040.0,partial,печать
1786194763609,command_menu,webrtc_ns_low,71080.0,partial,печать
1786194763609,command_menu,webrtc_ns_low,71120.0,partial,печать
1786194763609,command_menu,webrtc_ns_low,71160.0,partial,печать
1786194763609,command_menu,webrtc_ns_low,71200.0,partial,печать
1786194763609,command_menu,webrtc_ns_low,71240.0,partial,печать
1786194763609,command_menu,webrtc_ns_low,71280.0,partial,печать
1786194763609,command_menu,webrtc_ns_low,71320.0,partial,печать
1786194763609,command_menu,webrtc_ns_low,71360.0,partial,печать
1786194763609,command_menu,webrtc_ns_low,71400.0,endpoint,печать
1786194763609,command_menu,webrtc_ns_low,73080.0,partial,доступность
1786194763609,command_menu,webrtc_ns_low,73120.0,partial,доступность
1786194763609,command_menu,webrtc_ns_low,73160.0,partial,доступность
1786194763609,command_menu,webrtc_ns_low,73200.0,partial,доступность
1786194763609,command_menu,webrtc_ns_low,73240.0,partial,доступность
1786194763609,command_menu,webrtc_ns_low,73280.0,partial,доступность
1786194763609,command_menu,webrtc_ns_low,73320.0,partial,доступность
1786194763609,command_menu,webrtc_ns_low,73360.0,partial,доступность
1786194763609,command_menu,webrtc_ns_low,73400.0,partial,доступность
1786194763609,command_menu,webrtc_ns_low,73440.0,partial,доступность
1786194763609,command_menu,webrtc_ns_low,73480.0,partial,доступность
1786194763609,command_menu,webrtc_ns_low,73520.0,partial,доступность
1786194763609,command_menu,webrtc_ns_low,73560.0,partial,доступность
1786194763609,command_menu,webrtc_ns_low,73600.0,partial,доступность
1786194763609,command_menu,webrtc_ns_low,73640.0,partial,доступность
1786194763609,command_menu,webrtc_ns_low,73680.0,partial,доступность
1786194763609,command_menu,webrtc_ns_low,73720.0,partial,доступность
1786194763609,command_menu,webrtc_ns_low,73760.0,partial,доступность
1786194763609,command_menu,webrtc_ns_low,73800.0,partial,доступность
1786194763609,command_menu,webrtc_ns_low,73840.0,partial,доступность
1786194763609,command_menu,webrtc_ns_low,73880.0,partial,доступность
1786194763609,command_menu,webrtc_ns_low,73920.0,partial,доступность
1786194763609,command_menu,webrtc_ns_low,73960.0,partial,доступность
1786194763609,command_menu,webrtc_ns_low,74000.0,partial,доступность
1786194763609,command_menu,webrtc_ns_low,74040.0,endpoint,доступность
1786194763609,command_menu,webrtc_ns_low,81960.0,partial,доступность
1786194763609,command_menu,webrtc_ns_low,82000.0,partial,доступность
1786194763609,command_menu,webrtc_ns_low,82040.0,partial,доступность
1786194763609,command_menu,webrtc_ns_low,82080.0,partial,доступность
1786194763609,command_menu,webrtc_ns_low,82120.0,partial,доступность
1786194763609,command_menu,webrtc_ns_low,82160.0,partial,доступность
1786194763609,command_menu,webrtc_ns_low,82200.0,partial,вниз
1786194763609,command_menu,webrtc_ns_low,82240.0,partial,вниз
1786194763609,command_menu,webrtc_ns_low,82280.0,partial,вниз
1786194763609,command_menu,webrtc_ns_low,82320.0,partial,вниз
1786194763609,command_menu,webrtc_ns_low,82360.0,partial,вниз
1786194763609,command_menu,webrtc_ns_low,82400.0,partial,вниз
1786194763609,command_menu,webrtc_ns_low,82440.0,endpoint,вниз
1786194763609,command_menu,webrtc_ns_low,89160.0,partial,доступность
1786194763609,command_menu,webrtc_ns_low,89200.0,partial,доступность
1786194763609,command_menu,webrtc_ns_low,89240.0,partial,доступность
1786194763609,command_menu,webrtc_ns_low,89280.0,partial,доступность
1786194763609,command_menu,webrtc_ns_low,89320.0,partial,доступность
1786194763609,command_menu,webrtc_ns_low,89360.0,partial,доступность
1786194763609,command_menu,webrtc_ns_low,89400.0,partial,доступность
1786194763609,command_menu,webrtc_ns_low,89440.0,partial,доступность
1786194763609,command_menu,webrtc_ns_low,89480.0,partial,доступность
1786194763609,command_menu,webrtc_ns_low,89520.0,partial,доступность
1786194763609,command_menu,webrtc_ns_low,89560.0,partial,доступность
1786194763609,command_menu,webrtc_ns_low,89600.0,partial,доступность
1786194763609,command_menu,webrtc_ns_low,89640.0,partial,вниз
1786194763609,command_menu,webrtc_ns_low,89680.0,partial,вниз
1786194763609,command_menu,webrtc_ns_low,89720.0,partial,вниз
1786194763609,command_menu,webrtc_ns_low,89760.0,partial,вниз
1786194763609,command_menu,webrtc_ns_low,89800.0,partial,вниз
1786194763609,command_menu,webrtc_ns_low,89840.0,partial,вниз
1786194763609,command_menu,webrtc_ns_low,89880.0,endpoint,вниз
1786194763609,command_menu,webrtc_ns_low,94680.0,partial,печать
1786194763609,command_menu,webrtc_ns_low,94720.0,partial,печать
1786194763609,command_menu,webrtc_ns_low,94760.0,partial,печать
1786194763609,command_menu,webrtc_ns_low,94800.0,partial,печать
1786194763609,command_menu,webrtc_ns_low,94840.0,partial,печать
1786194763609,command_menu,webrtc_ns_low,94880.0,partial,печать
1786194763609,command_menu,webrtc_ns_low,94920.0,partial,вверх
1786194763609,command_menu,webrtc_ns_low,94960.0,partial,вверх
1786194763609,command_menu,webrtc_ns_low,95000.0,partial,вверх
1786194763609,command_menu,webrtc_ns_low,95040.0,partial,вверх
1786194763609,command_menu,webrtc_ns_low,95080.0,partial,вверх
1786194763609,command_menu,webrtc_ns_low,95120.0,partial,вверх
1786194763609,command_menu,webrtc_ns_low,110280.0,partial,доступность
1786194763609,command_menu,webrtc_ns_low,110320.0,partial,доступность
1786194763609,command_menu,webrtc_ns_low,110360.0,partial,доступность
1786194763609,command_menu,webrtc_ns_low,110400.0,partial,доступность
1786194763609,command_menu,webrtc_ns_low,110440.0,partial,доступность
1786194763609,command_menu,webrtc_ns_low,110480.0,partial,доступность
1786194763609,command_menu,webrtc_ns_low,110520.0,partial,доступность
1786194763609,command_menu,webrtc_ns_low,110560.0,partial,доступность
1786194763609,command_menu,webrtc_ns_low,110600.0,partial,доступность
1786194763609,command_menu,webrtc_ns_low,110640.0,partial,доступность
1786194763609,command_menu,webrtc_ns_low,110680.0,partial,доступность
1786194763609,command_menu,webrtc_ns_low,110720.0,partial,доступность
1786194763609,command_menu,webrtc_ns_low,110760.0,partial,доступность
1786194763609,command_menu,webrtc_ns_low,110800.0,partial,доступность
1786194763609,command_menu,webrtc_ns_low,110840.0,partial,доступность
1786194763609,command_menu,webrtc_ns_low,110880.0,partial,доступность
1786194763609,command_menu,webrtc_ns_low,110920.0,partial,доступность
1786194763609,command_menu,webrtc_ns_low,110960.0,partial,доступность
1786194763609,command_menu,webrtc_ns_low,111000.0,partial,доступность
1786194763609,command_menu,webrtc_ns_low,111040.0,partial,доступность
1786194763609,command_menu,webrtc_ns_low,111080.0,partial,доступность
1786194763609,command_menu,webrtc_ns_low,111120.0,partial,доступность
1786194763609,command_menu,webrtc_ns_low,111160.0,partial,доступность
1786194763609,command_menu,webrtc_ns_low,111200.0,partial,доступность
1786194763609,command_menu,webrtc_ns_low,111240.0,partial,доступность
1786194763609,command_menu,webrtc_ns_low,111280.0,partial,доступность
1786194763609,command_menu,webrtc_ns_low,111320.0,partial,доступность
1786194763609,command_menu,webrtc_ns_low,111360.0,partial,доступность
1786194763609,command_menu,webrtc_ns_low,111400.0,partial,доступность
1786194763609,command_menu,webrtc_ns_low,111440.0,partial,доступность
1786194763609,command_menu,webrtc_ns_low,111480.0,endpoint,доступность
1786194763609,command_menu,webrtc_ns_low,155640.0,partial,печать
1786194763609,command_menu,webrtc_ns_low,155680.0,partial,печать
1786194763609,command_menu,webrtc_ns_low,155720.0,partial,печать
1786194763609,command_menu,webrtc_ns_low,155760.0,partial,печать
1786194763609,command_menu,webrtc_ns_low,155800.0,partial,печать
1786194763609,command_menu,webrtc_ns_low,155840.0,partial,печать
1786194763609,command_menu,webrtc_ns_low,158520.0,partial,доступность
1786194763609,command_menu,webrtc_ns_low,158560.0,partial,доступность
1786194763609,command_menu,webrtc_ns_low,158600.0,partial,доступность
1786194763609,command_menu,webrtc_ns_low,158640.0,partial,доступность
1786194763609,command_menu,webrtc_ns_low,158680.0,partial,доступность
1786194763609,command_menu,webrtc_ns_low,158720.0,partial,доступность
1786194763609,free_text,webrtc_ns_low,10440.0,partial,вниз
1786194763609,free_text,webrtc_ns_low,10480.0,partial,вниз
1786194763609,free_text,webrtc_ns_low,10520.0,partial,вниз
1786194763609,free_text,webrtc_ns_low,10560.0,partial,вниз
1786194763609,free_text,webrtc_ns_low,10600.0,partial,вниз
1786194763609,free_text,webrtc_ns_low,10640.0,partial,вниз
1786194763609,free_text,webrtc_ns_low,10680.0,partial,вниз
1786194763609,free_text,webrtc_ns_low,10720.0,partial,вниз
1786194763609,free_text,webrtc_ns_low,10760.0,partial,вниз
1786194763609,free_text,webrtc_ns_low,10800.0,partial,вниз
1786194763609,free_text,webrtc_ns_low,10840.0,partial,вниз
1786194763609,free_text,webrtc_ns_low,10880.0,partial,вниз
1786194763609,free_text,webrtc_ns_low,10920.0,partial,вниз
1786194763609,free_text,webrtc_ns_low,10960.0,partial,вниз
1786194763609,free_text,webrtc_ns_low,11000.0,partial,вниз
1786194763609,free_text,webrtc_ns_low,11040.0,partial,вниз
1786194763609,free_text,webrtc_ns_low,11080.0,partial,вниз
1786194763609,free_text,webrtc_ns_low,11120.0,partial,вниз
1786194763609,free_text,webrtc_ns_low,11160.0,endpoint,вниз
1786194763609,free_text,webrtc_ns_low,14280.0,partial,вниз
1786194763609,free_text,webrtc_ns_low,14320.0,partial,вниз
1786194763609,free_text,webrtc_ns_low,14360.0,partial,вниз
1786194763609,free_text,webrtc_ns_low,14400.0,partial,вниз
1786194763609,free_text,webrtc_ns_low,14440.0,partial,вниз
1786194763609,free_text,webrtc_ns_low,14480.0,partial,вниз
1786194763609,free_text,webrtc_ns_low,14520.0,partial,вниз
1786194763609,free_text,webrtc_ns_low,14560.0,partial,вниз
1786194763609,free_text,webrtc_ns_low,14600.0,partial,вниз
1786194763609,free_text,webrtc_ns_low,14640.0,partial,вниз
1786194763609,free_text,webrtc_ns_low,14680.0,partial,вниз
1786194763609,free_text,webrtc_ns_low,14720.0,partial,вниз
1786194763609,free_text,webrtc_ns_low,14760.0,partial,вниз
1786194763609,free_text,webrtc_ns_low,14800.0,partial,вниз
1786194763609,free_text,webrtc_ns_low,14840.0,partial,вниз
1786194763609,free_text,webrtc_ns_low,14880.0,partial,вниз
1786194763609,free_text,webrtc_ns_low,14920.0,partial,вниз
1786194763609,free_text,webrtc_ns_low,14960.0,partial,вниз
1786194763609,free_text,webrtc_ns_low,15000.0,endpoint,вниз
1786194763609,free_text,webrtc_ns_low,16200.0,partial,вверх
1786194763609,free_text,webrtc_ns_low,16240.0,partial,вверх
1786194763609,free_text,webrtc_ns_low,16280.0,partial,вверх
1786194763609,free_text,webrtc_ns_low,16320.0,partial,вверх
1786194763609,free_text,webrtc_ns_low,16360.0,partial,вверх
1786194763609,free_text,webrtc_ns_low,16400.0,partial,вверх
1786194763609,free_text,webrtc_ns_low,16440.0,partial,вверх
1786194763609,free_text,webrtc_ns_low,16480.0,partial,вверх
1786194763609,free_text,webrtc_ns_low,16520.0,partial,вверх
1786194763609,free_text,webrtc_ns_low,16560.0,partial,вверх
1786194763609,free_text,webrtc_ns_low,16600.0,partial,вверх
1786194763609,free_text,webrtc_ns_low,16640.0,partial,вверх
1786194763609,free_text,webrtc_ns_low,16680.0,endpoint,вверх
1786194763609,free_text,webrtc_ns_low,18360.0,partial,вверх
1786194763609,free_text,webrtc_ns_low,18400.0,partial,вверх
1786194763609,free_text,webrtc_ns_low,18440.0,partial,вверх
1786194763609,free_text,webrtc_ns_low,18480.0,partial,вверх
1786194763609,free_text,webrtc_ns_low,18520.0,partial,вверх
1786194763609,free_text,webrtc_ns_low,18560.0,partial,вверх
1786194763609,free_text,webrtc_ns_low,18600.0,partial,вверх
1786194763609,free_text,webrtc_ns_low,18640.0,partial,вверх
1786194763609,free_text,webrtc_ns_low,18680.0,partial,вверх
1786194763609,free_text,webrtc_ns_low,18720.0,partial,вверх
1786194763609,free_text,webrtc_ns_low,18760.0,partial,вверх
1786194763609,free_text,webrtc_ns_low,18800.0,partial,вверх
1786194763609,free_text,webrtc_ns_low,18840.0,partial,вверх
1786194763609,free_text,webrtc_ns_low,18880.0,partial,вверх
1786194763609,free_text,webrtc_ns_low,18920.0,partial,вверх
1786194763609,free_text,webrtc_ns_low,18960.0,partial,вверх
1786194763609,free_text,webrtc_ns_low,19000.0,partial,вверх
1786194763609,free_text,webrtc_ns_low,19040.0,partial,вверх
1786194763609,free_text,webrtc_ns_low,19080.0,endpoint,вверх
1786194763609,free_text,webrtc_ns_low,25320.0,partial,вниз
1786194763609,free_text,webrtc_ns_low,25360.0,partial,вниз
1786194763609,free_text,webrtc_ns_low,25400.0,partial,вниз
1786194763609,free_text,webrtc_ns_low,25440.0,partial,вниз
1786194763609,free_text,webrtc_ns_low,25480.0,partial,вниз
1786194763609,free_text,webrtc_ns_low,25520.0,partial,вниз
1786194763609,free_text,webrtc_ns_low,25560.0,partial,вниз
1786194763609,free_text,webrtc_ns_low,25600.0,partial,вниз
1786194763609,free_text,webrtc_ns_low,25640.0,partial,вниз
1786194763609,free_text,webrtc_ns_low,25680.0,partial,вниз
1786194763609,free_text,webrtc_ns_low,25720.0,partial,вниз
1786194763609,free_text,webrtc_ns_low,25760.0,partial,вниз
1786194763609,free_text,webrtc_ns_low,25800.0,partial,вниз
1786194763609,free_text,webrtc_ns_low,25840.0,partial,вниз
1786194763609,free_text,webrtc_ns_low,25880.0,partial,вниз
1786194763609,free_text,webrtc_ns_low,25920.0,partial,вниз
1786194763609,free_text,webrtc_ns_low,25960.0,partial,вниз
1786194763609,free_text,webrtc_ns_low,26000.0,partial,вниз
1786194763609,free_text,webrtc_ns_low,26040.0,endpoint,вниз
1786194763609,free_text,webrtc_ns_low,26520.0,partial,вниз
1786194763609,free_text,webrtc_ns_low,26560.0,partial,вниз
1786194763609,free_text,webrtc_ns_low,26600.0,partial,вниз
1786194763609,free_text,webrtc_ns_low,26640.0,partial,вниз
1786194763609,free_text,webrtc_ns_low,26680.0,partial,вниз
1786194763609,free_text,webrtc_ns_low,26720.0,partial,вниз
1786194763609,free_text,webrtc_ns_low,26760.0,partial,вниз
1786194763609,free_text,webrtc_ns_low,26800.0,partial,вниз
1786194763609,free_text,webrtc_ns_low,26840.0,partial,вниз
1786194763609,free_text,webrtc_ns_low,26880.0,partial,вниз
1786194763609,free_text,webrtc_ns_low,26920.0,partial,вниз
1786194763609,free_text,webrtc_ns_low,26960.0,partial,вниз
1786194763609,free_text,webrtc_ns_low,27000.0,partial,вниз
1786194763609,free_text,webrtc_ns_low,27040.0,partial,вниз
1786194763609,free_text,webrtc_ns_low,27080.0,partial,вниз
1786194763609,free_text,webrtc_ns_low,27120.0,partial,вниз
1786194763609,free_text,webrtc_ns_low,27160.0,partial,вниз
1786194763609,free_text,webrtc_ns_low,27200.0,partial,вниз
1786194763609,free_text,webrtc_ns_low,27240.0,endpoint,вниз
1786194763609,free_text,webrtc_ns_low,27960.0,partial,вниз
1786194763609,free_text,webrtc_ns_low,28000.0,partial,вниз
1786194763609,free_text,webrtc_ns_low,28040.0,partial,вниз
1786194763609,free_text,webrtc_ns_low,28080.0,partial,вниз
1786194763609,free_text,webrtc_ns_low,28120.0,partial,вниз
1786194763609,free_text,webrtc_ns_low,28160.0,partial,вниз
1786194763609,free_text,webrtc_ns_low,28200.0,partial,вниз
1786194763609,free_text,webrtc_ns_low,28240.0,partial,вниз
1786194763609,free_text,webrtc_ns_low,28280.0,partial,вниз
1786194763609,free_text,webrtc_ns_low,28320.0,partial,вниз
1786194763609,free_text,webrtc_ns_low,28360.0,partial,вниз
1786194763609,free_text,webrtc_ns_low,28400.0,partial,вниз
1786194763609,free_text,webrtc_ns_low,28440.0,endpoint,вниз
1786194763609,free_text,webrtc_ns_low,47400.0,endpoint,вверх
1786194763609,free_text,webrtc_ns_low,48120.0,partial,вверх
1786194763609,free_text,webrtc_ns_low,48160.0,partial,вверх
1786194763609,free_text,webrtc_ns_low,48200.0,partial,вверх
1786194763609,free_text,webrtc_ns_low,48240.0,partial,вверх
1786194763609,free_text,webrtc_ns_low,48280.0,partial,вверх
1786194763609,free_text,webrtc_ns_low,48320.0,partial,вверх
1786194763609,free_text,webrtc_ns_low,48360.0,partial,вверх
1786194763609,free_text,webrtc_ns_low,48400.0,partial,вверх
1786194763609,free_text,webrtc_ns_low,48440.0,partial,вверх
1786194763609,free_text,webrtc_ns_low,48480.0,partial,вверх
1786194763609,free_text,webrtc_ns_low,48520.0,partial,вверх
1786194763609,free_text,webrtc_ns_low,48560.0,partial,вверх
1786194763609,free_text,webrtc_ns_low,48600.0,partial,вверх
1786194763609,free_text,webrtc_ns_low,48640.0,partial,вверх
1786194763609,free_text,webrtc_ns_low,48680.0,partial,вверх
1786194763609,free_text,webrtc_ns_low,48720.0,partial,вверх
1786194763609,free_text,webrtc_ns_low,48760.0,partial,вверх
1786194763609,free_text,webrtc_ns_low,48800.0,partial,вверх
1786194763609,free_text,webrtc_ns_low,48840.0,partial,вверх
1786194763609,free_text,webrtc_ns_low,48880.0,partial,вверх
1786194763609,free_text,webrtc_ns_low,48920.0,partial,вверх
1786194763609,free_text,webrtc_ns_low,48960.0,partial,вверх
1786194763609,free_text,webrtc_ns_low,49000.0,partial,вверх
1786194763609,free_text,webrtc_ns_low,49040.0,partial,вверх
1786194763609,free_text,webrtc_ns_low,49080.0,partial,вверх вверх
1786194763609,free_text,webrtc_ns_low,49120.0,partial,вверх вверх
1786194763609,free_text,webrtc_ns_low,49160.0,partial,вверх вверх
1786194763609,free_text,webrtc_ns_low,49200.0,partial,вверх вверх
1786194763609,free_text,webrtc_ns_low,49240.0,partial,вверх вверх
1786194763609,free_text,webrtc_ns_low,49280.0,partial,вверх вверх
1786194763609,free_text,webrtc_ns_low,49320.0,partial,вверх вверх
1786194763609,free_text,webrtc_ns_low,49360.0,partial,вверх вверх
1786194763609,free_text,webrtc_ns_low,49400.0,partial,вверх вверх
1786194763609,free_text,webrtc_ns_low,49440.0,partial,вверх вверх
1786194763609,free_text,webrtc_ns_low,49480.0,partial,вверх вверх
1786194763609,free_text,webrtc_ns_low,49520.0,partial,вверх вверх
1786194763609,free_text,webrtc_ns_low,49560.0,endpoint,вверх вверх
1786194763609,free_text,webrtc_ns_low,50520.0,partial,вниз
1786194763609,free_text,webrtc_ns_low,50560.0,partial,вниз
1786194763609,free_text,webrtc_ns_low,50600.0,partial,вниз
1786194763609,free_text,webrtc_ns_low,50640.0,partial,вниз
1786194763609,free_text,webrtc_ns_low,50680.0,partial,вниз
1786194763609,free_text,webrtc_ns_low,50720.0,partial,вниз
1786194763609,free_text,webrtc_ns_low,50760.0,partial,вниз
1786194763609,free_text,webrtc_ns_low,50800.0,partial,вниз
1786194763609,free_text,webrtc_ns_low,50840.0,partial,вниз
1786194763609,free_text,webrtc_ns_low,50880.0,partial,вниз
1786194763609,free_text,webrtc_ns_low,50920.0,partial,вниз
1786194763609,free_text,webrtc_ns_low,50960.0,partial,вниз
1786194763609,free_text,webrtc_ns_low,51000.0,partial,вниз
1786194763609,free_text,webrtc_ns_low,51040.0,partial,вниз
1786194763609,free_text,webrtc_ns_low,51080.0,partial,вниз
1786194763609,free_text,webrtc_ns_low,51120.0,partial,вниз
1786194763609,free_text,webrtc_ns_low,51160.0,partial,вниз
1786194763609,free_text,webrtc_ns_low,51200.0,partial,вниз
1786194763609,free_text,webrtc_ns_low,51240.0,partial,вниз в
1786194763609,free_text,webrtc_ns_low,51280.0,partial,вниз в
1786194763609,free_text,webrtc_ns_low,51320.0,partial,вниз в
1786194763609,free_text,webrtc_ns_low,51360.0,partial,вниз в
1786194763609,free_text,webrtc_ns_low,51400.0,partial,вниз в
1786194763609,free_text,webrtc_ns_low,51440.0,partial,вниз в
1786194763609,free_text,webrtc_ns_low,51480.0,partial,вниз вниз
1786194763609,free_text,webrtc_ns_low,51520.0,partial,вниз вниз
1786194763609,free_text,webrtc_ns_low,51560.0,partial,вниз вниз
1786194763609,free_text,webrtc_ns_low,51600.0,partial,вниз вниз
1786194763609,free_text,webrtc_ns_low,51640.0,partial,вниз вниз
1786194763609,free_text,webrtc_ns_low,51680.0,partial,вниз вниз
1786194763609,free_text,webrtc_ns_low,51720.0,partial,вниз вниз
1786194763609,free_text,webrtc_ns_low,51760.0,partial,вниз вниз
1786194763609,free_text,webrtc_ns_low,51800.0,partial,вниз вниз
1786194763609,free_text,webrtc_ns_low,51840.0,partial,вниз вниз
1786194763609,free_text,webrtc_ns_low,51880.0,partial,вниз вниз
1786194763609,free_text,webrtc_ns_low,51920.0,partial,вниз вниз
1786194763609,free_text,webrtc_ns_low,51960.0,partial,вниз вниз
1786194763609,free_text,webrtc_ns_low,52000.0,partial,вниз вниз
1786194763609,free_text,webrtc_ns_low,52040.0,partial,вниз вниз
1786194763609,free_text,webrtc_ns_low,52080.0,partial,вниз вниз
1786194763609,free_text,webrtc_ns_low,52120.0,partial,вниз вниз
1786194763609,free_text,webrtc_ns_low,52160.0,partial,вниз вниз
1786194763609,free_text,webrtc_ns_low,52200.0,endpoint,вниз вниз
1786194763609,free_text,webrtc_ns_low,52680.0,partial,вниз
1786194763609,free_text,webrtc_ns_low,52720.0,partial,вниз
1786194763609,free_text,webrtc_ns_low,52760.0,partial,вниз
1786194763609,free_text,webrtc_ns_low,52800.0,partial,вниз
1786194763609,free_text,webrtc_ns_low,52840.0,partial,вниз
1786194763609,free_text,webrtc_ns_low,52880.0,partial,вниз
1786194763609,free_text,webrtc_ns_low,52920.0,partial,вниз
1786194763609,free_text,webrtc_ns_low,52960.0,partial,вниз
1786194763609,free_text,webrtc_ns_low,53000.0,partial,вниз
1786194763609,free_text,webrtc_ns_low,53040.0,partial,вниз
1786194763609,free_text,webrtc_ns_low,53080.0,partial,вниз
1786194763609,free_text,webrtc_ns_low,53120.0,partial,вниз
1786194763609,free_text,webrtc_ns_low,53160.0,partial,вниз
1786194763609,free_text,webrtc_ns_low,53200.0,partial,вниз
1786194763609,free_text,webrtc_ns_low,53240.0,partial,вниз
1786194763609,free_text,webrtc_ns_low,53280.0,partial,вниз
1786194763609,free_text,webrtc_ns_low,53320.0,partial,вниз
1786194763609,free_text,webrtc_ns_low,53360.0,partial,вниз
1786194763609,free_text,webrtc_ns_low,53400.0,endpoint,вниз
1786194763609,free_text,webrtc_ns_low,56520.0,partial,вверх
1786194763609,free_text,webrtc_ns_low,56560.0,partial,вверх
1786194763609,free_text,webrtc_ns_low,56600.0,partial,вверх
1786194763609,free_text,webrtc_ns_low,56640.0,partial,вверх
1786194763609,free_text,webrtc_ns_low,56680.0,partial,вверх
1786194763609,free_text,webrtc_ns_low,56720.0,partial,вверх
1786194763609,free_text,webrtc_ns_low,56760.0,partial,вверх
1786194763609,free_text,webrtc_ns_low,56800.0,partial,вверх
1786194763609,free_text,webrtc_ns_low,56840.0,partial,вверх
1786194763609,free_text,webrtc_ns_low,56880.0,partial,вверх
1786194763609,free_text,webrtc_ns_low,56920.0,partial,вверх
1786194763609,free_text,webrtc_ns_low,56960.0,partial,вверх
1786194763609,free_text,webrtc_ns_low,57000.0,endpoint,вверх
1786194763609,free_text,webrtc_ns_low,58680.0,partial,печать
1786194763609,free_text,webrtc_ns_low,58720.0,partial,печать
1786194763609,free_text,webrtc_ns_low,58760.0,partial,печать
1786194763609,free_text,webrtc_ns_low,58800.0,partial,печать
1786194763609,free_text,webrtc_ns_low,58840.0,partial,печать
1786194763609,free_text,webrtc_ns_low,58880.0,partial,печать
1786194763609,free_text,webrtc_ns_low,58920.0,partial,печать
1786194763609,free_text,webrtc_ns_low,58960.0,partial,печать
1786194763609,free_text,webrtc_ns_low,59000.0,partial,печать
1786194763609,free_text,webrtc_ns_low,59040.0,partial,печать
1786194763609,free_text,webrtc_ns_low,59080.0,partial,печать
1786194763609,free_text,webrtc_ns_low,59120.0,partial,печать
1786194763609,free_text,webrtc_ns_low,59160.0,partial,печать
1786194763609,free_text,webrtc_ns_low,59200.0,partial,печать
1786194763609,free_text,webrtc_ns_low,59240.0,partial,печать
1786194763609,free_text,webrtc_ns_low,59280.0,partial,печать
1786194763609,free_text,webrtc_ns_low,59320.0,partial,печать
1786194763609,free_text,webrtc_ns_low,59360.0,partial,печать
1786194763609,free_text,webrtc_ns_low,59400.0,partial,печать
1786194763609,free_text,webrtc_ns_low,59440.0,partial,печать
1786194763609,free_text,webrtc_ns_low,59480.0,partial,печать
1786194763609,free_text,webrtc_ns_low,59520.0,partial,печать
1786194763609,free_text,webrtc_ns_low,59560.0,partial,печать
1786194763609,free_text,webrtc_ns_low,59600.0,partial,печать
1786194763609,free_text,webrtc_ns_low,59640.0,endpoint,печать
1786194763609,free_text,webrtc_ns_low,61080.0,partial,белый
1786194763609,free_text,webrtc_ns_low,61120.0,partial,белый
1786194763609,free_text,webrtc_ns_low,61160.0,partial,белый
1786194763609,free_text,webrtc_ns_low,61200.0,partial,белый
1786194763609,free_text,webrtc_ns_low,61240.0,partial,белый
1786194763609,free_text,webrtc_ns_low,61280.0,partial,белый
1786194763609,free_text,webrtc_ns_low,61320.0,partial,белый
1786194763609,free_text,webrtc_ns_low,61360.0,partial,белый
1786194763609,free_text,webrtc_ns_low,61400.0,partial,белый
1786194763609,free_text,webrtc_ns_low,61440.0,partial,белый
1786194763609,free_text,webrtc_ns_low,61480.0,partial,белый
1786194763609,free_text,webrtc_ns_low,61520.0,partial,белый
1786194763609,free_text,webrtc_ns_low,61560.0,partial,белый
1786194763609,free_text,webrtc_ns_low,61600.0,partial,белый
1786194763609,free_text,webrtc_ns_low,61640.0,partial,белый
1786194763609,free_text,webrtc_ns_low,61680.0,partial,белый
1786194763609,free_text,webrtc_ns_low,61720.0,partial,белый
1786194763609,free_text,webrtc_ns_low,61760.0,partial,белый
1786194763609,free_text,webrtc_ns_low,61800.0,partial,белый
1786194763609,free_text,webrtc_ns_low,61840.0,partial,белый
1786194763609,free_text,webrtc_ns_low,61880.0,partial,белый
1786194763609,free_text,webrtc_ns_low,61920.0,partial,белый
1786194763609,free_text,webrtc_ns_low,61960.0,partial,белый
1786194763609,free_text,webrtc_ns_low,62000.0,partial,белый
1786194763609,free_text,webrtc_ns_low,62040.0,partial,белый
1786194763609,free_text,webrtc_ns_low,62080.0,partial,белый
1786194763609,free_text,webrtc_ns_low,62120.0,partial,белый
1786194763609,free_text,webrtc_ns_low,62160.0,partial,белый
1786194763609,free_text,webrtc_ns_low,62200.0,partial,белый
1786194763609,free_text,webrtc_ns_low,62240.0,partial,белый
1786194763609,free_text,webrtc_ns_low,62280.0,endpoint,белый
1786194763609,free_text,webrtc_ns_low,63480.0,partial,назад
1786194763609,free_text,webrtc_ns_low,63520.0,partial,назад
1786194763609,free_text,webrtc_ns_low,63560.0,partial,назад
1786194763609,free_text,webrtc_ns_low,63600.0,partial,назад
1786194763609,free_text,webrtc_ns_low,63640.0,partial,назад
1786194763609,free_text,webrtc_ns_low,63680.0,partial,назад
1786194763609,free_text,webrtc_ns_low,63720.0,partial,назад
1786194763609,free_text,webrtc_ns_low,63760.0,partial,назад
1786194763609,free_text,webrtc_ns_low,63800.0,partial,назад
1786194763609,free_text,webrtc_ns_low,63840.0,partial,назад
1786194763609,free_text,webrtc_ns_low,63880.0,partial,назад
1786194763609,free_text,webrtc_ns_low,63920.0,partial,назад
1786194763609,free_text,webrtc_ns_low,63960.0,endpoint,назад
1786194763609,free_text,webrtc_ns_low,66120.0,partial,же печать
1786194763609,free_text,webrtc_ns_low,66160.0,partial,же печать
1786194763609,free_text,webrtc_ns_low,66200.0,partial,же печать
1786194763609,free_text,webrtc_ns_low,66240.0,partial,же печать
1786194763609,free_text,webrtc_ns_low,66280.0,partial,же печать
1786194763609,free_text,webrtc_ns_low,66320.0,partial,же печать
1786194763609,free_text,webrtc_ns_low,66360.0,partial,же печать
1786194763609,free_text,webrtc_ns_low,66400.0,partial,же печать
1786194763609,free_text,webrtc_ns_low,66440.0,partial,же печать
1786194763609,free_text,webrtc_ns_low,66480.0,partial,же печать
1786194763609,free_text,webrtc_ns_low,66520.0,partial,же печать
1786194763609,free_text,webrtc_ns_low,66560.0,partial,же печать
1786194763609,free_text,webrtc_ns_low,66600.0,partial,же печать
1786194763609,free_text,webrtc_ns_low,66640.0,partial,же печать
1786194763609,free_text,webrtc_ns_low,66680.0,partial,же печать
1786194763609,free_text,webrtc_ns_low,66720.0,partial,же печать
1786194763609,free_text,webrtc_ns_low,66760.0,partial,же печать
1786194763609,free_text,webrtc_ns_low,66800.0,partial,же печать
1786194763609,free_text,webrtc_ns_low,66840.0,partial,же печать
1786194763609,free_text,webrtc_ns_low,66880.0,partial,же печать
1786194763609,free_text,webrtc_ns_low,66920.0,partial,же печать
1786194763609,free_text,webrtc_ns_low,66960.0,partial,же печать
1786194763609,free_text,webrtc_ns_low,67000.0,partial,же печать
1786194763609,free_text,webrtc_ns_low,67040.0,partial,же печать
1786194763609,free_text,webrtc_ns_low,67080.0,partial,же печать
1786194763609,free_text,webrtc_ns_low,67120.0,partial,же печать
1786194763609,free_text,webrtc_ns_low,67160.0,partial,же печать
1786194763609,free_text,webrtc_ns_low,67200.0,partial,же печать
1786194763609,free_text,webrtc_ns_low,67240.0,partial,же печать
1786194763609,free_text,webrtc_ns_low,67280.0,partial,же печать
1786194763609,free_text,webrtc_ns_low,67320.0,endpoint,же печать
1786194763609,free_text,webrtc_ns_low,70920.0,partial,печать
1786194763609,free_text,webrtc_ns_low,70960.0,partial,печать
1786194763609,free_text,webrtc_ns_low,71000.0,partial,печать
1786194763609,free_text,webrtc_ns_low,71040.0,partial,печать
1786194763609,free_text,webrtc_ns_low,71080.0,partial,печать
1786194763609,free_text,webrtc_ns_low,71120.0,partial,печать
1786194763609,free_text,webrtc_ns_low,71160.0,partial,печать
1786194763609,free_text,webrtc_ns_low,71200.0,partial,печать
1786194763609,free_text,webrtc_ns_low,71240.0,partial,печать
1786194763609,free_text,webrtc_ns_low,71280.0,partial,печать
1786194763609,free_text,webrtc_ns_low,71320.0,partial,печать
1786194763609,free_text,webrtc_ns_low,71360.0,partial,печать
1786194763609,free_text,webrtc_ns_low,71400.0,partial,печать
1786194763609,free_text,webrtc_ns_low,71440.0,partial,печать
1786194763609,free_text,webrtc_ns_low,71480.0,partial,печать
1786194763609,free_text,webrtc_ns_low,71520.0,partial,печать
1786194763609,free_text,webrtc_ns_low,71560.0,partial,печать
1786194763609,free_text,webrtc_ns_low,71600.0,partial,печать
1786194763609,free_text,webrtc_ns_low,71640.0,partial,печать
1786194763609,free_text,webrtc_ns_low,71680.0,partial,печать
1786194763609,free_text,webrtc_ns_low,71720.0,partial,печать
1786194763609,free_text,webrtc_ns_low,71760.0,partial,печать
1786194763609,free_text,webrtc_ns_low,71800.0,partial,печать
1786194763609,free_text,webrtc_ns_low,71840.0,partial,печать
1786194763609,free_text,webrtc_ns_low,71880.0,endpoint,печать
1786194763609,free_text,webrtc_ns_low,73320.0,partial,жёлтой
1786194763609,free_text,webrtc_ns_low,73360.0,partial,жёлтой
1786194763609,free_text,webrtc_ns_low,73400.0,partial,жёлтой
1786194763609,free_text,webrtc_ns_low,73440.0,partial,жёлтой
1786194763609,free_text,webrtc_ns_low,73480.0,partial,жёлтой
1786194763609,free_text,webrtc_ns_low,73520.0,partial,жёлтой
1786194763609,free_text,webrtc_ns_low,73560.0,partial,жёлтой
1786194763609,free_text,webrtc_ns_low,73600.0,partial,жёлтой
1786194763609,free_text,webrtc_ns_low,73640.0,partial,жёлтой
1786194763609,free_text,webrtc_ns_low,73680.0,partial,жёлтой
1786194763609,free_text,webrtc_ns_low,73720.0,partial,жёлтой
1786194763609,free_text,webrtc_ns_low,73760.0,partial,жёлтой
1786194763609,free_text,webrtc_ns_low,73800.0,partial,жёлтой
1786194763609,free_text,webrtc_ns_low,73840.0,partial,жёлтой
1786194763609,free_text,webrtc_ns_low,73880.0,partial,жёлтой
1786194763609,free_text,webrtc_ns_low,73920.0,partial,жёлтой
1786194763609,free_text,webrtc_ns_low,73960.0,partial,жёлтой
1786194763609,free_text,webrtc_ns_low,74000.0,partial,жёлтой
1786194763609,free_text,webrtc_ns_low,74040.0,partial,жёлтой
1786194763609,free_text,webrtc_ns_low,74080.0,partial,жёлтой
1786194763609,free_text,webrtc_ns_low,74120.0,partial,жёлтой
1786194763609,free_text,webrtc_ns_low,74160.0,partial,жёлтой
1786194763609,free_text,webrtc_ns_low,74200.0,partial,жёлтой
1786194763609,free_text,webrtc_ns_low,74240.0,partial,жёлтой
1786194763609,free_text,webrtc_ns_low,74280.0,partial,жёлтой
1786194763609,free_text,webrtc_ns_low,74320.0,partial,жёлтой
1786194763609,free_text,webrtc_ns_low,74360.0,partial,жёлтой
1786194763609,free_text,webrtc_ns_low,74400.0,partial,жёлтой
1786194763609,free_text,webrtc_ns_low,74440.0,partial,жёлтой
1786194763609,free_text,webrtc_ns_low,74480.0,partial,жёлтой
1786194763609,free_text,webrtc_ns_low,74520.0,endpoint,жёлтой
1786194763609,free_text,webrtc_ns_low,82200.0,partial,жёлтый
1786194763609,free_text,webrtc_ns_low,82240.0,partial,жёлтый
1786194763609,free_text,webrtc_ns_low,82280.0,partial,жёлтый
1786194763609,free_text,webrtc_ns_low,82320.0,partial,жёлтый
1786194763609,free_text,webrtc_ns_low,82360.0,partial,жёлтый
1786194763609,free_text,webrtc_ns_low,82400.0,partial,жёлтый
1786194763609,free_text,webrtc_ns_low,82440.0,partial,жёлтый
1786194763609,free_text,webrtc_ns_low,82480.0,partial,жёлтый
1786194763609,free_text,webrtc_ns_low,82520.0,partial,жёлтый
1786194763609,free_text,webrtc_ns_low,82560.0,partial,жёлтый
1786194763609,free_text,webrtc_ns_low,82600.0,partial,жёлтый
1786194763609,free_text,webrtc_ns_low,82640.0,partial,жёлтый
1786194763609,free_text,webrtc_ns_low,82680.0,partial,жёлтый
1786194763609,free_text,webrtc_ns_low,82720.0,partial,жёлтый
1786194763609,free_text,webrtc_ns_low,82760.0,partial,жёлтый
1786194763609,free_text,webrtc_ns_low,82800.0,partial,жёлтый
1786194763609,free_text,webrtc_ns_low,82840.0,partial,жёлтый
1786194763609,free_text,webrtc_ns_low,82880.0,partial,жёлтый
1786194763609,free_text,webrtc_ns_low,82920.0,partial,жёлтый
1786194763609,free_text,webrtc_ns_low,82960.0,partial,жёлтый
1786194763609,free_text,webrtc_ns_low,83000.0,partial,жёлтый
1786194763609,free_text,webrtc_ns_low,83040.0,partial,жёлтый
1786194763609,free_text,webrtc_ns_low,83080.0,partial,жёлтый
1786194763609,free_text,webrtc_ns_low,83120.0,partial,жёлтый
1786194763609,free_text,webrtc_ns_low,83160.0,endpoint,жёлтый
1786194763609,free_text,webrtc_ns_low,89640.0,partial,жёлтый
1786194763609,free_text,webrtc_ns_low,89680.0,partial,жёлтый
1786194763609,free_text,webrtc_ns_low,89720.0,partial,жёлтый
1786194763609,free_text,webrtc_ns_low,89760.0,partial,жёлтый
1786194763609,free_text,webrtc_ns_low,89800.0,partial,жёлтый
1786194763609,free_text,webrtc_ns_low,89840.0,partial,жёлтый
1786194763609,free_text,webrtc_ns_low,89880.0,partial,жёлтый
1786194763609,free_text,webrtc_ns_low,89920.0,partial,жёлтый
1786194763609,free_text,webrtc_ns_low,89960.0,partial,жёлтый
1786194763609,free_text,webrtc_ns_low,90000.0,partial,жёлтый
1786194763609,free_text,webrtc_ns_low,90040.0,partial,жёлтый
1786194763609,free_text,webrtc_ns_low,90080.0,partial,жёлтый
1786194763609,free_text,webrtc_ns_low,90120.0,partial,жёлтый
1786194763609,free_text,webrtc_ns_low,90160.0,partial,жёлтый
1786194763609,free_text,webrtc_ns_low,90200.0,partial,жёлтый
1786194763609,free_text,webrtc_ns_low,90240.0,partial,жёлтый
1786194763609,free_text,webrtc_ns_low,90280.0,partial,жёлтый
1786194763609,free_text,webrtc_ns_low,90320.0,partial,жёлтый
1786194763609,free_text,webrtc_ns_low,90360.0,partial,жёлтый
1786194763609,free_text,webrtc_ns_low,90400.0,partial,жёлтый
1786194763609,free_text,webrtc_ns_low,90440.0,partial,жёлтый
1786194763609,free_text,webrtc_ns_low,90480.0,partial,жёлтый
1786194763609,free_text,webrtc_ns_low,90520.0,partial,жёлтый
1786194763609,free_text,webrtc_ns_low,90560.0,partial,жёлтый
1786194763609,free_text,webrtc_ns_low,90600.0,endpoint,жёлтый
1786194763609,free_text,webrtc_ns_low,94920.0,partial,белый
1786194763609,free_text,webrtc_ns_low,94960.0,partial,белый
1786194763609,free_text,webrtc_ns_low,95000.0,partial,белый
1786194763609,free_text,webrtc_ns_low,95040.0,partial,белый
1786194763609,free_text,webrtc_ns_low,95080.0,partial,белый
1786194763609,free_text,webrtc_ns_low,95120.0,partial,белый
1786194763609,free_text,webrtc_ns_low,95160.0,partial,белый
1786194763609,free_text,webrtc_ns_low,95200.0,partial,белый
1786194763609,free_text,webrtc_ns_low,95240.0,partial,белый
1786194763609,free_text,webrtc_ns_low,95280.0,partial,белый
1786194763609,free_text,webrtc_ns_low,95320.0,partial,белый
1786194763609,free_text,webrtc_ns_low,95360.0,partial,белый
1786194763609,free_text,webrtc_ns_low,95400.0,partial,белый
1786194763609,free_text,webrtc_ns_low,95440.0,partial,белый
1786194763609,free_text,webrtc_ns_low,95480.0,partial,белый
1786194763609,free_text,webrtc_ns_low,95520.0,partial,белый
1786194763609,free_text,webrtc_ns_low,95560.0,partial,белый
1786194763609,free_text,webrtc_ns_low,95600.0,partial,белый
1786194763609,free_text,webrtc_ns_low,95640.0,partial,белый
1786194763609,free_text,webrtc_ns_low,95680.0,partial,белый
1786194763609,free_text,webrtc_ns_low,95720.0,partial,белый
1786194763609,free_text,webrtc_ns_low,95760.0,partial,белый
1786194763609,free_text,webrtc_ns_low,95800.0,partial,белый
1786194763609,free_text,webrtc_ns_low,95840.0,partial,белый
1786194763609,free_text,webrtc_ns_low,95880.0,partial,белый
1786194763609,free_text,webrtc_ns_low,95920.0,partial,белый
1786194763609,free_text,webrtc_ns_low,95960.0,partial,белый
1786194763609,free_text,webrtc_ns_low,96000.0,partial,белый
1786194763609,free_text,webrtc_ns_low,96040.0,partial,белый
1786194763609,free_text,webrtc_ns_low,96080.0,partial,белый
1786194763609,free_text,webrtc_ns_low,96120.0,endpoint,белый
1786194763609,free_text,webrtc_ns_low,98280.0,partial,назад
1786194763609,free_text,webrtc_ns_low,98320.0,partial,назад
1786194763609,free_text,webrtc_ns_low,98360.0,partial,назад
1786194763609,free_text,webrtc_ns_low,98400.0,partial,назад
1786194763609,free_text,webrtc_ns_low,98440.0,partial,назад
1786194763609,free_text,webrtc_ns_low,98480.0,partial,назад
1786194763609,free_text,webrtc_ns_low,98520.0,partial,назад
1786194763609,free_text,webrtc_ns_low,98560.0,partial,назад
1786194763609,free_text,webrtc_ns_low,98600.0,partial,назад
1786194763609,free_text,webrtc_ns_low,98640.0,partial,назад
1786194763609,free_text,webrtc_ns_low,98680.0,partial,назад
1786194763609,free_text,webrtc_ns_low,98720.0,partial,назад
1786194763609,free_text,webrtc_ns_low,98760.0,endpoint,назад
1786194763609,free_text,webrtc_ns_low,105240.0,partial,назад
1786194763609,free_text,webrtc_ns_low,105280.0,partial,назад
1786194763609,free_text,webrtc_ns_low,105320.0,partial,назад
1786194763609,free_text,webrtc_ns_low,105360.0,partial,назад
1786194763609,free_text,webrtc_ns_low,105400.0,partial,назад
1786194763609,free_text,webrtc_ns_low,105440.0,partial,назад
1786194763609,free_text,webrtc_ns_low,105480.0,partial,назад
1786194763609,free_text,webrtc_ns_low,105520.0,partial,назад
1786194763609,free_text,webrtc_ns_low,105560.0,partial,назад
1786194763609,free_text,webrtc_ns_low,105600.0,partial,назад
1786194763609,free_text,webrtc_ns_low,105640.0,partial,назад
1786194763609,free_text,webrtc_ns_low,105680.0,partial,назад
1786194763609,free_text,webrtc_ns_low,105720.0,partial,назад
1786194763609,free_text,webrtc_ns_low,105760.0,partial,назад
1786194763609,free_text,webrtc_ns_low,105800.0,partial,назад
1786194763609,free_text,webrtc_ns_low,105840.0,partial,назад
1786194763609,free_text,webrtc_ns_low,105880.0,partial,назад
1786194763609,free_text,webrtc_ns_low,105920.0,partial,назад
1786194763609,free_text,webrtc_ns_low,105960.0,endpoint,назад
1786194763609,free_text,webrtc_ns_low,107880.0,partial,назад
1786194763609,free_text,webrtc_ns_low,107920.0,partial,назад
1786194763609,free_text,webrtc_ns_low,107960.0,partial,назад
1786194763609,free_text,webrtc_ns_low,108000.0,partial,назад
1786194763609,free_text,webrtc_ns_low,108040.0,partial,назад
1786194763609,free_text,webrtc_ns_low,108080.0,partial,назад
1786194763609,free_text,webrtc_ns_low,108120.0,partial,назад
1786194763609,free_text,webrtc_ns_low,108160.0,partial,назад
1786194763609,free_text,webrtc_ns_low,108200.0,partial,назад
1786194763609,free_text,webrtc_ns_low,108240.0,partial,назад
1786194763609,free_text,webrtc_ns_low,108280.0,partial,назад
1786194763609,free_text,webrtc_ns_low,108320.0,partial,назад
1786194763609,free_text,webrtc_ns_low,108360.0,partial,назад
1786194763609,free_text,webrtc_ns_low,108400.0,partial,назад
1786194763609,free_text,webrtc_ns_low,108440.0,partial,назад
1786194763609,free_text,webrtc_ns_low,108480.0,partial,назад
1786194763609,free_text,webrtc_ns_low,108520.0,partial,назад
1786194763609,free_text,webrtc_ns_low,108560.0,partial,назад
1786194763609,free_text,webrtc_ns_low,108600.0,endpoint,назад
1786194763609,free_text,webrtc_ns_low,111000.0,partial,доступность
1786194763609,free_text,webrtc_ns_low,111040.0,partial,доступность
1786194763609,free_text,webrtc_ns_low,111080.0,partial,доступность
1786194763609,free_text,webrtc_ns_low,111120.0,partial,доступность
1786194763609,free_text,webrtc_ns_low,111160.0,partial,доступность
1786194763609,free_text,webrtc_ns_low,111200.0,partial,доступность
1786194763609,free_text,webrtc_ns_low,111240.0,partial,доступность
1786194763609,free_text,webrtc_ns_low,111280.0,partial,доступность
1786194763609,free_text,webrtc_ns_low,111320.0,partial,доступность
1786194763609,free_text,webrtc_ns_low,111360.0,partial,доступность
1786194763609,free_text,webrtc_ns_low,111400.0,partial,доступность
1786194763609,free_text,webrtc_ns_low,111440.0,partial,доступность
1786194763609,free_text,webrtc_ns_low,111480.0,partial,доступность
1786194763609,free_text,webrtc_ns_low,111520.0,partial,доступность
1786194763609,free_text,webrtc_ns_low,111560.0,partial,доступность
1786194763609,free_text,webrtc_ns_low,111600.0,partial,доступность
1786194763609,free_text,webrtc_ns_low,111640.0,partial,доступность
1786194763609,free_text,webrtc_ns_low,111680.0,partial,доступность
1786194763609,free_text,webrtc_ns_low,111720.0,partial,доступность
1786194763609,free_text,webrtc_ns_low,111760.0,partial,доступность
1786194763609,free_text,webrtc_ns_low,111800.0,partial,доступность
1786194763609,free_text,webrtc_ns_low,111840.0,partial,доступность
1786194763609,free_text,webrtc_ns_low,111880.0,partial,доступность
1786194763609,free_text,webrtc_ns_low,111920.0,partial,доступность
1786194763609,free_text,webrtc_ns_low,111960.0,partial,доступность
1786194763609,free_text,webrtc_ns_low,112000.0,partial,доступность
1786194763609,free_text,webrtc_ns_low,112040.0,partial,доступность
1786194763609,free_text,webrtc_ns_low,112080.0,partial,доступность
1786194763609,free_text,webrtc_ns_low,112120.0,partial,доступность
1786194763609,free_text,webrtc_ns_low,112160.0,partial,доступность
1786194763609,free_text,webrtc_ns_low,112200.0,endpoint,доступность
1786194763609,free_text,webrtc_ns_low,113400.0,partial,список
1786194763609,free_text,webrtc_ns_low,113440.0,partial,список
1786194763609,free_text,webrtc_ns_low,113480.0,partial,список
1786194763609,free_text,webrtc_ns_low,113520.0,partial,список
1786194763609,free_text,webrtc_ns_low,113560.0,partial,список
1786194763609,free_text,webrtc_ns_low,113600.0,partial,список
1786194763609,free_text,webrtc_ns_low,113640.0,partial,список
1786194763609,free_text,webrtc_ns_low,113680.0,partial,список
1786194763609,free_text,webrtc_ns_low,113720.0,partial,список
1786194763609,free_text,webrtc_ns_low,113760.0,partial,список
1786194763609,free_text,webrtc_ns_low,113800.0,partial,список
1786194763609,free_text,webrtc_ns_low,113840.0,partial,список
1786194763609,free_text,webrtc_ns_low,113880.0,partial,список
1786194763609,free_text,webrtc_ns_low,113920.0,partial,список
1786194763609,free_text,webrtc_ns_low,113960.0,partial,список
1786194763609,free_text,webrtc_ns_low,114000.0,partial,список
1786194763609,free_text,webrtc_ns_low,114040.0,partial,список
1786194763609,free_text,webrtc_ns_low,114080.0,partial,список
1786194763609,free_text,webrtc_ns_low,114120.0,partial,список
1786194763609,free_text,webrtc_ns_low,114160.0,partial,список
1786194763609,free_text,webrtc_ns_low,114200.0,partial,список
1786194763609,free_text,webrtc_ns_low,114240.0,partial,список
1786194763609,free_text,webrtc_ns_low,114280.0,partial,список
1786194763609,free_text,webrtc_ns_low,114320.0,partial,список
1786194763609,free_text,webrtc_ns_low,114360.0,partial,список
1786194763609,free_text,webrtc_ns_low,114400.0,partial,список
1786194763609,free_text,webrtc_ns_low,114440.0,partial,список
1786194763609,free_text,webrtc_ns_low,114480.0,partial,список
1786194763609,free_text,webrtc_ns_low,114520.0,partial,список
1786194763609,free_text,webrtc_ns_low,114560.0,partial,список
1786194763609,free_text,webrtc_ns_low,114600.0,partial,список
1786194763609,free_text,webrtc_ns_low,114640.0,partial,список
1786194763609,free_text,webrtc_ns_low,114680.0,partial,список
1786194763609,free_text,webrtc_ns_low,114720.0,partial,список
1786194763609,free_text,webrtc_ns_low,114760.0,partial,список
1786194763609,free_text,webrtc_ns_low,114800.0,partial,список
1786194763609,free_text,webrtc_ns_low,114840.0,endpoint,список
1786194763609,free_text,webrtc_ns_low,150840.0,partial,назад
1786194763609,free_text,webrtc_ns_low,150880.0,partial,назад
1786194763609,free_text,webrtc_ns_low,150920.0,partial,назад
1786194763609,free_text,webrtc_ns_low,150960.0,partial,назад
1786194763609,free_text,webrtc_ns_low,151000.0,partial,назад
1786194763609,free_text,webrtc_ns_low,151040.0,partial,назад
1786194763609,free_text,webrtc_ns_low,151080.0,partial,назад
1786194763609,free_text,webrtc_ns_low,151120.0,partial,назад
1786194763609,free_text,webrtc_ns_low,151160.0,partial,назад
1786194763609,free_text,webrtc_ns_low,151200.0,partial,назад
1786194763609,free_text,webrtc_ns_low,151240.0,partial,назад
1786194763609,free_text,webrtc_ns_low,151280.0,partial,назад
1786194763609,free_text,webrtc_ns_low,151320.0,endpoint,назад
1786194763609,free_text,webrtc_ns_low,155880.0,partial,список
1786194763609,free_text,webrtc_ns_low,155920.0,partial,список
1786194763609,free_text,webrtc_ns_low,155960.0,partial,список
1786194763609,free_text,webrtc_ns_low,156000.0,partial,список
1786194763609,free_text,webrtc_ns_low,156040.0,partial,список
1786194763609,free_text,webrtc_ns_low,156080.0,partial,список
1786194763609,free_text,webrtc_ns_low,156120.0,partial,список
1786194763609,free_text,webrtc_ns_low,156160.0,partial,список
1786194763609,free_text,webrtc_ns_low,156200.0,partial,список
1786194763609,free_text,webrtc_ns_low,156240.0,partial,список
1786194763609,free_text,webrtc_ns_low,156280.0,partial,список
1786194763609,free_text,webrtc_ns_low,156320.0,partial,список
1786194763609,free_text,webrtc_ns_low,156360.0,partial,список
1786194763609,free_text,webrtc_ns_low,156400.0,partial,список
1786194763609,free_text,webrtc_ns_low,156440.0,partial,список
1786194763609,free_text,webrtc_ns_low,156480.0,partial,список
1786194763609,free_text,webrtc_ns_low,156520.0,partial,список
1786194763609,free_text,webrtc_ns_low,156560.0,partial,список
1786194763609,free_text,webrtc_ns_low,156600.0,partial,список
1786194763609,free_text,webrtc_ns_low,156640.0,partial,список
1786194763609,free_text,webrtc_ns_low,156680.0,partial,список
1786194763609,free_text,webrtc_ns_low,156720.0,partial,список
1786194763609,free_text,webrtc_ns_low,156760.0,partial,список
1786194763609,free_text,webrtc_ns_low,156800.0,partial,список
1786194763609,free_text,webrtc_ns_low,156840.0,partial,список
1786194763609,free_text,webrtc_ns_low,156880.0,partial,список
1786194763609,free_text,webrtc_ns_low,156920.0,partial,список
1786194763609,free_text,webrtc_ns_low,156960.0,partial,список
1786194763609,free_text,webrtc_ns_low,157000.0,partial,список
1786194763609,free_text,webrtc_ns_low,157040.0,partial,список
1786194763609,free_text,webrtc_ns_low,157080.0,endpoint,список
1786194763609,free_text,webrtc_ns_low,171960.0,partial,назад
1786194763609,free_text,webrtc_ns_low,172000.0,partial,назад
1786194763609,free_text,webrtc_ns_low,172040.0,partial,назад
1786194763609,free_text,webrtc_ns_low,172080.0,partial,назад
1786194763609,free_text,webrtc_ns_low,172120.0,partial,назад
1786194763609,free_text,webrtc_ns_low,172160.0,partial,назад
1786194763609,free_text,webrtc_ns_low,172200.0,partial,назад
1786194763609,free_text,webrtc_ns_low,172240.0,partial,назад
1786194763609,free_text,webrtc_ns_low,172280.0,partial,назад
1786194763609,free_text,webrtc_ns_low,172320.0,partial,назад
1786194763609,free_text,webrtc_ns_low,172360.0,partial,назад
1786194763609,free_text,webrtc_ns_low,172400.0,partial,назад
1786194763609,free_text,webrtc_ns_low,172440.0,partial,назад
1786194763609,free_text,webrtc_ns_low,172480.0,partial,назад
1786194763609,free_text,webrtc_ns_low,172520.0,partial,назад
1786194763609,free_text,webrtc_ns_low,172560.0,partial,назад
1786194763609,free_text,webrtc_ns_low,172600.0,partial,назад
1786194763609,free_text,webrtc_ns_low,172640.0,partial,назад
1786194763609,free_text,webrtc_ns_low,172680.0,endpoint,назад
1786194763609,free_text,webrtc_ns_low,178920.0,partial,назад
1786194763609,free_text,webrtc_ns_low,178960.0,partial,назад
1786194763609,free_text,webrtc_ns_low,179000.0,partial,назад
1786194763609,free_text,webrtc_ns_low,179040.0,partial,назад
1786194763609,free_text,webrtc_ns_low,179080.0,partial,назад
1786194763609,free_text,webrtc_ns_low,179120.0,partial,назад
1786194763609,free_text,webrtc_ns_low,179160.0,partial,назад
1786194763609,free_text,webrtc_ns_low,179200.0,partial,назад
1786194763609,free_text,webrtc_ns_low,179240.0,partial,назад
1786194763609,free_text,webrtc_ns_low,179280.0,partial,назад
1786194763609,free_text,webrtc_ns_low,179320.0,partial,назад
1786194763609,free_text,webrtc_ns_low,179360.0,partial,назад
1786194763609,free_text,webrtc_ns_low,179400.0,endpoint,назад
1786194763609,command_menu,webrtc_ns_moderate,10200.0,partial,вниз
1786194763609,command_menu,webrtc_ns_moderate,10240.0,partial,вниз
1786194763609,command_menu,webrtc_ns_moderate,10280.0,partial,вниз
1786194763609,command_menu,webrtc_ns_moderate,10320.0,partial,вниз
1786194763609,command_menu,webrtc_ns_moderate,10360.0,partial,вниз
1786194763609,command_menu,webrtc_ns_moderate,10400.0,partial,вниз
1786194763609,command_menu,webrtc_ns_moderate,10440.0,partial,вниз
1786194763609,command_menu,webrtc_ns_moderate,10480.0,partial,вниз
1786194763609,command_menu,webrtc_ns_moderate,10520.0,partial,вниз
1786194763609,command_menu,webrtc_ns_moderate,10560.0,partial,вниз
1786194763609,command_menu,webrtc_ns_moderate,10600.0,partial,вниз
1786194763609,command_menu,webrtc_ns_moderate,10640.0,partial,вниз
1786194763609,command_menu,webrtc_ns_moderate,10680.0,partial,вниз
1786194763609,command_menu,webrtc_ns_moderate,10720.0,partial,вниз
1786194763609,command_menu,webrtc_ns_moderate,10760.0,partial,вниз
1786194763609,command_menu,webrtc_ns_moderate,10800.0,partial,вниз
1786194763609,command_menu,webrtc_ns_moderate,10840.0,partial,вниз
1786194763609,command_menu,webrtc_ns_moderate,10880.0,partial,вниз
1786194763609,command_menu,webrtc_ns_moderate,10920.0,partial,вниз
1786194763609,command_menu,webrtc_ns_moderate,10960.0,partial,вниз
1786194763609,command_menu,webrtc_ns_moderate,11000.0,partial,вниз
1786194763609,command_menu,webrtc_ns_moderate,11040.0,partial,вниз
1786194763609,command_menu,webrtc_ns_moderate,11080.0,partial,вниз
1786194763609,command_menu,webrtc_ns_moderate,11120.0,partial,вниз
1786194763609,command_menu,webrtc_ns_moderate,11160.0,endpoint,вниз
1786194763609,command_menu,webrtc_ns_moderate,12120.0,partial,вниз
1786194763609,command_menu,webrtc_ns_moderate,12160.0,partial,вниз
1786194763609,command_menu,webrtc_ns_moderate,12200.0,partial,вниз
1786194763609,command_menu,webrtc_ns_moderate,12240.0,partial,вниз
1786194763609,command_menu,webrtc_ns_moderate,12280.0,partial,вниз
1786194763609,command_menu,webrtc_ns_moderate,12320.0,partial,вниз
1786194763609,command_menu,webrtc_ns_moderate,12360.0,partial,вниз
1786194763609,command_menu,webrtc_ns_moderate,12400.0,partial,вниз
1786194763609,command_menu,webrtc_ns_moderate,12440.0,partial,вниз
1786194763609,command_menu,webrtc_ns_moderate,12480.0,partial,вниз
1786194763609,command_menu,webrtc_ns_moderate,12520.0,partial,вниз
1786194763609,command_menu,webrtc_ns_moderate,12560.0,partial,вниз
1786194763609,command_menu,webrtc_ns_moderate,12600.0,partial,вниз
1786194763609,command_menu,webrtc_ns_moderate,12640.0,partial,вниз
1786194763609,command_menu,webrtc_ns_moderate,12680.0,partial,вниз
1786194763609,command_menu,webrtc_ns_moderate,12720.0,partial,вниз
1786194763609,command_menu,webrtc_ns_moderate,12760.0,partial,вниз
1786194763609,command_menu,webrtc_ns_moderate,12800.0,partial,вниз
1786194763609,command_menu,webrtc_ns_moderate,12840.0,partial,вниз
1786194763609,command_menu,webrtc_ns_moderate,12880.0,partial,вниз
1786194763609,command_menu,webrtc_ns_moderate,12920.0,partial,вниз
1786194763609,command_menu,webrtc_ns_moderate,12960.0,partial,вниз
1786194763609,command_menu,webrtc_ns_moderate,13000.0,partial,вниз
1786194763609,command_menu,webrtc_ns_moderate,13040.0,partial,вниз
1786194763609,command_menu,webrtc_ns_moderate,13080.0,endpoint,вниз
1786194763609,command_menu,webrtc_ns_moderate,14040.0,partial,вниз
1786194763609,command_menu,webrtc_ns_moderate,14080.0,partial,вниз
1786194763609,command_menu,webrtc_ns_moderate,14120.0,partial,вниз
1786194763609,command_menu,webrtc_ns_moderate,14160.0,partial,вниз
1786194763609,command_menu,webrtc_ns_moderate,14200.0,partial,вниз
1786194763609,command_menu,webrtc_ns_moderate,14240.0,partial,вниз
1786194763609,command_menu,webrtc_ns_moderate,14280.0,partial,вниз
1786194763609,command_menu,webrtc_ns_moderate,14320.0,partial,вниз
1786194763609,command_menu,webrtc_ns_moderate,14360.0,partial,вниз
1786194763609,command_menu,webrtc_ns_moderate,14400.0,partial,вниз
1786194763609,command_menu,webrtc_ns_moderate,14440.0,partial,вниз
1786194763609,command_menu,webrtc_ns_moderate,14480.0,partial,вниз
1786194763609,command_menu,webrtc_ns_moderate,14520.0,partial,вниз
1786194763609,command_menu,webrtc_ns_moderate,14560.0,partial,вниз
1786194763609,command_menu,webrtc_ns_moderate,14600.0,partial,вниз
1786194763609,command_menu,webrtc_ns_moderate,14640.0,partial,вниз
1786194763609,command_menu,webrtc_ns_moderate,14680.0,partial,вниз
1786194763609,command_menu,webrtc_ns_moderate,14720.0,partial,вниз
1786194763609,command_menu,webrtc_ns_moderate,14760.0,partial,вниз
1786194763609,command_menu,webrtc_ns_moderate,14800.0,partial,вниз
1786194763609,command_menu,webrtc_ns_moderate,14840.0,partial,вниз
1786194763609,command_menu,webrtc_ns_moderate,14880.0,partial,вниз
1786194763609,command_menu,webrtc_ns_moderate,14920.0,partial,вниз
1786194763609,command_menu,webrtc_ns_moderate,14960.0,partial,вниз
1786194763609,command_menu,webrtc_ns_moderate,15000.0,endpoint,вниз
1786194763609,command_menu,webrtc_ns_moderate,15720.0,partial,вверх
1786194763609,command_menu,webrtc_ns_moderate,15760.0,partial,вверх
1786194763609,command_menu,webrtc_ns_moderate,15800.0,partial,вверх
1786194763609,command_menu,webrtc_ns_moderate,15840.0,partial,вверх
1786194763609,command_menu,webrtc_ns_moderate,15880.0,partial,вверх
1786194763609,command_menu,webrtc_ns_moderate,15920.0,partial,вверх
1786194763609,command_menu,webrtc_ns_moderate,15960.0,partial,вверх
1786194763609,command_menu,webrtc_ns_moderate,16000.0,partial,вверх
1786194763609,command_menu,webrtc_ns_moderate,16040.0,partial,вверх
1786194763609,command_menu,webrtc_ns_moderate,16080.0,partial,вверх
1786194763609,command_menu,webrtc_ns_moderate,16120.0,partial,вверх
1786194763609,command_menu,webrtc_ns_moderate,16160.0,partial,вверх
1786194763609,command_menu,webrtc_ns_moderate,16200.0,partial,вверх
1786194763609,command_menu,webrtc_ns_moderate,16240.0,partial,вверх
1786194763609,command_menu,webrtc_ns_moderate,16280.0,partial,вверх
1786194763609,command_menu,webrtc_ns_moderate,16320.0,partial,вверх
1786194763609,command_menu,webrtc_ns_moderate,16360.0,partial,вверх
1786194763609,command_menu,webrtc_ns_moderate,16400.0,partial,вверх
1786194763609,command_menu,webrtc_ns_moderate,16440.0,partial,вверх
1786194763609,command_menu,webrtc_ns_moderate,16480.0,partial,вверх
1786194763609,command_menu,webrtc_ns_moderate,16520.0,partial,вверх
1786194763609,command_menu,webrtc_ns_moderate,16560.0,partial,вверх
1786194763609,command_menu,webrtc_ns_moderate,16600.0,partial,вверх
1786194763609,command_menu,webrtc_ns_moderate,16640.0,partial,вверх
1786194763609,command_menu,webrtc_ns_moderate,16680.0,endpoint,вверх
1786194763609,command_menu,webrtc_ns_moderate,17160.0,partial,вверх
1786194763609,command_menu,webrtc_ns_moderate,17200.0,partial,вверх
1786194763609,command_menu,webrtc_ns_moderate,17240.0,partial,вверх
1786194763609,command_menu,webrtc_ns_moderate,17280.0,partial,вверх
1786194763609,command_menu,webrtc_ns_moderate,17320.0,partial,вверх
1786194763609,command_menu,webrtc_ns_moderate,17360.0,partial,вверх
1786194763609,command_menu,webrtc_ns_moderate,17400.0,partial,вверх
1786194763609,command_menu,webrtc_ns_moderate,17440.0,partial,вверх
1786194763609,command_menu,webrtc_ns_moderate,17480.0,partial,вверх
1786194763609,command_menu,webrtc_ns_moderate,17520.0,partial,вверх
1786194763609,command_menu,webrtc_ns_moderate,17560.0,partial,вверх
1786194763609,command_menu,webrtc_ns_moderate,17600.0,partial,вверх
1786194763609,command_menu,webrtc_ns_moderate,17640.0,partial,вверх
1786194763609,command_menu,webrtc_ns_moderate,17680.0,partial,вверх
1786194763609,command_menu,webrtc_ns_moderate,17720.0,partial,вверх
1786194763609,command_menu,webrtc_ns_moderate,17760.0,partial,вверх
1786194763609,command_menu,webrtc_ns_moderate,17800.0,partial,вверх
1786194763609,command_menu,webrtc_ns_moderate,17840.0,partial,вверх
1786194763609,command_menu,webrtc_ns_moderate,17880.0,endpoint,вверх
1786194763609,command_menu,webrtc_ns_moderate,18120.0,partial,вверх
1786194763609,command_menu,webrtc_ns_moderate,18160.0,partial,вверх
1786194763609,command_menu,webrtc_ns_moderate,18200.0,partial,вверх
1786194763609,command_menu,webrtc_ns_moderate,18240.0,partial,вверх
1786194763609,command_menu,webrtc_ns_moderate,18280.0,partial,вверх
1786194763609,command_menu,webrtc_ns_moderate,18320.0,partial,вверх
1786194763609,command_menu,webrtc_ns_moderate,18360.0,partial,вверх
1786194763609,command_menu,webrtc_ns_moderate,18400.0,partial,вверх
1786194763609,command_menu,webrtc_ns_moderate,18440.0,partial,вверх
1786194763609,command_menu,webrtc_ns_moderate,18480.0,partial,вверх
1786194763609,command_menu,webrtc_ns_moderate,18520.0,partial,вверх
1786194763609,command_menu,webrtc_ns_moderate,18560.0,partial,вверх
1786194763609,command_menu,webrtc_ns_moderate,18600.0,partial,вверх
1786194763609,command_menu,webrtc_ns_moderate,18640.0,partial,вверх
1786194763609,command_menu,webrtc_ns_moderate,18680.0,partial,вверх
1786194763609,command_menu,webrtc_ns_moderate,18720.0,partial,вверх
1786194763609,command_menu,webrtc_ns_moderate,18760.0,partial,вверх
1786194763609,command_menu,webrtc_ns_moderate,18800.0,partial,вверх
1786194763609,command_menu,webrtc_ns_moderate,18840.0,partial,вверх
1786194763609,command_menu,webrtc_ns_moderate,18880.0,partial,вверх
1786194763609,command_menu,webrtc_ns_moderate,18920.0,partial,вверх
1786194763609,command_menu,webrtc_ns_moderate,18960.0,partial,вверх
1786194763609,command_menu,webrtc_ns_moderate,19000.0,partial,вверх
1786194763609,command_menu,webrtc_ns_moderate,19040.0,partial,вверх
1786194763609,command_menu,webrtc_ns_moderate,19080.0,endpoint,вверх
1786194763609,command_menu,webrtc_ns_moderate,23400.0,partial,вверх
1786194763609,command_menu,webrtc_ns_moderate,23440.0,partial,вверх
1786194763609,command_menu,webrtc_ns_moderate,23480.0,partial,вверх
1786194763609,command_menu,webrtc_ns_moderate,23520.0,partial,вверх
1786194763609,command_menu,webrtc_ns_moderate,23560.0,partial,вверх
1786194763609,command_menu,webrtc_ns_moderate,23600.0,partial,вверх
1786194763609,command_menu,webrtc_ns_moderate,23640.0,partial,вверх
1786194763609,command_menu,webrtc_ns_moderate,23680.0,partial,вверх
1786194763609,command_menu,webrtc_ns_moderate,23720.0,partial,вверх
1786194763609,command_menu,webrtc_ns_moderate,23760.0,partial,вверх
1786194763609,command_menu,webrtc_ns_moderate,23800.0,partial,вверх
1786194763609,command_menu,webrtc_ns_moderate,23840.0,partial,вверх
1786194763609,command_menu,webrtc_ns_moderate,23880.0,partial,вверх
1786194763609,command_menu,webrtc_ns_moderate,23920.0,partial,вверх
1786194763609,command_menu,webrtc_ns_moderate,23960.0,partial,вверх
1786194763609,command_menu,webrtc_ns_moderate,24000.0,partial,вверх
1786194763609,command_menu,webrtc_ns_moderate,24040.0,partial,вверх
1786194763609,command_menu,webrtc_ns_moderate,24080.0,partial,вверх
1786194763609,command_menu,webrtc_ns_moderate,24120.0,endpoint,вверх
1786194763609,command_menu,webrtc_ns_moderate,25080.0,partial,вниз
1786194763609,command_menu,webrtc_ns_moderate,25120.0,partial,вниз
1786194763609,command_menu,webrtc_ns_moderate,25160.0,partial,вниз
1786194763609,command_menu,webrtc_ns_moderate,25200.0,partial,вниз
1786194763609,command_menu,webrtc_ns_moderate,25240.0,partial,вниз
1786194763609,command_menu,webrtc_ns_moderate,25280.0,partial,вниз
1786194763609,command_menu,webrtc_ns_moderate,25320.0,partial,вниз
1786194763609,command_menu,webrtc_ns_moderate,25360.0,partial,вниз
1786194763609,command_menu,webrtc_ns_moderate,25400.0,partial,вниз
1786194763609,command_menu,webrtc_ns_moderate,25440.0,partial,вниз
1786194763609,command_menu,webrtc_ns_moderate,25480.0,partial,вниз
1786194763609,command_menu,webrtc_ns_moderate,25520.0,partial,вниз
1786194763609,command_menu,webrtc_ns_moderate,25560.0,partial,вниз
1786194763609,command_menu,webrtc_ns_moderate,25600.0,partial,вниз
1786194763609,command_menu,webrtc_ns_moderate,25640.0,partial,вниз
1786194763609,command_menu,webrtc_ns_moderate,25680.0,partial,вниз
1786194763609,command_menu,webrtc_ns_moderate,25720.0,partial,вниз
1786194763609,command_menu,webrtc_ns_moderate,25760.0,partial,вниз
1786194763609,command_menu,webrtc_ns_moderate,25800.0,partial,вниз
1786194763609,command_menu,webrtc_ns_moderate,25840.0,partial,вниз
1786194763609,command_menu,webrtc_ns_moderate,25880.0,partial,вниз
1786194763609,command_menu,webrtc_ns_moderate,25920.0,partial,вниз
1786194763609,command_menu,webrtc_ns_moderate,25960.0,partial,вниз
1786194763609,command_menu,webrtc_ns_moderate,26000.0,partial,вниз
1786194763609,command_menu,webrtc_ns_moderate,26040.0,endpoint,вниз
1786194763609,command_menu,webrtc_ns_moderate,26280.0,partial,вниз
1786194763609,command_menu,webrtc_ns_moderate,26320.0,partial,вниз
1786194763609,command_menu,webrtc_ns_moderate,26360.0,partial,вниз
1786194763609,command_menu,webrtc_ns_moderate,26400.0,partial,вниз
1786194763609,command_menu,webrtc_ns_moderate,26440.0,partial,вниз
1786194763609,command_menu,webrtc_ns_moderate,26480.0,partial,вниз
1786194763609,command_menu,webrtc_ns_moderate,26520.0,partial,вниз
1786194763609,command_menu,webrtc_ns_moderate,26560.0,partial,вниз
1786194763609,command_menu,webrtc_ns_moderate,26600.0,partial,вниз
1786194763609,command_menu,webrtc_ns_moderate,26640.0,partial,вниз
1786194763609,command_menu,webrtc_ns_moderate,26680.0,partial,вниз
1786194763609,command_menu,webrtc_ns_moderate,26720.0,partial,вниз
1786194763609,command_menu,webrtc_ns_moderate,26760.0,partial,вниз
1786194763609,command_menu,webrtc_ns_moderate,26800.0,partial,вниз
1786194763609,command_menu,webrtc_ns_moderate,26840.0,partial,вниз
1786194763609,command_menu,webrtc_ns_moderate,26880.0,partial,вниз
1786194763609,command_menu,webrtc_ns_moderate,26920.0,partial,вниз
1786194763609,command_menu,webrtc_ns_moderate,26960.0,partial,вниз
1786194763609,command_menu,webrtc_ns_moderate,27000.0,partial,вниз
1786194763609,command_menu,webrtc_ns_moderate,27040.0,partial,вниз
1786194763609,command_menu,webrtc_ns_moderate,27080.0,partial,вниз
1786194763609,command_menu,webrtc_ns_moderate,27120.0,partial,вниз
1786194763609,command_menu,webrtc_ns_moderate,27160.0,partial,вниз
1786194763609,command_menu,webrtc_ns_moderate,27200.0,partial,вниз
1786194763609,command_menu,webrtc_ns_moderate,27240.0,endpoint,вниз
1786194763609,command_menu,webrtc_ns_moderate,27480.0,partial,вниз
1786194763609,command_menu,webrtc_ns_moderate,27520.0,partial,вниз
1786194763609,command_menu,webrtc_ns_moderate,27560.0,partial,вниз
1786194763609,command_menu,webrtc_ns_moderate,27600.0,partial,вниз
1786194763609,command_menu,webrtc_ns_moderate,27640.0,partial,вниз
1786194763609,command_menu,webrtc_ns_moderate,27680.0,partial,вниз
1786194763609,command_menu,webrtc_ns_moderate,27720.0,partial,вниз
1786194763609,command_menu,webrtc_ns_moderate,27760.0,partial,вниз
1786194763609,command_menu,webrtc_ns_moderate,27800.0,partial,вниз
1786194763609,command_menu,webrtc_ns_moderate,27840.0,partial,вниз
1786194763609,command_menu,webrtc_ns_moderate,27880.0,partial,вниз
1786194763609,command_menu,webrtc_ns_moderate,27920.0,partial,вниз
1786194763609,command_menu,webrtc_ns_moderate,27960.0,partial,вниз
1786194763609,command_menu,webrtc_ns_moderate,28000.0,partial,вниз
1786194763609,command_menu,webrtc_ns_moderate,28040.0,partial,вниз
1786194763609,command_menu,webrtc_ns_moderate,28080.0,partial,вниз
1786194763609,command_menu,webrtc_ns_moderate,28120.0,partial,вниз
1786194763609,command_menu,webrtc_ns_moderate,28160.0,partial,вниз
1786194763609,command_menu,webrtc_ns_moderate,28200.0,partial,вниз
1786194763609,command_menu,webrtc_ns_moderate,28240.0,partial,вниз
1786194763609,command_menu,webrtc_ns_moderate,28280.0,partial,вниз
1786194763609,command_menu,webrtc_ns_moderate,28320.0,partial,вниз
1786194763609,command_menu,webrtc_ns_moderate,28360.0,partial,вниз
1786194763609,command_menu,webrtc_ns_moderate,28400.0,partial,вниз
1786194763609,command_menu,webrtc_ns_moderate,28440.0,endpoint,вниз
1786194763609,command_menu,webrtc_ns_moderate,46440.0,partial,доступность
1786194763609,command_menu,webrtc_ns_moderate,46480.0,partial,доступность
1786194763609,command_menu,webrtc_ns_moderate,46520.0,partial,доступность
1786194763609,command_menu,webrtc_ns_moderate,46560.0,partial,доступность
1786194763609,command_menu,webrtc_ns_moderate,46600.0,partial,доступность
1786194763609,command_menu,webrtc_ns_moderate,46640.0,partial,доступность
1786194763609,command_menu,webrtc_ns_moderate,46680.0,partial,вверх
1786194763609,command_menu,webrtc_ns_moderate,46720.0,partial,вверх
1786194763609,command_menu,webrtc_ns_moderate,46760.0,partial,вверх
1786194763609,command_menu,webrtc_ns_moderate,46800.0,partial,вверх
1786194763609,command_menu,webrtc_ns_moderate,46840.0,partial,вверх
1786194763609,command_menu,webrtc_ns_moderate,46880.0,partial,вверх
1786194763609,command_menu,webrtc_ns_moderate,46920.0,partial,вверх
1786194763609,command_menu,webrtc_ns_moderate,46960.0,partial,вверх
1786194763609,command_menu,webrtc_ns_moderate,47000.0,partial,вверх
1786194763609,command_menu,webrtc_ns_moderate,47040.0,partial,вверх
1786194763609,command_menu,webrtc_ns_moderate,47080.0,partial,вверх
1786194763609,command_menu,webrtc_ns_moderate,47120.0,partial,вверх
1786194763609,command_menu,webrtc_ns_moderate,47160.0,partial,вверх
1786194763609,command_menu,webrtc_ns_moderate,47200.0,partial,вверх
1786194763609,command_menu,webrtc_ns_moderate,47240.0,partial,вверх
1786194763609,command_menu,webrtc_ns_moderate,47280.0,partial,вверх
1786194763609,command_menu,webrtc_ns_moderate,47320.0,partial,вверх
1786194763609,command_menu,webrtc_ns_moderate,47360.0,partial,вверх
1786194763609,command_menu,webrtc_ns_moderate,47400.0,endpoint,вверх
1786194763609,command_menu,webrtc_ns_moderate,47640.0,partial,вверх
1786194763609,command_menu,webrtc_ns_moderate,47680.0,partial,вверх
1786194763609,command_menu,webrtc_ns_moderate,47720.0,partial,вверх
1786194763609,command_menu,webrtc_ns_moderate,47760.0,partial,вверх
1786194763609,command_menu,webrtc_ns_moderate,47800.0,partial,вверх
1786194763609,command_menu,webrtc_ns_moderate,47840.0,partial,вверх
1786194763609,command_menu,webrtc_ns_moderate,47880.0,partial,вверх
1786194763609,command_menu,webrtc_ns_moderate,47920.0,partial,вверх
1786194763609,command_menu,webrtc_ns_moderate,47960.0,partial,вверх
1786194763609,command_menu,webrtc_ns_moderate,48000.0,partial,вверх
1786194763609,command_menu,webrtc_ns_moderate,48040.0,partial,вверх
1786194763609,command_menu,webrtc_ns_moderate,48080.0,partial,вверх
1786194763609,command_menu,webrtc_ns_moderate,48120.0,partial,вверх
1786194763609,command_menu,webrtc_ns_moderate,48160.0,partial,вверх
1786194763609,command_menu,webrtc_ns_moderate,48200.0,partial,вверх
1786194763609,command_menu,webrtc_ns_moderate,48240.0,partial,вверх
1786194763609,command_menu,webrtc_ns_moderate,48280.0,partial,вверх
1786194763609,command_menu,webrtc_ns_moderate,48320.0,partial,вверх
1786194763609,command_menu,webrtc_ns_moderate,48360.0,partial,вверх
1786194763609,command_menu,webrtc_ns_moderate,48400.0,partial,вверх
1786194763609,command_menu,webrtc_ns_moderate,48440.0,partial,вверх
1786194763609,command_menu,webrtc_ns_moderate,48480.0,partial,вверх
1786194763609,command_menu,webrtc_ns_moderate,48520.0,partial,вверх
1786194763609,command_menu,webrtc_ns_moderate,48560.0,partial,вверх
1786194763609,command_menu,webrtc_ns_moderate,48600.0,partial,вверх вверх
1786194763609,command_menu,webrtc_ns_moderate,48640.0,partial,вверх вверх
1786194763609,command_menu,webrtc_ns_moderate,48680.0,partial,вверх вверх
1786194763609,command_menu,webrtc_ns_moderate,48720.0,partial,вверх вверх
1786194763609,command_menu,webrtc_ns_moderate,48760.0,partial,вверх вверх
1786194763609,command_menu,webrtc_ns_moderate,48800.0,partial,вверх вверх
1786194763609,command_menu,webrtc_ns_moderate,48840.0,partial,вверх вверх
1786194763609,command_menu,webrtc_ns_moderate,48880.0,partial,вверх вверх
1786194763609,command_menu,webrtc_ns_moderate,48920.0,partial,вверх вверх
1786194763609,command_menu,webrtc_ns_moderate,48960.0,partial,вверх вверх
1786194763609,command_menu,webrtc_ns_moderate,49000.0,partial,вверх вверх
1786194763609,command_menu,webrtc_ns_moderate,49040.0,partial,вверх вверх
1786194763609,command_menu,webrtc_ns_moderate,49080.0,partial,вверх вверх
1786194763609,command_menu,webrtc_ns_moderate,49120.0,partial,вверх вверх
1786194763609,command_menu,webrtc_ns_moderate,49160.0,partial,вверх вверх
1786194763609,command_menu,webrtc_ns_moderate,49200.0,partial,вверх вверх
1786194763609,command_menu,webrtc_ns_moderate,49240.0,partial,вверх вверх
1786194763609,command_menu,webrtc_ns_moderate,49280.0,partial,вверх вверх
1786194763609,command_menu,webrtc_ns_moderate,49320.0,partial,вверх вверх
1786194763609,command_menu,webrtc_ns_moderate,49360.0,partial,вверх вверх
1786194763609,command_menu,webrtc_ns_moderate,49400.0,partial,вверх вверх
1786194763609,command_menu,webrtc_ns_moderate,49440.0,partial,вверх вверх
1786194763609,command_menu,webrtc_ns_moderate,49480.0,partial,вверх вверх
1786194763609,command_menu,webrtc_ns_moderate,49520.0,partial,вверх вверх
1786194763609,command_menu,webrtc_ns_moderate,49560.0,endpoint,вверх вверх
1786194763609,command_menu,webrtc_ns_moderate,50280.0,partial,вниз
1786194763609,command_menu,webrtc_ns_moderate,50320.0,partial,вниз
1786194763609,command_menu,webrtc_ns_moderate,50360.0,partial,вниз
1786194763609,command_menu,webrtc_ns_moderate,50400.0,partial,вниз
1786194763609,command_menu,webrtc_ns_moderate,50440.0,partial,вниз
1786194763609,command_menu,webrtc_ns_moderate,50480.0,partial,вниз
1786194763609,command_menu,webrtc_ns_moderate,50520.0,partial,вниз
1786194763609,command_menu,webrtc_ns_moderate,50560.0,partial,вниз
1786194763609,command_menu,webrtc_ns_moderate,50600.0,partial,вниз
1786194763609,command_menu,webrtc_ns_moderate,50640.0,partial,вниз
1786194763609,command_menu,webrtc_ns_moderate,50680.0,partial,вниз
1786194763609,command_menu,webrtc_ns_moderate,50720.0,partial,вниз
1786194763609,command_menu,webrtc_ns_moderate,50760.0,partial,вниз
1786194763609,command_menu,webrtc_ns_moderate,50800.0,partial,вниз
1786194763609,command_menu,webrtc_ns_moderate,50840.0,partial,вниз
1786194763609,command_menu,webrtc_ns_moderate,50880.0,partial,вниз
1786194763609,command_menu,webrtc_ns_moderate,50920.0,partial,вниз
1786194763609,command_menu,webrtc_ns_moderate,50960.0,partial,вниз
1786194763609,command_menu,webrtc_ns_moderate,51000.0,partial,вниз
1786194763609,command_menu,webrtc_ns_moderate,51040.0,partial,вниз
1786194763609,command_menu,webrtc_ns_moderate,51080.0,partial,вниз
1786194763609,command_menu,webrtc_ns_moderate,51120.0,partial,вниз
1786194763609,command_menu,webrtc_ns_moderate,51160.0,partial,вниз
1786194763609,command_menu,webrtc_ns_moderate,51200.0,partial,вниз
1786194763609,command_menu,webrtc_ns_moderate,51240.0,partial,вниз
1786194763609,command_menu,webrtc_ns_moderate,51280.0,partial,вниз
1786194763609,command_menu,webrtc_ns_moderate,51320.0,partial,вниз
1786194763609,command_menu,webrtc_ns_moderate,51360.0,partial,вниз
1786194763609,command_menu,webrtc_ns_moderate,51400.0,partial,вниз
1786194763609,command_menu,webrtc_ns_moderate,51440.0,partial,вниз
1786194763609,command_menu,webrtc_ns_moderate,51480.0,partial,вниз вниз
1786194763609,command_menu,webrtc_ns_moderate,51520.0,partial,вниз вниз
1786194763609,command_menu,webrtc_ns_moderate,51560.0,partial,вниз вниз
1786194763609,command_menu,webrtc_ns_moderate,51600.0,partial,вниз вниз
1786194763609,command_menu,webrtc_ns_moderate,51640.0,partial,вниз вниз
1786194763609,command_menu,webrtc_ns_moderate,51680.0,partial,вниз вниз
1786194763609,command_menu,webrtc_ns_moderate,51720.0,partial,вниз вниз
1786194763609,command_menu,webrtc_ns_moderate,51760.0,partial,вниз вниз
1786194763609,command_menu,webrtc_ns_moderate,51800.0,partial,вниз вниз
1786194763609,command_menu,webrtc_ns_moderate,51840.0,partial,вниз вниз
1786194763609,command_menu,webrtc_ns_moderate,51880.0,partial,вниз вниз
1786194763609,command_menu,webrtc_ns_moderate,51920.0,partial,вниз вниз
1786194763609,command_menu,webrtc_ns_moderate,51960.0,partial,вниз вниз
1786194763609,command_menu,webrtc_ns_moderate,52000.0,partial,вниз вниз
1786194763609,command_menu,webrtc_ns_moderate,52040.0,partial,вниз вниз
1786194763609,command_menu,webrtc_ns_moderate,52080.0,partial,вниз вниз
1786194763609,command_menu,webrtc_ns_moderate,52120.0,partial,вниз вниз
1786194763609,command_menu,webrtc_ns_moderate,52160.0,partial,вниз вниз
1786194763609,command_menu,webrtc_ns_moderate,52200.0,endpoint,вниз вниз
1786194763609,command_menu,webrtc_ns_moderate,52440.0,partial,вниз
1786194763609,command_menu,webrtc_ns_moderate,52480.0,partial,вниз
1786194763609,command_menu,webrtc_ns_moderate,52520.0,partial,вниз
1786194763609,command_menu,webrtc_ns_moderate,52560.0,partial,вниз
1786194763609,command_menu,webrtc_ns_moderate,52600.0,partial,вниз
1786194763609,command_menu,webrtc_ns_moderate,52640.0,partial,вниз
1786194763609,command_menu,webrtc_ns_moderate,52680.0,partial,вниз
1786194763609,command_menu,webrtc_ns_moderate,52720.0,partial,вниз
1786194763609,command_menu,webrtc_ns_moderate,52760.0,partial,вниз
1786194763609,command_menu,webrtc_ns_moderate,52800.0,partial,вниз
1786194763609,command_menu,webrtc_ns_moderate,52840.0,partial,вниз
1786194763609,command_menu,webrtc_ns_moderate,52880.0,partial,вниз
1786194763609,command_menu,webrtc_ns_moderate,52920.0,partial,вниз
1786194763609,command_menu,webrtc_ns_moderate,52960.0,partial,вниз
1786194763609,command_menu,webrtc_ns_moderate,53000.0,partial,вниз
1786194763609,command_menu,webrtc_ns_moderate,53040.0,partial,вниз
1786194763609,command_menu,webrtc_ns_moderate,53080.0,partial,вниз
1786194763609,command_menu,webrtc_ns_moderate,53120.0,partial,вниз
1786194763609,command_menu,webrtc_ns_moderate,53160.0,partial,вниз
1786194763609,command_menu,webrtc_ns_moderate,53200.0,partial,вниз
1786194763609,command_menu,webrtc_ns_moderate,53240.0,partial,вниз
1786194763609,command_menu,webrtc_ns_moderate,53280.0,partial,вниз
1786194763609,command_menu,webrtc_ns_moderate,53320.0,partial,вниз
1786194763609,command_menu,webrtc_ns_moderate,53360.0,partial,вниз
1786194763609,command_menu,webrtc_ns_moderate,53400.0,endpoint,вниз
1786194763609,command_menu,webrtc_ns_moderate,53880.0,partial,вверх
1786194763609,command_menu,webrtc_ns_moderate,53920.0,partial,вверх
1786194763609,command_menu,webrtc_ns_moderate,53960.0,partial,вверх
1786194763609,command_menu,webrtc_ns_moderate,54000.0,partial,вверх
1786194763609,command_menu,webrtc_ns_moderate,54040.0,partial,вверх
1786194763609,command_menu,webrtc_ns_moderate,54080.0,partial,вверх
1786194763609,command_menu,webrtc_ns_moderate,54120.0,partial,вверх
1786194763609,command_menu,webrtc_ns_moderate,54160.0,partial,вверх
1786194763609,command_menu,webrtc_ns_moderate,54200.0,partial,вверх
1786194763609,command_menu,webrtc_ns_moderate,54240.0,partial,вверх
1786194763609,command_menu,webrtc_ns_moderate,54280.0,partial,вверх
1786194763609,command_menu,webrtc_ns_moderate,54320.0,partial,вверх
1786194763609,command_menu,webrtc_ns_moderate,54360.0,partial,вверх
1786194763609,command_menu,webrtc_ns_moderate,54400.0,partial,вверх
1786194763609,command_menu,webrtc_ns_moderate,54440.0,partial,вверх
1786194763609,command_menu,webrtc_ns_moderate,54480.0,partial,вверх
1786194763609,command_menu,webrtc_ns_moderate,54520.0,partial,вверх
1786194763609,command_menu,webrtc_ns_moderate,54560.0,partial,вверх
1786194763609,command_menu,webrtc_ns_moderate,54600.0,endpoint,вверх
1786194763609,command_menu,webrtc_ns_moderate,54840.0,partial,печать
1786194763609,command_menu,webrtc_ns_moderate,54880.0,partial,печать
1786194763609,command_menu,webrtc_ns_moderate,54920.0,partial,печать
1786194763609,command_menu,webrtc_ns_moderate,54960.0,partial,печать
1786194763609,command_menu,webrtc_ns_moderate,55000.0,partial,печать
1786194763609,command_menu,webrtc_ns_moderate,55040.0,partial,печать
1786194763609,command_menu,webrtc_ns_moderate,55080.0,partial,вверх
1786194763609,command_menu,webrtc_ns_moderate,55120.0,partial,вверх
1786194763609,command_menu,webrtc_ns_moderate,55160.0,partial,вверх
1786194763609,command_menu,webrtc_ns_moderate,55200.0,partial,вверх
1786194763609,command_menu,webrtc_ns_moderate,55240.0,partial,вверх
1786194763609,command_menu,webrtc_ns_moderate,55280.0,partial,вверх
1786194763609,command_menu,webrtc_ns_moderate,55320.0,partial,вверх
1786194763609,command_menu,webrtc_ns_moderate,55360.0,partial,вверх
1786194763609,command_menu,webrtc_ns_moderate,55400.0,partial,вверх
1786194763609,command_menu,webrtc_ns_moderate,55440.0,partial,вверх
1786194763609,command_menu,webrtc_ns_moderate,55480.0,partial,вверх
1786194763609,command_menu,webrtc_ns_moderate,55520.0,partial,вверх
1786194763609,command_menu,webrtc_ns_moderate,55560.0,partial,вверх
1786194763609,command_menu,webrtc_ns_moderate,55600.0,partial,вверх
1786194763609,command_menu,webrtc_ns_moderate,55640.0,partial,вверх
1786194763609,command_menu,webrtc_ns_moderate,55680.0,partial,вверх
1786194763609,command_menu,webrtc_ns_moderate,55720.0,partial,вверх
1786194763609,command_menu,webrtc_ns_moderate,55760.0,partial,вверх
1786194763609,command_menu,webrtc_ns_moderate,55800.0,endpoint,вверх
1786194763609,command_menu,webrtc_ns_moderate,56040.0,partial,вверх
1786194763609,command_menu,webrtc_ns_moderate,56080.0,partial,вверх
1786194763609,command_menu,webrtc_ns_moderate,56120.0,partial,вверх
1786194763609,command_menu,webrtc_ns_moderate,56160.0,partial,вверх
1786194763609,command_menu,webrtc_ns_moderate,56200.0,partial,вверх
1786194763609,command_menu,webrtc_ns_moderate,56240.0,partial,вверх
1786194763609,command_menu,webrtc_ns_moderate,56280.0,partial,вверх
1786194763609,command_menu,webrtc_ns_moderate,56320.0,partial,вверх
1786194763609,command_menu,webrtc_ns_moderate,56360.0,partial,вверх
1786194763609,command_menu,webrtc_ns_moderate,56400.0,partial,вверх
1786194763609,command_menu,webrtc_ns_moderate,56440.0,partial,вверх
1786194763609,command_menu,webrtc_ns_moderate,56480.0,partial,вверх
1786194763609,command_menu,webrtc_ns_moderate,56520.0,partial,вверх
1786194763609,command_menu,webrtc_ns_moderate,56560.0,partial,вверх
1786194763609,command_menu,webrtc_ns_moderate,56600.0,partial,вверх
1786194763609,command_menu,webrtc_ns_moderate,56640.0,partial,вверх
1786194763609,command_menu,webrtc_ns_moderate,56680.0,partial,вверх
1786194763609,command_menu,webrtc_ns_moderate,56720.0,partial,вверх
1786194763609,command_menu,webrtc_ns_moderate,56760.0,partial,вверх
1786194763609,command_menu,webrtc_ns_moderate,56800.0,partial,вверх
1786194763609,command_menu,webrtc_ns_moderate,56840.0,partial,вверх
1786194763609,command_menu,webrtc_ns_moderate,56880.0,partial,вверх
1786194763609,command_menu,webrtc_ns_moderate,56920.0,partial,вверх
1786194763609,command_menu,webrtc_ns_moderate,56960.0,partial,вверх
1786194763609,command_menu,webrtc_ns_moderate,57000.0,endpoint,вверх
1786194763609,command_menu,webrtc_ns_moderate,58200.0,partial,печать
1786194763609,command_menu,webrtc_ns_moderate,58240.0,partial,печать
1786194763609,command_menu,webrtc_ns_moderate,58280.0,partial,печать
1786194763609,command_menu,webrtc_ns_moderate,58320.0,partial,печать
1786194763609,command_menu,webrtc_ns_moderate,58360.0,partial,печать
1786194763609,command_menu,webrtc_ns_moderate,58400.0,partial,печать
1786194763609,command_menu,webrtc_ns_moderate,58440.0,partial,печать
1786194763609,command_menu,webrtc_ns_moderate,58480.0,partial,печать
1786194763609,command_menu,webrtc_ns_moderate,58520.0,partial,печать
1786194763609,command_menu,webrtc_ns_moderate,58560.0,partial,печать
1786194763609,command_menu,webrtc_ns_moderate,58600.0,partial,печать
1786194763609,command_menu,webrtc_ns_moderate,58640.0,partial,печать
1786194763609,command_menu,webrtc_ns_moderate,58680.0,partial,печать
1786194763609,command_menu,webrtc_ns_moderate,58720.0,partial,печать
1786194763609,command_menu,webrtc_ns_moderate,58760.0,partial,печать
1786194763609,command_menu,webrtc_ns_moderate,58800.0,partial,печать
1786194763609,command_menu,webrtc_ns_moderate,58840.0,partial,печать
1786194763609,command_menu,webrtc_ns_moderate,58880.0,partial,печать
1786194763609,command_menu,webrtc_ns_moderate,58920.0,partial,печать
1786194763609,command_menu,webrtc_ns_moderate,58960.0,partial,печать
1786194763609,command_menu,webrtc_ns_moderate,59000.0,partial,печать
1786194763609,command_menu,webrtc_ns_moderate,59040.0,partial,печать
1786194763609,command_menu,webrtc_ns_moderate,59080.0,partial,печать
1786194763609,command_menu,webrtc_ns_moderate,59120.0,partial,печать
1786194763609,command_menu,webrtc_ns_moderate,59160.0,endpoint,печать
1786194763609,command_menu,webrtc_ns_moderate,60600.0,partial,печать
1786194763609,command_menu,webrtc_ns_moderate,60640.0,partial,печать
1786194763609,command_menu,webrtc_ns_moderate,60680.0,partial,печать
1786194763609,command_menu,webrtc_ns_moderate,60720.0,partial,печать
1786194763609,command_menu,webrtc_ns_moderate,60760.0,partial,печать
1786194763609,command_menu,webrtc_ns_moderate,60800.0,partial,печать
1786194763609,command_menu,webrtc_ns_moderate,60840.0,partial,вверх
1786194763609,command_menu,webrtc_ns_moderate,60880.0,partial,вверх
1786194763609,command_menu,webrtc_ns_moderate,60920.0,partial,вверх
1786194763609,command_menu,webrtc_ns_moderate,60960.0,partial,вверх
1786194763609,command_menu,webrtc_ns_moderate,61000.0,partial,вверх
1786194763609,command_menu,webrtc_ns_moderate,61040.0,partial,вверх
1786194763609,command_menu,webrtc_ns_moderate,65640.0,partial,печать
1786194763609,command_menu,webrtc_ns_moderate,65680.0,partial,печать
1786194763609,command_menu,webrtc_ns_moderate,65720.0,partial,печать
1786194763609,command_menu,webrtc_ns_moderate,65760.0,partial,печать
1786194763609,command_menu,webrtc_ns_moderate,65800.0,partial,печать
1786194763609,command_menu,webrtc_ns_moderate,65840.0,partial,печать
1786194763609,command_menu,webrtc_ns_moderate,65880.0,partial,печать
1786194763609,command_menu,webrtc_ns_moderate,65920.0,partial,печать
1786194763609,command_menu,webrtc_ns_moderate,65960.0,partial,печать
1786194763609,command_menu,webrtc_ns_moderate,66000.0,partial,печать
1786194763609,command_menu,webrtc_ns_moderate,66040.0,partial,печать
1786194763609,command_menu,webrtc_ns_moderate,66080.0,partial,печать
1786194763609,command_menu,webrtc_ns_moderate,66120.0,partial,печать
1786194763609,command_menu,webrtc_ns_moderate,66160.0,partial,печать
1786194763609,command_menu,webrtc_ns_moderate,66200.0,partial,печать
1786194763609,command_menu,webrtc_ns_moderate,66240.0,partial,печать
1786194763609,command_menu,webrtc_ns_moderate,66280.0,partial,печать
1786194763609,command_menu,webrtc_ns_moderate,66320.0,partial,печать
1786194763609,command_menu,webrtc_ns_moderate,66360.0,partial,печать
1786194763609,command_menu,webrtc_ns_moderate,66400.0,partial,печать
1786194763609,command_menu,webrtc_ns_moderate,66440.0,partial,печать
1786194763609,command_menu,webrtc_ns_moderate,66480.0,partial,печать
1786194763609,command_menu,webrtc_ns_moderate,66520.0,partial,печать
1786194763609,command_menu,webrtc_ns_moderate,66560.0,partial,печать
1786194763609,command_menu,webrtc_ns_moderate,66600.0,endpoint,печать
1786194763609,command_menu,webrtc_ns_moderate,70440.0,partial,печать
1786194763609,command_menu,webrtc_ns_moderate,70480.0,partial,печать
1786194763609,command_menu,webrtc_ns_moderate,70520.0,partial,печать
1786194763609,command_menu,webrtc_ns_moderate,70560.0,partial,печать
1786194763609,command_menu,webrtc_ns_moderate,70600.0,partial,печать
1786194763609,command_menu,webrtc_ns_moderate,70640.0,partial,печать
1786194763609,command_menu,webrtc_ns_moderate,70680.0,partial,печать
1786194763609,command_menu,webrtc_ns_moderate,70720.0,partial,печать
1786194763609,command_menu,webrtc_ns_moderate,70760.0,partial,печать
1786194763609,command_menu,webrtc_ns_moderate,70800.0,partial,печать
1786194763609,command_menu,webrtc_ns_moderate,70840.0,partial,печать
1786194763609,command_menu,webrtc_ns_moderate,70880.0,partial,печать
1786194763609,command_menu,webrtc_ns_moderate,70920.0,partial,печать
1786194763609,command_menu,webrtc_ns_moderate,70960.0,partial,печать
1786194763609,command_menu,webrtc_ns_moderate,71000.0,partial,печать
1786194763609,command_menu,webrtc_ns_moderate,71040.0,partial,печать
1786194763609,command_menu,webrtc_ns_moderate,71080.0,partial,печать
1786194763609,command_menu,webrtc_ns_moderate,71120.0,partial,печать
1786194763609,command_menu,webrtc_ns_moderate,71160.0,partial,печать
1786194763609,command_menu,webrtc_ns_moderate,71200.0,partial,печать
1786194763609,command_menu,webrtc_ns_moderate,71240.0,partial,печать
1786194763609,command_menu,webrtc_ns_moderate,71280.0,partial,печать
1786194763609,command_menu,webrtc_ns_moderate,71320.0,partial,печать
1786194763609,command_menu,webrtc_ns_moderate,71360.0,partial,печать
1786194763609,command_menu,webrtc_ns_moderate,71400.0,endpoint,печать
1786194763609,command_menu,webrtc_ns_moderate,73080.0,partial,доступность
1786194763609,command_menu,webrtc_ns_moderate,73120.0,partial,доступность
1786194763609,command_menu,webrtc_ns_moderate,73160.0,partial,доступность
1786194763609,command_menu,webrtc_ns_moderate,73200.0,partial,доступность
1786194763609,command_menu,webrtc_ns_moderate,73240.0,partial,доступность
1786194763609,command_menu,webrtc_ns_moderate,73280.0,partial,доступность
1786194763609,command_menu,webrtc_ns_moderate,73320.0,partial,доступность
1786194763609,command_menu,webrtc_ns_moderate,73360.0,partial,доступность
1786194763609,command_menu,webrtc_ns_moderate,73400.0,partial,доступность
1786194763609,command_menu,webrtc_ns_moderate,73440.0,partial,доступность
1786194763609,command_menu,webrtc_ns_moderate,73480.0,partial,доступность
1786194763609,command_menu,webrtc_ns_moderate,73520.0,partial,доступность
1786194763609,command_menu,webrtc_ns_moderate,73560.0,partial,доступность
1786194763609,command_menu,webrtc_ns_moderate,73600.0,partial,доступность
1786194763609,command_menu,webrtc_ns_moderate,73640.0,partial,доступность
1786194763609,command_menu,webrtc_ns_moderate,73680.0,partial,доступность
1786194763609,command_menu,webrtc_ns_moderate,73720.0,partial,доступность
1786194763609,command_menu,webrtc_ns_moderate,73760.0,partial,доступность
1786194763609,command_menu,webrtc_ns_moderate,73800.0,partial,доступность
1786194763609,command_menu,webrtc_ns_moderate,73840.0,partial,доступность
1786194763609,command_menu,webrtc_ns_moderate,73880.0,partial,доступность
1786194763609,command_menu,webrtc_ns_moderate,73920.0,partial,доступность
1786194763609,command_menu,webrtc_ns_moderate,73960.0,partial,доступность
1786194763609,command_menu,webrtc_ns_moderate,74000.0,partial,доступность
1786194763609,command_menu,webrtc_ns_moderate,74040.0,endpoint,доступность
1786194763609,command_menu,webrtc_ns_moderate,81960.0,partial,доступность
1786194763609,command_menu,webrtc_ns_moderate,82000.0,partial,доступность
1786194763609,command_menu,webrtc_ns_moderate,82040.0,partial,доступность
1786194763609,command_menu,webrtc_ns_moderate,82080.0,partial,доступность
1786194763609,command_menu,webrtc_ns_moderate,82120.0,partial,доступность
1786194763609,command_menu,webrtc_ns_moderate,82160.0,partial,доступность
1786194763609,command_menu,webrtc_ns_moderate,82200.0,partial,доступность
1786194763609,command_menu,webrtc_ns_moderate,82240.0,partial,доступность
1786194763609,command_menu,webrtc_ns_moderate,82280.0,partial,доступность
1786194763609,command_menu,webrtc_ns_moderate,82320.0,partial,доступность
1786194763609,command_menu,webrtc_ns_moderate,82360.0,partial,доступность
1786194763609,command_menu,webrtc_ns_moderate,82400.0,partial,доступность
1786194763609,command_menu,webrtc_ns_moderate,82440.0,partial,доступность
1786194763609,command_menu,webrtc_ns_moderate,82480.0,partial,доступность
1786194763609,command_menu,webrtc_ns_moderate,82520.0,partial,доступность
1786194763609,command_menu,webrtc_ns_moderate,82560.0,partial,доступность
1786194763609,command_menu,webrtc_ns_moderate,82600.0,partial,доступность
1786194763609,command_menu,webrtc_ns_moderate,82640.0,partial,доступность
1786194763609,command_menu,webrtc_ns_moderate,82680.0,endpoint,доступность
1786194763609,command_menu,webrtc_ns_moderate,89160.0,partial,доступность
1786194763609,command_menu,webrtc_ns_moderate,89200.0,partial,доступность
1786194763609,command_menu,webrtc_ns_moderate,89240.0,partial,доступность
1786194763609,command_menu,webrtc_ns_moderate,89280.0,partial,доступность
1786194763609,command_menu,webrtc_ns_moderate,89320.0,partial,доступность
1786194763609,command_menu,webrtc_ns_moderate,89360.0,partial,доступность
1786194763609,command_menu,webrtc_ns_moderate,89400.0,partial,доступность
1786194763609,command_menu,webrtc_ns_moderate,89440.0,partial,доступность
1786194763609,command_menu,webrtc_ns_moderate,89480.0,partial,доступность
1786194763609,command_menu,webrtc_ns_moderate,89520.0,partial,доступность
1786194763609,command_menu,webrtc_ns_moderate,89560.0,partial,доступность
1786194763609,command_menu,webrtc_ns_moderate,89600.0,partial,доступность
1786194763609,command_menu,webrtc_ns_moderate,89640.0,partial,вниз
1786194763609,command_menu,webrtc_ns_moderate,89680.0,partial,вниз
1786194763609,command_menu,webrtc_ns_moderate,89720.0,partial,вниз
1786194763609,command_menu,webrtc_ns_moderate,89760.0,partial,вниз
1786194763609,command_menu,webrtc_ns_moderate,89800.0,partial,вниз
1786194763609,command_menu,webrtc_ns_moderate,89840.0,partial,вниз
1786194763609,command_menu,webrtc_ns_moderate,89880.0,endpoint,вниз
1786194763609,command_menu,webrtc_ns_moderate,94680.0,partial,печать
1786194763609,command_menu,webrtc_ns_moderate,94720.0,partial,печать
1786194763609,command_menu,webrtc_ns_moderate,94760.0,partial,печать
1786194763609,command_menu,webrtc_ns_moderate,94800.0,partial,печать
1786194763609,command_menu,webrtc_ns_moderate,94840.0,partial,печать
1786194763609,command_menu,webrtc_ns_moderate,94880.0,partial,печать
1786194763609,command_menu,webrtc_ns_moderate,94920.0,partial,печать
1786194763609,command_menu,webrtc_ns_moderate,94960.0,partial,печать
1786194763609,command_menu,webrtc_ns_moderate,95000.0,partial,печать
1786194763609,command_menu,webrtc_ns_moderate,95040.0,partial,печать
1786194763609,command_menu,webrtc_ns_moderate,95080.0,partial,печать
1786194763609,command_menu,webrtc_ns_moderate,95120.0,partial,печать
1786194763609,command_menu,webrtc_ns_moderate,110280.0,partial,доступность
1786194763609,command_menu,webrtc_ns_moderate,110320.0,partial,доступность
1786194763609,command_menu,webrtc_ns_moderate,110360.0,partial,доступность
1786194763609,command_menu,webrtc_ns_moderate,110400.0,partial,доступность
1786194763609,command_menu,webrtc_ns_moderate,110440.0,partial,доступность
1786194763609,command_menu,webrtc_ns_moderate,110480.0,partial,доступность
1786194763609,command_menu,webrtc_ns_moderate,110520.0,partial,доступность
1786194763609,command_menu,webrtc_ns_moderate,110560.0,partial,доступность
1786194763609,command_menu,webrtc_ns_moderate,110600.0,partial,доступность
1786194763609,command_menu,webrtc_ns_moderate,110640.0,partial,доступность
1786194763609,command_menu,webrtc_ns_moderate,110680.0,partial,доступность
1786194763609,command_menu,webrtc_ns_moderate,110720.0,partial,доступность
1786194763609,command_menu,webrtc_ns_moderate,110760.0,partial,доступность
1786194763609,command_menu,webrtc_ns_moderate,110800.0,partial,доступность
1786194763609,command_menu,webrtc_ns_moderate,110840.0,partial,доступность
1786194763609,command_menu,webrtc_ns_moderate,110880.0,partial,доступность
1786194763609,command_menu,webrtc_ns_moderate,110920.0,partial,доступность
1786194763609,command_menu,webrtc_ns_moderate,110960.0,partial,доступность
1786194763609,command_menu,webrtc_ns_moderate,111000.0,partial,доступность
1786194763609,command_menu,webrtc_ns_moderate,111040.0,partial,доступность
1786194763609,command_menu,webrtc_ns_moderate,111080.0,partial,доступность
1786194763609,command_menu,webrtc_ns_moderate,111120.0,partial,доступность
1786194763609,command_menu,webrtc_ns_moderate,111160.0,partial,доступность
1786194763609,command_menu,webrtc_ns_moderate,111200.0,partial,доступность
1786194763609,command_menu,webrtc_ns_moderate,111240.0,partial,доступность
1786194763609,command_menu,webrtc_ns_moderate,111280.0,partial,доступность
1786194763609,command_menu,webrtc_ns_moderate,111320.0,partial,доступность
1786194763609,command_menu,webrtc_ns_moderate,111360.0,partial,доступность
1786194763609,command_menu,webrtc_ns_moderate,111400.0,partial,доступность
1786194763609,command_menu,webrtc_ns_moderate,111440.0,partial,доступность
1786194763609,command_menu,webrtc_ns_moderate,111480.0,endpoint,доступность
1786194763609,command_menu,webrtc_ns_moderate,155640.0,partial,печать
1786194763609,command_menu,webrtc_ns_moderate,155680.0,partial,печать
1786194763609,command_menu,webrtc_ns_moderate,155720.0,partial,печать
1786194763609,command_menu,webrtc_ns_moderate,155760.0,partial,печать
1786194763609,command_menu,webrtc_ns_moderate,155800.0,partial,печать
1786194763609,command_menu,webrtc_ns_moderate,155840.0,partial,печать
1786194763609,command_menu,webrtc_ns_moderate,158520.0,partial,доступность
1786194763609,command_menu,webrtc_ns_moderate,158560.0,partial,доступность
1786194763609,command_menu,webrtc_ns_moderate,158600.0,partial,доступность
1786194763609,command_menu,webrtc_ns_moderate,158640.0,partial,доступность
1786194763609,command_menu,webrtc_ns_moderate,158680.0,partial,доступность
1786194763609,command_menu,webrtc_ns_moderate,158720.0,partial,доступность
1786194763609,command_menu,webrtc_ns_moderate,167640.0,partial,печать
1786194763609,command_menu,webrtc_ns_moderate,167680.0,partial,печать
1786194763609,command_menu,webrtc_ns_moderate,167720.0,partial,печать
1786194763609,command_menu,webrtc_ns_moderate,167760.0,partial,печать
1786194763609,command_menu,webrtc_ns_moderate,167800.0,partial,печать
1786194763609,command_menu,webrtc_ns_moderate,167840.0,partial,печать
1786194763609,free_text,webrtc_ns_moderate,10440.0,partial,вниз
1786194763609,free_text,webrtc_ns_moderate,10480.0,partial,вниз
1786194763609,free_text,webrtc_ns_moderate,10520.0,partial,вниз
1786194763609,free_text,webrtc_ns_moderate,10560.0,partial,вниз
1786194763609,free_text,webrtc_ns_moderate,10600.0,partial,вниз
1786194763609,free_text,webrtc_ns_moderate,10640.0,partial,вниз
1786194763609,free_text,webrtc_ns_moderate,10680.0,partial,вниз
1786194763609,free_text,webrtc_ns_moderate,10720.0,partial,вниз
1786194763609,free_text,webrtc_ns_moderate,10760.0,partial,вниз
1786194763609,free_text,webrtc_ns_moderate,10800.0,partial,вниз
1786194763609,free_text,webrtc_ns_moderate,10840.0,partial,вниз
1786194763609,free_text,webrtc_ns_moderate,10880.0,partial,вниз
1786194763609,free_text,webrtc_ns_moderate,10920.0,partial,вниз
1786194763609,free_text,webrtc_ns_moderate,10960.0,partial,вниз
1786194763609,free_text,webrtc_ns_moderate,11000.0,partial,вниз
1786194763609,free_text,webrtc_ns_moderate,11040.0,partial,вниз
1786194763609,free_text,webrtc_ns_moderate,11080.0,partial,вниз
1786194763609,free_text,webrtc_ns_moderate,11120.0,partial,вниз
1786194763609,free_text,webrtc_ns_moderate,11160.0,endpoint,вниз
1786194763609,free_text,webrtc_ns_moderate,14280.0,partial,вниз
1786194763609,free_text,webrtc_ns_moderate,14320.0,partial,вниз
1786194763609,free_text,webrtc_ns_moderate,14360.0,partial,вниз
1786194763609,free_text,webrtc_ns_moderate,14400.0,partial,вниз
1786194763609,free_text,webrtc_ns_moderate,14440.0,partial,вниз
1786194763609,free_text,webrtc_ns_moderate,14480.0,partial,вниз
1786194763609,free_text,webrtc_ns_moderate,14520.0,partial,вниз
1786194763609,free_text,webrtc_ns_moderate,14560.0,partial,вниз
1786194763609,free_text,webrtc_ns_moderate,14600.0,partial,вниз
1786194763609,free_text,webrtc_ns_moderate,14640.0,partial,вниз
1786194763609,free_text,webrtc_ns_moderate,14680.0,partial,вниз
1786194763609,free_text,webrtc_ns_moderate,14720.0,partial,вниз
1786194763609,free_text,webrtc_ns_moderate,14760.0,partial,вниз
1786194763609,free_text,webrtc_ns_moderate,14800.0,partial,вниз
1786194763609,free_text,webrtc_ns_moderate,14840.0,partial,вниз
1786194763609,free_text,webrtc_ns_moderate,14880.0,partial,вниз
1786194763609,free_text,webrtc_ns_moderate,14920.0,partial,вниз
1786194763609,free_text,webrtc_ns_moderate,14960.0,partial,вниз
1786194763609,free_text,webrtc_ns_moderate,15000.0,endpoint,вниз
1786194763609,free_text,webrtc_ns_moderate,16200.0,partial,вверх
1786194763609,free_text,webrtc_ns_moderate,16240.0,partial,вверх
1786194763609,free_text,webrtc_ns_moderate,16280.0,partial,вверх
1786194763609,free_text,webrtc_ns_moderate,16320.0,partial,вверх
1786194763609,free_text,webrtc_ns_moderate,16360.0,partial,вверх
1786194763609,free_text,webrtc_ns_moderate,16400.0,partial,вверх
1786194763609,free_text,webrtc_ns_moderate,16440.0,partial,вверх
1786194763609,free_text,webrtc_ns_moderate,16480.0,partial,вверх
1786194763609,free_text,webrtc_ns_moderate,16520.0,partial,вверх
1786194763609,free_text,webrtc_ns_moderate,16560.0,partial,вверх
1786194763609,free_text,webrtc_ns_moderate,16600.0,partial,вверх
1786194763609,free_text,webrtc_ns_moderate,16640.0,partial,вверх
1786194763609,free_text,webrtc_ns_moderate,16680.0,endpoint,вверх
1786194763609,free_text,webrtc_ns_moderate,18360.0,partial,вверх вверх
1786194763609,free_text,webrtc_ns_moderate,18400.0,partial,вверх вверх
1786194763609,free_text,webrtc_ns_moderate,18440.0,partial,вверх вверх
1786194763609,free_text,webrtc_ns_moderate,18480.0,partial,вверх вверх
1786194763609,free_text,webrtc_ns_moderate,18520.0,partial,вверх вверх
1786194763609,free_text,webrtc_ns_moderate,18560.0,partial,вверх вверх
1786194763609,free_text,webrtc_ns_moderate,18600.0,partial,вверх вверх
1786194763609,free_text,webrtc_ns_moderate,18640.0,partial,вверх вверх
1786194763609,free_text,webrtc_ns_moderate,18680.0,partial,вверх вверх
1786194763609,free_text,webrtc_ns_moderate,18720.0,partial,вверх вверх
1786194763609,free_text,webrtc_ns_moderate,18760.0,partial,вверх вверх
1786194763609,free_text,webrtc_ns_moderate,18800.0,partial,вверх вверх
1786194763609,free_text,webrtc_ns_moderate,18840.0,partial,вверх вверх
1786194763609,free_text,webrtc_ns_moderate,18880.0,partial,вверх вверх
1786194763609,free_text,webrtc_ns_moderate,18920.0,partial,вверх вверх
1786194763609,free_text,webrtc_ns_moderate,18960.0,partial,вверх вверх
1786194763609,free_text,webrtc_ns_moderate,19000.0,partial,вверх вверх
1786194763609,free_text,webrtc_ns_moderate,19040.0,partial,вверх вверх
1786194763609,free_text,webrtc_ns_moderate,19080.0,endpoint,вверх вверх
1786194763609,free_text,webrtc_ns_moderate,25320.0,partial,вниз
1786194763609,free_text,webrtc_ns_moderate,25360.0,partial,вниз
1786194763609,free_text,webrtc_ns_moderate,25400.0,partial,вниз
1786194763609,free_text,webrtc_ns_moderate,25440.0,partial,вниз
1786194763609,free_text,webrtc_ns_moderate,25480.0,partial,вниз
1786194763609,free_text,webrtc_ns_moderate,25520.0,partial,вниз
1786194763609,free_text,webrtc_ns_moderate,25560.0,partial,вниз
1786194763609,free_text,webrtc_ns_moderate,25600.0,partial,вниз
1786194763609,free_text,webrtc_ns_moderate,25640.0,partial,вниз
1786194763609,free_text,webrtc_ns_moderate,25680.0,partial,вниз
1786194763609,free_text,webrtc_ns_moderate,25720.0,partial,вниз
1786194763609,free_text,webrtc_ns_moderate,25760.0,partial,вниз
1786194763609,free_text,webrtc_ns_moderate,25800.0,partial,вниз
1786194763609,free_text,webrtc_ns_moderate,25840.0,partial,вниз
1786194763609,free_text,webrtc_ns_moderate,25880.0,partial,вниз
1786194763609,free_text,webrtc_ns_moderate,25920.0,partial,вниз
1786194763609,free_text,webrtc_ns_moderate,25960.0,partial,вниз
1786194763609,free_text,webrtc_ns_moderate,26000.0,partial,вниз
1786194763609,free_text,webrtc_ns_moderate,26040.0,endpoint,вниз
1786194763609,free_text,webrtc_ns_moderate,26520.0,partial,вниз
1786194763609,free_text,webrtc_ns_moderate,26560.0,partial,вниз
1786194763609,free_text,webrtc_ns_moderate,26600.0,partial,вниз
1786194763609,free_text,webrtc_ns_moderate,26640.0,partial,вниз
1786194763609,free_text,webrtc_ns_moderate,26680.0,partial,вниз
1786194763609,free_text,webrtc_ns_moderate,26720.0,partial,вниз
1786194763609,free_text,webrtc_ns_moderate,26760.0,partial,вниз
1786194763609,free_text,webrtc_ns_moderate,26800.0,partial,вниз
1786194763609,free_text,webrtc_ns_moderate,26840.0,partial,вниз
1786194763609,free_text,webrtc_ns_moderate,26880.0,partial,вниз
1786194763609,free_text,webrtc_ns_moderate,26920.0,partial,вниз
1786194763609,free_text,webrtc_ns_moderate,26960.0,partial,вниз
1786194763609,free_text,webrtc_ns_moderate,27000.0,partial,вниз
1786194763609,free_text,webrtc_ns_moderate,27040.0,partial,вниз
1786194763609,free_text,webrtc_ns_moderate,27080.0,partial,вниз
1786194763609,free_text,webrtc_ns_moderate,27120.0,partial,вниз
1786194763609,free_text,webrtc_ns_moderate,27160.0,partial,вниз
1786194763609,free_text,webrtc_ns_moderate,27200.0,partial,вниз
1786194763609,free_text,webrtc_ns_moderate,27240.0,endpoint,вниз
1786194763609,free_text,webrtc_ns_moderate,27720.0,partial,вниз
1786194763609,free_text,webrtc_ns_moderate,27760.0,partial,вниз
1786194763609,free_text,webrtc_ns_moderate,27800.0,partial,вниз
1786194763609,free_text,webrtc_ns_moderate,27840.0,partial,вниз
1786194763609,free_text,webrtc_ns_moderate,27880.0,partial,вниз
1786194763609,free_text,webrtc_ns_moderate,27920.0,partial,вниз
1786194763609,free_text,webrtc_ns_moderate,27960.0,partial,вниз
1786194763609,free_text,webrtc_ns_moderate,28000.0,partial,вниз
1786194763609,free_text,webrtc_ns_moderate,28040.0,partial,вниз
1786194763609,free_text,webrtc_ns_moderate,28080.0,partial,вниз
1786194763609,free_text,webrtc_ns_moderate,28120.0,partial,вниз
1786194763609,free_text,webrtc_ns_moderate,28160.0,partial,вниз
1786194763609,free_text,webrtc_ns_moderate,28200.0,partial,вниз
1786194763609,free_text,webrtc_ns_moderate,28240.0,partial,вниз
1786194763609,free_text,webrtc_ns_moderate,28280.0,partial,вниз
1786194763609,free_text,webrtc_ns_moderate,28320.0,partial,вниз
1786194763609,free_text,webrtc_ns_moderate,28360.0,partial,вниз
1786194763609,free_text,webrtc_ns_moderate,28400.0,partial,вниз
1786194763609,free_text,webrtc_ns_moderate,28440.0,endpoint,вниз
1786194763609,free_text,webrtc_ns_moderate,46920.0,partial,вверх
1786194763609,free_text,webrtc_ns_moderate,46960.0,partial,вверх
1786194763609,free_text,webrtc_ns_moderate,47000.0,partial,вверх
1786194763609,free_text,webrtc_ns_moderate,47040.0,partial,вверх
1786194763609,free_text,webrtc_ns_moderate,47080.0,partial,вверх
1786194763609,free_text,webrtc_ns_moderate,47120.0,partial,вверх
1786194763609,free_text,webrtc_ns_moderate,47160.0,partial,вверх
1786194763609,free_text,webrtc_ns_moderate,47200.0,partial,вверх
1786194763609,free_text,webrtc_ns_moderate,47240.0,partial,вверх
1786194763609,free_text,webrtc_ns_moderate,47280.0,partial,вверх
1786194763609,free_text,webrtc_ns_moderate,47320.0,partial,вверх
1786194763609,free_text,webrtc_ns_moderate,47360.0,partial,вверх
1786194763609,free_text,webrtc_ns_moderate,47400.0,endpoint,вверх
1786194763609,free_text,webrtc_ns_moderate,48120.0,partial,вверх
1786194763609,free_text,webrtc_ns_moderate,48160.0,partial,вверх
1786194763609,free_text,webrtc_ns_moderate,48200.0,partial,вверх
1786194763609,free_text,webrtc_ns_moderate,48240.0,partial,вверх
1786194763609,free_text,webrtc_ns_moderate,48280.0,partial,вверх
1786194763609,free_text,webrtc_ns_moderate,48320.0,partial,вверх
1786194763609,free_text,webrtc_ns_moderate,48360.0,partial,вверх
1786194763609,free_text,webrtc_ns_moderate,48400.0,partial,вверх
1786194763609,free_text,webrtc_ns_moderate,48440.0,partial,вверх
1786194763609,free_text,webrtc_ns_moderate,48480.0,partial,вверх
1786194763609,free_text,webrtc_ns_moderate,48520.0,partial,вверх
1786194763609,free_text,webrtc_ns_moderate,48560.0,partial,вверх
1786194763609,free_text,webrtc_ns_moderate,48600.0,partial,вверх
1786194763609,free_text,webrtc_ns_moderate,48640.0,partial,вверх
1786194763609,free_text,webrtc_ns_moderate,48680.0,partial,вверх
1786194763609,free_text,webrtc_ns_moderate,48720.0,partial,вверх
1786194763609,free_text,webrtc_ns_moderate,48760.0,partial,вверх
1786194763609,free_text,webrtc_ns_moderate,48800.0,partial,вверх
1786194763609,free_text,webrtc_ns_moderate,48840.0,partial,вверх
1786194763609,free_text,webrtc_ns_moderate,48880.0,partial,вверх
1786194763609,free_text,webrtc_ns_moderate,48920.0,partial,вверх
1786194763609,free_text,webrtc_ns_moderate,48960.0,partial,вверх
1786194763609,free_text,webrtc_ns_moderate,49000.0,partial,вверх
1786194763609,free_text,webrtc_ns_moderate,49040.0,partial,вверх
1786194763609,free_text,webrtc_ns_moderate,49080.0,partial,вверх вверх
1786194763609,free_text,webrtc_ns_moderate,49120.0,partial,вверх вверх
1786194763609,free_text,webrtc_ns_moderate,49160.0,partial,вверх вверх
1786194763609,free_text,webrtc_ns_moderate,49200.0,partial,вверх вверх
1786194763609,free_text,webrtc_ns_moderate,49240.0,partial,вверх вверх
1786194763609,free_text,webrtc_ns_moderate,49280.0,partial,вверх вверх
1786194763609,free_text,webrtc_ns_moderate,49320.0,partial,вверх вверх
1786194763609,free_text,webrtc_ns_moderate,49360.0,partial,вверх вверх
1786194763609,free_text,webrtc_ns_moderate,49400.0,partial,вверх вверх
1786194763609,free_text,webrtc_ns_moderate,49440.0,partial,вверх вверх
1786194763609,free_text,webrtc_ns_moderate,49480.0,partial,вверх вверх
1786194763609,free_text,webrtc_ns_moderate,49520.0,partial,вверх вверх
1786194763609,free_text,webrtc_ns_moderate,49560.0,endpoint,вверх вверх
1786194763609,free_text,webrtc_ns_moderate,50520.0,partial,вниз
1786194763609,free_text,webrtc_ns_moderate,50560.0,partial,вниз
1786194763609,free_text,webrtc_ns_moderate,50600.0,partial,вниз
1786194763609,free_text,webrtc_ns_moderate,50640.0,partial,вниз
1786194763609,free_text,webrtc_ns_moderate,50680.0,partial,вниз
1786194763609,free_text,webrtc_ns_moderate,50720.0,partial,вниз
1786194763609,free_text,webrtc_ns_moderate,50760.0,partial,вниз
1786194763609,free_text,webrtc_ns_moderate,50800.0,partial,вниз
1786194763609,free_text,webrtc_ns_moderate,50840.0,partial,вниз
1786194763609,free_text,webrtc_ns_moderate,50880.0,partial,вниз
1786194763609,free_text,webrtc_ns_moderate,50920.0,partial,вниз
1786194763609,free_text,webrtc_ns_moderate,50960.0,partial,вниз
1786194763609,free_text,webrtc_ns_moderate,51000.0,partial,вниз
1786194763609,free_text,webrtc_ns_moderate,51040.0,partial,вниз
1786194763609,free_text,webrtc_ns_moderate,51080.0,partial,вниз
1786194763609,free_text,webrtc_ns_moderate,51120.0,partial,вниз
1786194763609,free_text,webrtc_ns_moderate,51160.0,partial,вниз
1786194763609,free_text,webrtc_ns_moderate,51200.0,partial,вниз
1786194763609,free_text,webrtc_ns_moderate,51240.0,partial,вниз в
1786194763609,free_text,webrtc_ns_moderate,51280.0,partial,вниз в
1786194763609,free_text,webrtc_ns_moderate,51320.0,partial,вниз в
1786194763609,free_text,webrtc_ns_moderate,51360.0,partial,вниз в
1786194763609,free_text,webrtc_ns_moderate,51400.0,partial,вниз в
1786194763609,free_text,webrtc_ns_moderate,51440.0,partial,вниз в
1786194763609,free_text,webrtc_ns_moderate,51480.0,partial,вниз вниз
1786194763609,free_text,webrtc_ns_moderate,51520.0,partial,вниз вниз
1786194763609,free_text,webrtc_ns_moderate,51560.0,partial,вниз вниз
1786194763609,free_text,webrtc_ns_moderate,51600.0,partial,вниз вниз
1786194763609,free_text,webrtc_ns_moderate,51640.0,partial,вниз вниз
1786194763609,free_text,webrtc_ns_moderate,51680.0,partial,вниз вниз
1786194763609,free_text,webrtc_ns_moderate,51720.0,partial,вниз вниз
1786194763609,free_text,webrtc_ns_moderate,51760.0,partial,вниз вниз
1786194763609,free_text,webrtc_ns_moderate,51800.0,partial,вниз вниз
1786194763609,free_text,webrtc_ns_moderate,51840.0,partial,вниз вниз
1786194763609,free_text,webrtc_ns_moderate,51880.0,partial,вниз вниз
1786194763609,free_text,webrtc_ns_moderate,51920.0,partial,вниз вниз
1786194763609,free_text,webrtc_ns_moderate,51960.0,partial,вниз вниз
1786194763609,free_text,webrtc_ns_moderate,52000.0,partial,вниз вниз
1786194763609,free_text,webrtc_ns_moderate,52040.0,partial,вниз вниз
1786194763609,free_text,webrtc_ns_moderate,52080.0,partial,вниз вниз
1786194763609,free_text,webrtc_ns_moderate,52120.0,partial,вниз вниз
1786194763609,free_text,webrtc_ns_moderate,52160.0,partial,вниз вниз
1786194763609,free_text,webrtc_ns_moderate,52200.0,endpoint,вниз вниз
1786194763609,free_text,webrtc_ns_moderate,52680.0,partial,вниз
1786194763609,free_text,webrtc_ns_moderate,52720.0,partial,вниз
1786194763609,free_text,webrtc_ns_moderate,52760.0,partial,вниз
1786194763609,free_text,webrtc_ns_moderate,52800.0,partial,вниз
1786194763609,free_text,webrtc_ns_moderate,52840.0,partial,вниз
1786194763609,free_text,webrtc_ns_moderate,52880.0,partial,вниз
1786194763609,free_text,webrtc_ns_moderate,52920.0,partial,вниз
1786194763609,free_text,webrtc_ns_moderate,52960.0,partial,вниз
1786194763609,free_text,webrtc_ns_moderate,53000.0,partial,вниз
1786194763609,free_text,webrtc_ns_moderate,53040.0,partial,вниз
1786194763609,free_text,webrtc_ns_moderate,53080.0,partial,вниз
1786194763609,free_text,webrtc_ns_moderate,53120.0,partial,вниз
1786194763609,free_text,webrtc_ns_moderate,53160.0,partial,вниз
1786194763609,free_text,webrtc_ns_moderate,53200.0,partial,вниз
1786194763609,free_text,webrtc_ns_moderate,53240.0,partial,вниз
1786194763609,free_text,webrtc_ns_moderate,53280.0,partial,вниз
1786194763609,free_text,webrtc_ns_moderate,53320.0,partial,вниз
1786194763609,free_text,webrtc_ns_moderate,53360.0,partial,вниз
1786194763609,free_text,webrtc_ns_moderate,53400.0,endpoint,вниз
1786194763609,free_text,webrtc_ns_moderate,56520.0,partial,вверх
1786194763609,free_text,webrtc_ns_moderate,56560.0,partial,вверх
1786194763609,free_text,webrtc_ns_moderate,56600.0,partial,вверх
1786194763609,free_text,webrtc_ns_moderate,56640.0,partial,вверх
1786194763609,free_text,webrtc_ns_moderate,56680.0,partial,вверх
1786194763609,free_text,webrtc_ns_moderate,56720.0,partial,вверх
1786194763609,free_text,webrtc_ns_moderate,56760.0,partial,вверх
1786194763609,free_text,webrtc_ns_moderate,56800.0,partial,вверх
1786194763609,free_text,webrtc_ns_moderate,56840.0,partial,вверх
1786194763609,free_text,webrtc_ns_moderate,56880.0,partial,вверх
1786194763609,free_text,webrtc_ns_moderate,56920.0,partial,вверх
1786194763609,free_text,webrtc_ns_moderate,56960.0,partial,вверх
1786194763609,free_text,webrtc_ns_moderate,57000.0,endpoint,вверх
1786194763609,free_text,webrtc_ns_moderate,58680.0,partial,печать
1786194763609,free_text,webrtc_ns_moderate,58720.0,partial,печать
1786194763609,free_text,webrtc_ns_moderate,58760.0,partial,печать
1786194763609,free_text,webrtc_ns_moderate,58800.0,partial,печать
1786194763609,free_text,webrtc_ns_moderate,58840.0,partial,печать
1786194763609,free_text,webrtc_ns_moderate,58880.0,partial,печать
1786194763609,free_text,webrtc_ns_moderate,58920.0,partial,печать
1786194763609,free_text,webrtc_ns_moderate,58960.0,partial,печать
1786194763609,free_text,webrtc_ns_moderate,59000.0,partial,печать
1786194763609,free_text,webrtc_ns_moderate,59040.0,partial,печать
1786194763609,free_text,webrtc_ns_moderate,59080.0,partial,печать
1786194763609,free_text,webrtc_ns_moderate,59120.0,partial,печать
1786194763609,free_text,webrtc_ns_moderate,59160.0,partial,печать
1786194763609,free_text,webrtc_ns_moderate,59200.0,partial,печать
1786194763609,free_text,webrtc_ns_moderate,59240.0,partial,печать
1786194763609,free_text,webrtc_ns_moderate,59280.0,partial,печать
1786194763609,free_text,webrtc_ns_moderate,59320.0,partial,печать
1786194763609,free_text,webrtc_ns_moderate,59360.0,partial,печать
1786194763609,free_text,webrtc_ns_moderate,59400.0,partial,печать
1786194763609,free_text,webrtc_ns_moderate,59440.0,partial,печать
1786194763609,free_text,webrtc_ns_moderate,59480.0,partial,печать
1786194763609,free_text,webrtc_ns_moderate,59520.0,partial,печать
1786194763609,free_text,webrtc_ns_moderate,59560.0,partial,печать
1786194763609,free_text,webrtc_ns_moderate,59600.0,partial,печать
1786194763609,free_text,webrtc_ns_moderate,59640.0,endpoint,печать
1786194763609,free_text,webrtc_ns_moderate,61080.0,partial,белый
1786194763609,free_text,webrtc_ns_moderate,61120.0,partial,белый
1786194763609,free_text,webrtc_ns_moderate,61160.0,partial,белый
1786194763609,free_text,webrtc_ns_moderate,61200.0,partial,белый
1786194763609,free_text,webrtc_ns_moderate,61240.0,partial,белый
1786194763609,free_text,webrtc_ns_moderate,61280.0,partial,белый
1786194763609,free_text,webrtc_ns_moderate,61320.0,partial,белый
1786194763609,free_text,webrtc_ns_moderate,61360.0,partial,белый
1786194763609,free_text,webrtc_ns_moderate,61400.0,partial,белый
1786194763609,free_text,webrtc_ns_moderate,61440.0,partial,белый
1786194763609,free_text,webrtc_ns_moderate,61480.0,partial,белый
1786194763609,free_text,webrtc_ns_moderate,61520.0,partial,белый
1786194763609,free_text,webrtc_ns_moderate,61560.0,partial,белый
1786194763609,free_text,webrtc_ns_moderate,61600.0,partial,белый
1786194763609,free_text,webrtc_ns_moderate,61640.0,partial,белый
1786194763609,free_text,webrtc_ns_moderate,61680.0,partial,белый
1786194763609,free_text,webrtc_ns_moderate,61720.0,partial,белый
1786194763609,free_text,webrtc_ns_moderate,61760.0,partial,белый
1786194763609,free_text,webrtc_ns_moderate,61800.0,partial,белый
1786194763609,free_text,webrtc_ns_moderate,61840.0,partial,белый
1786194763609,free_text,webrtc_ns_moderate,61880.0,partial,белый
1786194763609,free_text,webrtc_ns_moderate,61920.0,partial,белый
1786194763609,free_text,webrtc_ns_moderate,61960.0,partial,белый
1786194763609,free_text,webrtc_ns_moderate,62000.0,partial,белый
1786194763609,free_text,webrtc_ns_moderate,62040.0,partial,белый
1786194763609,free_text,webrtc_ns_moderate,62080.0,partial,белый
1786194763609,free_text,webrtc_ns_moderate,62120.0,partial,белый
1786194763609,free_text,webrtc_ns_moderate,62160.0,partial,белый
1786194763609,free_text,webrtc_ns_moderate,62200.0,partial,белый
1786194763609,free_text,webrtc_ns_moderate,62240.0,partial,белый
1786194763609,free_text,webrtc_ns_moderate,62280.0,endpoint,белый
1786194763609,free_text,webrtc_ns_moderate,63480.0,partial,назад
1786194763609,free_text,webrtc_ns_moderate,63520.0,partial,назад
1786194763609,free_text,webrtc_ns_moderate,63560.0,partial,назад
1786194763609,free_text,webrtc_ns_moderate,63600.0,partial,назад
1786194763609,free_text,webrtc_ns_moderate,63640.0,partial,назад
1786194763609,free_text,webrtc_ns_moderate,63680.0,partial,назад
1786194763609,free_text,webrtc_ns_moderate,63720.0,partial,назад
1786194763609,free_text,webrtc_ns_moderate,63760.0,partial,назад
1786194763609,free_text,webrtc_ns_moderate,63800.0,partial,назад
1786194763609,free_text,webrtc_ns_moderate,63840.0,partial,назад
1786194763609,free_text,webrtc_ns_moderate,63880.0,partial,назад
1786194763609,free_text,webrtc_ns_moderate,63920.0,partial,назад
1786194763609,free_text,webrtc_ns_moderate,63960.0,endpoint,назад
1786194763609,free_text,webrtc_ns_moderate,66120.0,partial,же печать
1786194763609,free_text,webrtc_ns_moderate,66160.0,partial,же печать
1786194763609,free_text,webrtc_ns_moderate,66200.0,partial,же печать
1786194763609,free_text,webrtc_ns_moderate,66240.0,partial,же печать
1786194763609,free_text,webrtc_ns_moderate,66280.0,partial,же печать
1786194763609,free_text,webrtc_ns_moderate,66320.0,partial,же печать
1786194763609,free_text,webrtc_ns_moderate,66360.0,partial,же печать
1786194763609,free_text,webrtc_ns_moderate,66400.0,partial,же печать
1786194763609,free_text,webrtc_ns_moderate,66440.0,partial,же печать
1786194763609,free_text,webrtc_ns_moderate,66480.0,partial,же печать
1786194763609,free_text,webrtc_ns_moderate,66520.0,partial,же печать
1786194763609,free_text,webrtc_ns_moderate,66560.0,partial,же печать
1786194763609,free_text,webrtc_ns_moderate,66600.0,partial,же печать
1786194763609,free_text,webrtc_ns_moderate,66640.0,partial,же печать
1786194763609,free_text,webrtc_ns_moderate,66680.0,partial,же печать
1786194763609,free_text,webrtc_ns_moderate,66720.0,partial,же печать
1786194763609,free_text,webrtc_ns_moderate,66760.0,partial,же печать
1786194763609,free_text,webrtc_ns_moderate,66800.0,partial,же печать
1786194763609,free_text,webrtc_ns_moderate,66840.0,partial,же печать
1786194763609,free_text,webrtc_ns_moderate,66880.0,partial,же печать
1786194763609,free_text,webrtc_ns_moderate,66920.0,partial,же печать
1786194763609,free_text,webrtc_ns_moderate,66960.0,partial,же печать
1786194763609,free_text,webrtc_ns_moderate,67000.0,partial,же печать
1786194763609,free_text,webrtc_ns_moderate,67040.0,partial,же печать
1786194763609,free_text,webrtc_ns_moderate,67080.0,partial,же печать
1786194763609,free_text,webrtc_ns_moderate,67120.0,partial,же печать
1786194763609,free_text,webrtc_ns_moderate,67160.0,partial,же печать
1786194763609,free_text,webrtc_ns_moderate,67200.0,partial,же печать
1786194763609,free_text,webrtc_ns_moderate,67240.0,partial,же печать
1786194763609,free_text,webrtc_ns_moderate,67280.0,partial,же печать
1786194763609,free_text,webrtc_ns_moderate,67320.0,endpoint,же печать
1786194763609,free_text,webrtc_ns_moderate,70920.0,partial,печать
1786194763609,free_text,webrtc_ns_moderate,70960.0,partial,печать
1786194763609,free_text,webrtc_ns_moderate,71000.0,partial,печать
1786194763609,free_text,webrtc_ns_moderate,71040.0,partial,печать
1786194763609,free_text,webrtc_ns_moderate,71080.0,partial,печать
1786194763609,free_text,webrtc_ns_moderate,71120.0,partial,печать
1786194763609,free_text,webrtc_ns_moderate,71160.0,partial,печать
1786194763609,free_text,webrtc_ns_moderate,71200.0,partial,печать
1786194763609,free_text,webrtc_ns_moderate,71240.0,partial,печать
1786194763609,free_text,webrtc_ns_moderate,71280.0,partial,печать
1786194763609,free_text,webrtc_ns_moderate,71320.0,partial,печать
1786194763609,free_text,webrtc_ns_moderate,71360.0,partial,печать
1786194763609,free_text,webrtc_ns_moderate,71400.0,partial,печать
1786194763609,free_text,webrtc_ns_moderate,71440.0,partial,печать
1786194763609,free_text,webrtc_ns_moderate,71480.0,partial,печать
1786194763609,free_text,webrtc_ns_moderate,71520.0,partial,печать
1786194763609,free_text,webrtc_ns_moderate,71560.0,partial,печать
1786194763609,free_text,webrtc_ns_moderate,71600.0,partial,печать
1786194763609,free_text,webrtc_ns_moderate,71640.0,partial,печать
1786194763609,free_text,webrtc_ns_moderate,71680.0,partial,печать
1786194763609,free_text,webrtc_ns_moderate,71720.0,partial,печать
1786194763609,free_text,webrtc_ns_moderate,71760.0,partial,печать
1786194763609,free_text,webrtc_ns_moderate,71800.0,partial,печать
1786194763609,free_text,webrtc_ns_moderate,71840.0,partial,печать
1786194763609,free_text,webrtc_ns_moderate,71880.0,endpoint,печать
1786194763609,free_text,webrtc_ns_moderate,73320.0,partial,жёлтые
1786194763609,free_text,webrtc_ns_moderate,73360.0,partial,жёлтые
1786194763609,free_text,webrtc_ns_moderate,73400.0,partial,жёлтые
1786194763609,free_text,webrtc_ns_moderate,73440.0,partial,жёлтые
1786194763609,free_text,webrtc_ns_moderate,73480.0,partial,жёлтые
1786194763609,free_text,webrtc_ns_moderate,73520.0,partial,жёлтые
1786194763609,free_text,webrtc_ns_moderate,73560.0,partial,жёлтой
1786194763609,free_text,webrtc_ns_moderate,73600.0,partial,жёлтой
1786194763609,free_text,webrtc_ns_moderate,73640.0,partial,жёлтой
1786194763609,free_text,webrtc_ns_moderate,73680.0,partial,жёлтой
1786194763609,free_text,webrtc_ns_moderate,73720.0,partial,жёлтой
1786194763609,free_text,webrtc_ns_moderate,73760.0,partial,жёлтой
1786194763609,free_text,webrtc_ns_moderate,73800.0,partial,жёлтой
1786194763609,free_text,webrtc_ns_moderate,73840.0,partial,жёлтой
1786194763609,free_text,webrtc_ns_moderate,73880.0,partial,жёлтой
1786194763609,free_text,webrtc_ns_moderate,73920.0,partial,жёлтой
1786194763609,free_text,webrtc_ns_moderate,73960.0,partial,жёлтой
1786194763609,free_text,webrtc_ns_moderate,74000.0,partial,жёлтой
1786194763609,free_text,webrtc_ns_moderate,74040.0,partial,жёлтой
1786194763609,free_text,webrtc_ns_moderate,74080.0,partial,жёлтой
1786194763609,free_text,webrtc_ns_moderate,74120.0,partial,жёлтой
1786194763609,free_text,webrtc_ns_moderate,74160.0,partial,жёлтой
1786194763609,free_text,webrtc_ns_moderate,74200.0,partial,жёлтой
1786194763609,free_text,webrtc_ns_moderate,74240.0,partial,жёлтой
1786194763609,free_text,webrtc_ns_moderate,74280.0,partial,жёлтой
1786194763609,free_text,webrtc_ns_moderate,74320.0,partial,жёлтой
1786194763609,free_text,webrtc_ns_moderate,74360.0,partial,жёлтой
1786194763609,free_text,webrtc_ns_moderate,74400.0,partial,жёлтой
1786194763609,free_text,webrtc_ns_moderate,74440.0,partial,жёлтой
1786194763609,free_text,webrtc_ns_moderate,74480.0,partial,жёлтой
1786194763609,free_text,webrtc_ns_moderate,74520.0,endpoint,жёлтой
1786194763609,free_text,webrtc_ns_moderate,82200.0,partial,жёлтый
1786194763609,free_text,webrtc_ns_moderate,82240.0,partial,жёлтый
1786194763609,free_text,webrtc_ns_moderate,82280.0,partial,жёлтый
1786194763609,free_text,webrtc_ns_moderate,82320.0,partial,жёлтый
1786194763609,free_text,webrtc_ns_moderate,82360.0,partial,жёлтый
1786194763609,free_text,webrtc_ns_moderate,82400.0,partial,жёлтый
1786194763609,free_text,webrtc_ns_moderate,82440.0,partial,жёлтый
1786194763609,free_text,webrtc_ns_moderate,82480.0,partial,жёлтый
1786194763609,free_text,webrtc_ns_moderate,82520.0,partial,жёлтый
1786194763609,free_text,webrtc_ns_moderate,82560.0,partial,жёлтый
1786194763609,free_text,webrtc_ns_moderate,82600.0,partial,жёлтый
1786194763609,free_text,webrtc_ns_moderate,82640.0,partial,жёлтый
1786194763609,free_text,webrtc_ns_moderate,82680.0,partial,жёлтый
1786194763609,free_text,webrtc_ns_moderate,82720.0,partial,жёлтый
1786194763609,free_text,webrtc_ns_moderate,82760.0,partial,жёлтый
1786194763609,free_text,webrtc_ns_moderate,82800.0,partial,жёлтый
1786194763609,free_text,webrtc_ns_moderate,82840.0,partial,жёлтый
1786194763609,free_text,webrtc_ns_moderate,82880.0,partial,жёлтый
1786194763609,free_text,webrtc_ns_moderate,82920.0,partial,жёлтый
1786194763609,free_text,webrtc_ns_moderate,82960.0,partial,жёлтый
1786194763609,free_text,webrtc_ns_moderate,83000.0,partial,жёлтый
1786194763609,free_text,webrtc_ns_moderate,83040.0,partial,жёлтый
1786194763609,free_text,webrtc_ns_moderate,83080.0,partial,жёлтый
1786194763609,free_text,webrtc_ns_moderate,83120.0,partial,жёлтый
1786194763609,free_text,webrtc_ns_moderate,83160.0,endpoint,жёлтый
1786194763609,free_text,webrtc_ns_moderate,89640.0,partial,жёлтый
1786194763609,free_text,webrtc_ns_moderate,89680.0,partial,жёлтый
1786194763609,free_text,webrtc_ns_moderate,89720.0,partial,жёлтый
1786194763609,free_text,webrtc_ns_moderate,89760.0,partial,жёлтый
1786194763609,free_text,webrtc_ns_moderate,89800.0,partial,жёлтый
1786194763609,free_text,webrtc_ns_moderate,89840.0,partial,жёлтый
1786194763609,free_text,webrtc_ns_moderate,89880.0,partial,жёлтый
1786194763609,free_text,webrtc_ns_moderate,89920.0,partial,жёлтый
1786194763609,free_text,webrtc_ns_moderate,89960.0,partial,жёлтый
1786194763609,free_text,webrtc_ns_moderate,90000.0,partial,жёлтый
1786194763609,free_text,webrtc_ns_moderate,90040.0,partial,жёлтый
1786194763609,free_text,webrtc_ns_moderate,90080.0,partial,жёлтый
1786194763609,free_text,webrtc_ns_moderate,90120.0,partial,жёлтый
1786194763609,free_text,webrtc_ns_moderate,90160.0,partial,жёлтый
1786194763609,free_text,webrtc_ns_moderate,90200.0,partial,жёлтый
1786194763609,free_text,webrtc_ns_moderate,90240.0,partial,жёлтый
1786194763609,free_text,webrtc_ns_moderate,90280.0,partial,жёлтый
1786194763609,free_text,webrtc_ns_moderate,90320.0,partial,жёлтый
1786194763609,free_text,webrtc_ns_moderate,90360.0,partial,жёлтый
1786194763609,free_text,webrtc_ns_moderate,90400.0,partial,жёлтый
1786194763609,free_text,webrtc_ns_moderate,90440.0,partial,жёлтый
1786194763609,free_text,webrtc_ns_moderate,90480.0,partial,жёлтый
1786194763609,free_text,webrtc_ns_moderate,90520.0,partial,жёлтый
1786194763609,free_text,webrtc_ns_moderate,90560.0,partial,жёлтый
1786194763609,free_text,webrtc_ns_moderate,90600.0,endpoint,жёлтый
1786194763609,free_text,webrtc_ns_moderate,94920.0,partial,белый
1786194763609,free_text,webrtc_ns_moderate,94960.0,partial,белый
1786194763609,free_text,webrtc_ns_moderate,95000.0,partial,белый
1786194763609,free_text,webrtc_ns_moderate,95040.0,partial,белый
1786194763609,free_text,webrtc_ns_moderate,95080.0,partial,белый
1786194763609,free_text,webrtc_ns_moderate,95120.0,partial,белый
1786194763609,free_text,webrtc_ns_moderate,95160.0,partial,белый
1786194763609,free_text,webrtc_ns_moderate,95200.0,partial,белый
1786194763609,free_text,webrtc_ns_moderate,95240.0,partial,белый
1786194763609,free_text,webrtc_ns_moderate,95280.0,partial,белый
1786194763609,free_text,webrtc_ns_moderate,95320.0,partial,белый
1786194763609,free_text,webrtc_ns_moderate,95360.0,partial,белый
1786194763609,free_text,webrtc_ns_moderate,95400.0,partial,белый
1786194763609,free_text,webrtc_ns_moderate,95440.0,partial,белый
1786194763609,free_text,webrtc_ns_moderate,95480.0,partial,белый
1786194763609,free_text,webrtc_ns_moderate,95520.0,partial,белый
1786194763609,free_text,webrtc_ns_moderate,95560.0,partial,белый
1786194763609,free_text,webrtc_ns_moderate,95600.0,partial,белый
1786194763609,free_text,webrtc_ns_moderate,95640.0,partial,белый
1786194763609,free_text,webrtc_ns_moderate,95680.0,partial,белый
1786194763609,free_text,webrtc_ns_moderate,95720.0,partial,белый
1786194763609,free_text,webrtc_ns_moderate,95760.0,partial,белый
1786194763609,free_text,webrtc_ns_moderate,95800.0,partial,белый
1786194763609,free_text,webrtc_ns_moderate,95840.0,partial,белый
1786194763609,free_text,webrtc_ns_moderate,95880.0,partial,белый
1786194763609,free_text,webrtc_ns_moderate,95920.0,partial,белый
1786194763609,free_text,webrtc_ns_moderate,95960.0,partial,белый
1786194763609,free_text,webrtc_ns_moderate,96000.0,partial,белый
1786194763609,free_text,webrtc_ns_moderate,96040.0,partial,белый
1786194763609,free_text,webrtc_ns_moderate,96080.0,partial,белый
1786194763609,free_text,webrtc_ns_moderate,96120.0,endpoint,белый
1786194763609,free_text,webrtc_ns_moderate,98280.0,partial,назад
1786194763609,free_text,webrtc_ns_moderate,98320.0,partial,назад
1786194763609,free_text,webrtc_ns_moderate,98360.0,partial,назад
1786194763609,free_text,webrtc_ns_moderate,98400.0,partial,назад
1786194763609,free_text,webrtc_ns_moderate,98440.0,partial,назад
1786194763609,free_text,webrtc_ns_moderate,98480.0,partial,назад
1786194763609,free_text,webrtc_ns_moderate,98520.0,partial,назад
1786194763609,free_text,webrtc_ns_moderate,98560.0,partial,назад
1786194763609,free_text,webrtc_ns_moderate,98600.0,partial,назад
1786194763609,free_text,webrtc_ns_moderate,98640.0,partial,назад
1786194763609,free_text,webrtc_ns_moderate,98680.0,partial,назад
1786194763609,free_text,webrtc_ns_moderate,98720.0,partial,назад
1786194763609,free_text,webrtc_ns_moderate,98760.0,endpoint,назад
1786194763609,free_text,webrtc_ns_moderate,105240.0,partial,назад
1786194763609,free_text,webrtc_ns_moderate,105280.0,partial,назад
1786194763609,free_text,webrtc_ns_moderate,105320.0,partial,назад
1786194763609,free_text,webrtc_ns_moderate,105360.0,partial,назад
1786194763609,free_text,webrtc_ns_moderate,105400.0,partial,назад
1786194763609,free_text,webrtc_ns_moderate,105440.0,partial,назад
1786194763609,free_text,webrtc_ns_moderate,105480.0,partial,назад
1786194763609,free_text,webrtc_ns_moderate,105520.0,partial,назад
1786194763609,free_text,webrtc_ns_moderate,105560.0,partial,назад
1786194763609,free_text,webrtc_ns_moderate,105600.0,partial,назад
1786194763609,free_text,webrtc_ns_moderate,105640.0,partial,назад
1786194763609,free_text,webrtc_ns_moderate,105680.0,partial,назад
1786194763609,free_text,webrtc_ns_moderate,105720.0,partial,назад
1786194763609,free_text,webrtc_ns_moderate,105760.0,partial,назад
1786194763609,free_text,webrtc_ns_moderate,105800.0,partial,назад
1786194763609,free_text,webrtc_ns_moderate,105840.0,partial,назад
1786194763609,free_text,webrtc_ns_moderate,105880.0,partial,назад
1786194763609,free_text,webrtc_ns_moderate,105920.0,partial,назад
1786194763609,free_text,webrtc_ns_moderate,105960.0,endpoint,назад
1786194763609,free_text,webrtc_ns_moderate,107880.0,partial,назад
1786194763609,free_text,webrtc_ns_moderate,107920.0,partial,назад
1786194763609,free_text,webrtc_ns_moderate,107960.0,partial,назад
1786194763609,free_text,webrtc_ns_moderate,108000.0,partial,назад
1786194763609,free_text,webrtc_ns_moderate,108040.0,partial,назад
1786194763609,free_text,webrtc_ns_moderate,108080.0,partial,назад
1786194763609,free_text,webrtc_ns_moderate,108120.0,partial,назад
1786194763609,free_text,webrtc_ns_moderate,108160.0,partial,назад
1786194763609,free_text,webrtc_ns_moderate,108200.0,partial,назад
1786194763609,free_text,webrtc_ns_moderate,108240.0,partial,назад
1786194763609,free_text,webrtc_ns_moderate,108280.0,partial,назад
1786194763609,free_text,webrtc_ns_moderate,108320.0,partial,назад
1786194763609,free_text,webrtc_ns_moderate,108360.0,partial,назад
1786194763609,free_text,webrtc_ns_moderate,108400.0,partial,назад
1786194763609,free_text,webrtc_ns_moderate,108440.0,partial,назад
1786194763609,free_text,webrtc_ns_moderate,108480.0,partial,назад
1786194763609,free_text,webrtc_ns_moderate,108520.0,partial,назад
1786194763609,free_text,webrtc_ns_moderate,108560.0,partial,назад
1786194763609,free_text,webrtc_ns_moderate,108600.0,endpoint,назад
1786194763609,free_text,webrtc_ns_moderate,111000.0,partial,доступность
1786194763609,free_text,webrtc_ns_moderate,111040.0,partial,доступность
1786194763609,free_text,webrtc_ns_moderate,111080.0,partial,доступность
1786194763609,free_text,webrtc_ns_moderate,111120.0,partial,доступность
1786194763609,free_text,webrtc_ns_moderate,111160.0,partial,доступность
1786194763609,free_text,webrtc_ns_moderate,111200.0,partial,доступность
1786194763609,free_text,webrtc_ns_moderate,111240.0,partial,доступность
1786194763609,free_text,webrtc_ns_moderate,111280.0,partial,доступность
1786194763609,free_text,webrtc_ns_moderate,111320.0,partial,доступность
1786194763609,free_text,webrtc_ns_moderate,111360.0,partial,доступность
1786194763609,free_text,webrtc_ns_moderate,111400.0,partial,доступность
1786194763609,free_text,webrtc_ns_moderate,111440.0,partial,доступность
1786194763609,free_text,webrtc_ns_moderate,111480.0,partial,доступность
1786194763609,free_text,webrtc_ns_moderate,111520.0,partial,доступность
1786194763609,free_text,webrtc_ns_moderate,111560.0,partial,доступность
1786194763609,free_text,webrtc_ns_moderate,111600.0,partial,доступность
1786194763609,free_text,webrtc_ns_moderate,111640.0,partial,доступность
1786194763609,free_text,webrtc_ns_moderate,111680.0,partial,доступность
1786194763609,free_text,webrtc_ns_moderate,111720.0,partial,доступность
1786194763609,free_text,webrtc_ns_moderate,111760.0,partial,доступность
1786194763609,free_text,webrtc_ns_moderate,111800.0,partial,доступность
1786194763609,free_text,webrtc_ns_moderate,111840.0,partial,доступность
1786194763609,free_text,webrtc_ns_moderate,111880.0,partial,доступность
1786194763609,free_text,webrtc_ns_moderate,111920.0,partial,доступность
1786194763609,free_text,webrtc_ns_moderate,111960.0,partial,доступность
1786194763609,free_text,webrtc_ns_moderate,112000.0,partial,доступность
1786194763609,free_text,webrtc_ns_moderate,112040.0,partial,доступность
1786194763609,free_text,webrtc_ns_moderate,112080.0,partial,доступность
1786194763609,free_text,webrtc_ns_moderate,112120.0,partial,доступность
1786194763609,free_text,webrtc_ns_moderate,112160.0,partial,доступность
1786194763609,free_text,webrtc_ns_moderate,112200.0,endpoint,доступность
1786194763609,free_text,webrtc_ns_moderate,113400.0,partial,список
1786194763609,free_text,webrtc_ns_moderate,113440.0,partial,список
1786194763609,free_text,webrtc_ns_moderate,113480.0,partial,список
1786194763609,free_text,webrtc_ns_moderate,113520.0,partial,список
1786194763609,free_text,webrtc_ns_moderate,113560.0,partial,список
1786194763609,free_text,webrtc_ns_moderate,113600.0,partial,список
1786194763609,free_text,webrtc_ns_moderate,113640.0,partial,список
1786194763609,free_text,webrtc_ns_moderate,113680.0,partial,список
1786194763609,free_text,webrtc_ns_moderate,113720.0,partial,список
1786194763609,free_text,webrtc_ns_moderate,113760.0,partial,список
1786194763609,free_text,webrtc_ns_moderate,113800.0,partial,список
1786194763609,free_text,webrtc_ns_moderate,113840.0,partial,список
1786194763609,free_text,webrtc_ns_moderate,113880.0,partial,список
1786194763609,free_text,webrtc_ns_moderate,113920.0,partial,список
1786194763609,free_text,webrtc_ns_moderate,113960.0,partial,список
1786194763609,free_text,webrtc_ns_moderate,114000.0,partial,список
1786194763609,free_text,webrtc_ns_moderate,114040.0,partial,список
1786194763609,free_text,webrtc_ns_moderate,114080.0,partial,список
1786194763609,free_text,webrtc_ns_moderate,114120.0,partial,список
1786194763609,free_text,webrtc_ns_moderate,114160.0,partial,список
1786194763609,free_text,webrtc_ns_moderate,114200.0,partial,список
1786194763609,free_text,webrtc_ns_moderate,114240.0,partial,список
1786194763609,free_text,webrtc_ns_moderate,114280.0,partial,список
1786194763609,free_text,webrtc_ns_moderate,114320.0,partial,список
1786194763609,free_text,webrtc_ns_moderate,114360.0,partial,список
1786194763609,free_text,webrtc_ns_moderate,114400.0,partial,список
1786194763609,free_text,webrtc_ns_moderate,114440.0,partial,список
1786194763609,free_text,webrtc_ns_moderate,114480.0,partial,список
1786194763609,free_text,webrtc_ns_moderate,114520.0,partial,список
1786194763609,free_text,webrtc_ns_moderate,114560.0,partial,список
1786194763609,free_text,webrtc_ns_moderate,114600.0,partial,список
1786194763609,free_text,webrtc_ns_moderate,114640.0,partial,список
1786194763609,free_text,webrtc_ns_moderate,114680.0,partial,список
1786194763609,free_text,webrtc_ns_moderate,114720.0,partial,список
1786194763609,free_text,webrtc_ns_moderate,114760.0,partial,список
1786194763609,free_text,webrtc_ns_moderate,114800.0,partial,список
1786194763609,free_text,webrtc_ns_moderate,114840.0,endpoint,список
1786194763609,free_text,webrtc_ns_moderate,150840.0,partial,назад
1786194763609,free_text,webrtc_ns_moderate,150880.0,partial,назад
1786194763609,free_text,webrtc_ns_moderate,150920.0,partial,назад
1786194763609,free_text,webrtc_ns_moderate,150960.0,partial,назад
1786194763609,free_text,webrtc_ns_moderate,151000.0,partial,назад
1786194763609,free_text,webrtc_ns_moderate,151040.0,partial,назад
1786194763609,free_text,webrtc_ns_moderate,151080.0,partial,назад
1786194763609,free_text,webrtc_ns_moderate,151120.0,partial,назад
1786194763609,free_text,webrtc_ns_moderate,151160.0,partial,назад
1786194763609,free_text,webrtc_ns_moderate,151200.0,partial,назад
1786194763609,free_text,webrtc_ns_moderate,151240.0,partial,назад
1786194763609,free_text,webrtc_ns_moderate,151280.0,partial,назад
1786194763609,free_text,webrtc_ns_moderate,151320.0,partial,назад
1786194763609,free_text,webrtc_ns_moderate,151360.0,partial,назад
1786194763609,free_text,webrtc_ns_moderate,151400.0,partial,назад
1786194763609,free_text,webrtc_ns_moderate,151440.0,partial,назад
1786194763609,free_text,webrtc_ns_moderate,151480.0,partial,назад
1786194763609,free_text,webrtc_ns_moderate,151520.0,partial,назад
1786194763609,free_text,webrtc_ns_moderate,151560.0,endpoint,назад
1786194763609,free_text,webrtc_ns_moderate,155880.0,partial,список
1786194763609,free_text,webrtc_ns_moderate,155920.0,partial,список
1786194763609,free_text,webrtc_ns_moderate,155960.0,partial,список
1786194763609,free_text,webrtc_ns_moderate,156000.0,partial,список
1786194763609,free_text,webrtc_ns_moderate,156040.0,partial,список
1786194763609,free_text,webrtc_ns_moderate,156080.0,partial,список
1786194763609,free_text,webrtc_ns_moderate,156120.0,partial,список
1786194763609,free_text,webrtc_ns_moderate,156160.0,partial,список
1786194763609,free_text,webrtc_ns_moderate,156200.0,partial,список
1786194763609,free_text,webrtc_ns_moderate,156240.0,partial,список
1786194763609,free_text,webrtc_ns_moderate,156280.0,partial,список
1786194763609,free_text,webrtc_ns_moderate,156320.0,partial,список
1786194763609,free_text,webrtc_ns_moderate,156360.0,partial,список
1786194763609,free_text,webrtc_ns_moderate,156400.0,partial,список
1786194763609,free_text,webrtc_ns_moderate,156440.0,partial,список
1786194763609,free_text,webrtc_ns_moderate,156480.0,partial,список
1786194763609,free_text,webrtc_ns_moderate,156520.0,partial,список
1786194763609,free_text,webrtc_ns_moderate,156560.0,partial,список
1786194763609,free_text,webrtc_ns_moderate,156600.0,partial,список
1786194763609,free_text,webrtc_ns_moderate,156640.0,partial,список
1786194763609,free_text,webrtc_ns_moderate,156680.0,partial,список
1786194763609,free_text,webrtc_ns_moderate,156720.0,partial,список
1786194763609,free_text,webrtc_ns_moderate,156760.0,partial,список
1786194763609,free_text,webrtc_ns_moderate,156800.0,partial,список
1786194763609,free_text,webrtc_ns_moderate,156840.0,partial,список
1786194763609,free_text,webrtc_ns_moderate,156880.0,partial,список
1786194763609,free_text,webrtc_ns_moderate,156920.0,partial,список
1786194763609,free_text,webrtc_ns_moderate,156960.0,partial,список
1786194763609,free_text,webrtc_ns_moderate,157000.0,partial,список
1786194763609,free_text,webrtc_ns_moderate,157040.0,partial,список
1786194763609,free_text,webrtc_ns_moderate,157080.0,endpoint,в список
1786194763609,free_text,webrtc_ns_moderate,171960.0,partial,назад
1786194763609,free_text,webrtc_ns_moderate,172000.0,partial,назад
1786194763609,free_text,webrtc_ns_moderate,172040.0,partial,назад
1786194763609,free_text,webrtc_ns_moderate,172080.0,partial,назад
1786194763609,free_text,webrtc_ns_moderate,172120.0,partial,назад
1786194763609,free_text,webrtc_ns_moderate,172160.0,partial,назад
1786194763609,free_text,webrtc_ns_moderate,172200.0,partial,назад
1786194763609,free_text,webrtc_ns_moderate,172240.0,partial,назад
1786194763609,free_text,webrtc_ns_moderate,172280.0,partial,назад
1786194763609,free_text,webrtc_ns_moderate,172320.0,partial,назад
1786194763609,free_text,webrtc_ns_moderate,172360.0,partial,назад
1786194763609,free_text,webrtc_ns_moderate,172400.0,partial,назад
1786194763609,free_text,webrtc_ns_moderate,172440.0,partial,назад
1786194763609,free_text,webrtc_ns_moderate,172480.0,partial,назад
1786194763609,free_text,webrtc_ns_moderate,172520.0,partial,назад
1786194763609,free_text,webrtc_ns_moderate,172560.0,partial,назад
1786194763609,free_text,webrtc_ns_moderate,172600.0,partial,назад
1786194763609,free_text,webrtc_ns_moderate,172640.0,partial,назад
1786194763609,free_text,webrtc_ns_moderate,172680.0,endpoint,назад
1786194763609,free_text,webrtc_ns_moderate,178920.0,partial,назад
1786194763609,free_text,webrtc_ns_moderate,178960.0,partial,назад
1786194763609,free_text,webrtc_ns_moderate,179000.0,partial,назад
1786194763609,free_text,webrtc_ns_moderate,179040.0,partial,назад
1786194763609,free_text,webrtc_ns_moderate,179080.0,partial,назад
1786194763609,free_text,webrtc_ns_moderate,179120.0,partial,назад
1786194763609,free_text,webrtc_ns_moderate,179160.0,partial,назад
1786194763609,free_text,webrtc_ns_moderate,179200.0,partial,назад
1786194763609,free_text,webrtc_ns_moderate,179240.0,partial,назад
1786194763609,free_text,webrtc_ns_moderate,179280.0,partial,назад
1786194763609,free_text,webrtc_ns_moderate,179320.0,partial,назад
1786194763609,free_text,webrtc_ns_moderate,179360.0,partial,назад
1786194763609,free_text,webrtc_ns_moderate,179400.0,endpoint,назад
1786194763609,command_menu,webrtc_ns_high,10200.0,partial,вниз
1786194763609,command_menu,webrtc_ns_high,10240.0,partial,вниз
1786194763609,command_menu,webrtc_ns_high,10280.0,partial,вниз
1786194763609,command_menu,webrtc_ns_high,10320.0,partial,вниз
1786194763609,command_menu,webrtc_ns_high,10360.0,partial,вниз
1786194763609,command_menu,webrtc_ns_high,10400.0,partial,вниз
1786194763609,command_menu,webrtc_ns_high,10440.0,partial,вниз
1786194763609,command_menu,webrtc_ns_high,10480.0,partial,вниз
1786194763609,command_menu,webrtc_ns_high,10520.0,partial,вниз
1786194763609,command_menu,webrtc_ns_high,10560.0,partial,вниз
1786194763609,command_menu,webrtc_ns_high,10600.0,partial,вниз
1786194763609,command_menu,webrtc_ns_high,10640.0,partial,вниз
1786194763609,command_menu,webrtc_ns_high,10680.0,partial,вниз
1786194763609,command_menu,webrtc_ns_high,10720.0,partial,вниз
1786194763609,command_menu,webrtc_ns_high,10760.0,partial,вниз
1786194763609,command_menu,webrtc_ns_high,10800.0,partial,вниз
1786194763609,command_menu,webrtc_ns_high,10840.0,partial,вниз
1786194763609,command_menu,webrtc_ns_high,10880.0,partial,вниз
1786194763609,command_menu,webrtc_ns_high,10920.0,partial,вниз
1786194763609,command_menu,webrtc_ns_high,10960.0,partial,вниз
1786194763609,command_menu,webrtc_ns_high,11000.0,partial,вниз
1786194763609,command_menu,webrtc_ns_high,11040.0,partial,вниз
1786194763609,command_menu,webrtc_ns_high,11080.0,partial,вниз
1786194763609,command_menu,webrtc_ns_high,11120.0,partial,вниз
1786194763609,command_menu,webrtc_ns_high,11160.0,endpoint,вниз
1786194763609,command_menu,webrtc_ns_high,12120.0,partial,вниз
1786194763609,command_menu,webrtc_ns_high,12160.0,partial,вниз
1786194763609,command_menu,webrtc_ns_high,12200.0,partial,вниз
1786194763609,command_menu,webrtc_ns_high,12240.0,partial,вниз
1786194763609,command_menu,webrtc_ns_high,12280.0,partial,вниз
1786194763609,command_menu,webrtc_ns_high,12320.0,partial,вниз
1786194763609,command_menu,webrtc_ns_high,12360.0,partial,вниз
1786194763609,command_menu,webrtc_ns_high,12400.0,partial,вниз
1786194763609,command_menu,webrtc_ns_high,12440.0,partial,вниз
1786194763609,command_menu,webrtc_ns_high,12480.0,partial,вниз
1786194763609,command_menu,webrtc_ns_high,12520.0,partial,вниз
1786194763609,command_menu,webrtc_ns_high,12560.0,partial,вниз
1786194763609,command_menu,webrtc_ns_high,12600.0,partial,вниз
1786194763609,command_menu,webrtc_ns_high,12640.0,partial,вниз
1786194763609,command_menu,webrtc_ns_high,12680.0,partial,вниз
1786194763609,command_menu,webrtc_ns_high,12720.0,partial,вниз
1786194763609,command_menu,webrtc_ns_high,12760.0,partial,вниз
1786194763609,command_menu,webrtc_ns_high,12800.0,partial,вниз
1786194763609,command_menu,webrtc_ns_high,12840.0,partial,вниз
1786194763609,command_menu,webrtc_ns_high,12880.0,partial,вниз
1786194763609,command_menu,webrtc_ns_high,12920.0,partial,вниз
1786194763609,command_menu,webrtc_ns_high,12960.0,partial,вниз
1786194763609,command_menu,webrtc_ns_high,13000.0,partial,вниз
1786194763609,command_menu,webrtc_ns_high,13040.0,partial,вниз
1786194763609,command_menu,webrtc_ns_high,13080.0,endpoint,вниз
1786194763609,command_menu,webrtc_ns_high,14040.0,partial,вниз
1786194763609,command_menu,webrtc_ns_high,14080.0,partial,вниз
1786194763609,command_menu,webrtc_ns_high,14120.0,partial,вниз
1786194763609,command_menu,webrtc_ns_high,14160.0,partial,вниз
1786194763609,command_menu,webrtc_ns_high,14200.0,partial,вниз
1786194763609,command_menu,webrtc_ns_high,14240.0,partial,вниз
1786194763609,command_menu,webrtc_ns_high,14280.0,partial,вниз
1786194763609,command_menu,webrtc_ns_high,14320.0,partial,вниз
1786194763609,command_menu,webrtc_ns_high,14360.0,partial,вниз
1786194763609,command_menu,webrtc_ns_high,14400.0,partial,вниз
1786194763609,command_menu,webrtc_ns_high,14440.0,partial,вниз
1786194763609,command_menu,webrtc_ns_high,14480.0,partial,вниз
1786194763609,command_menu,webrtc_ns_high,14520.0,partial,вниз
1786194763609,command_menu,webrtc_ns_high,14560.0,partial,вниз
1786194763609,command_menu,webrtc_ns_high,14600.0,partial,вниз
1786194763609,command_menu,webrtc_ns_high,14640.0,partial,вниз
1786194763609,command_menu,webrtc_ns_high,14680.0,partial,вниз
1786194763609,command_menu,webrtc_ns_high,14720.0,partial,вниз
1786194763609,command_menu,webrtc_ns_high,14760.0,partial,вниз
1786194763609,command_menu,webrtc_ns_high,14800.0,partial,вниз
1786194763609,command_menu,webrtc_ns_high,14840.0,partial,вниз
1786194763609,command_menu,webrtc_ns_high,14880.0,partial,вниз
1786194763609,command_menu,webrtc_ns_high,14920.0,partial,вниз
1786194763609,command_menu,webrtc_ns_high,14960.0,partial,вниз
1786194763609,command_menu,webrtc_ns_high,15000.0,endpoint,вниз
1786194763609,command_menu,webrtc_ns_high,15720.0,partial,вверх
1786194763609,command_menu,webrtc_ns_high,15760.0,partial,вверх
1786194763609,command_menu,webrtc_ns_high,15800.0,partial,вверх
1786194763609,command_menu,webrtc_ns_high,15840.0,partial,вверх
1786194763609,command_menu,webrtc_ns_high,15880.0,partial,вверх
1786194763609,command_menu,webrtc_ns_high,15920.0,partial,вверх
1786194763609,command_menu,webrtc_ns_high,15960.0,partial,вверх
1786194763609,command_menu,webrtc_ns_high,16000.0,partial,вверх
1786194763609,command_menu,webrtc_ns_high,16040.0,partial,вверх
1786194763609,command_menu,webrtc_ns_high,16080.0,partial,вверх
1786194763609,command_menu,webrtc_ns_high,16120.0,partial,вверх
1786194763609,command_menu,webrtc_ns_high,16160.0,partial,вверх
1786194763609,command_menu,webrtc_ns_high,16200.0,partial,вверх
1786194763609,command_menu,webrtc_ns_high,16240.0,partial,вверх
1786194763609,command_menu,webrtc_ns_high,16280.0,partial,вверх
1786194763609,command_menu,webrtc_ns_high,16320.0,partial,вверх
1786194763609,command_menu,webrtc_ns_high,16360.0,partial,вверх
1786194763609,command_menu,webrtc_ns_high,16400.0,partial,вверх
1786194763609,command_menu,webrtc_ns_high,16440.0,partial,вверх
1786194763609,command_menu,webrtc_ns_high,16480.0,partial,вверх
1786194763609,command_menu,webrtc_ns_high,16520.0,partial,вверх
1786194763609,command_menu,webrtc_ns_high,16560.0,partial,вверх
1786194763609,command_menu,webrtc_ns_high,16600.0,partial,вверх
1786194763609,command_menu,webrtc_ns_high,16640.0,partial,вверх
1786194763609,command_menu,webrtc_ns_high,16680.0,endpoint,вверх
1786194763609,command_menu,webrtc_ns_high,17160.0,partial,вверх
1786194763609,command_menu,webrtc_ns_high,17200.0,partial,вверх
1786194763609,command_menu,webrtc_ns_high,17240.0,partial,вверх
1786194763609,command_menu,webrtc_ns_high,17280.0,partial,вверх
1786194763609,command_menu,webrtc_ns_high,17320.0,partial,вверх
1786194763609,command_menu,webrtc_ns_high,17360.0,partial,вверх
1786194763609,command_menu,webrtc_ns_high,17400.0,partial,вверх
1786194763609,command_menu,webrtc_ns_high,17440.0,partial,вверх
1786194763609,command_menu,webrtc_ns_high,17480.0,partial,вверх
1786194763609,command_menu,webrtc_ns_high,17520.0,partial,вверх
1786194763609,command_menu,webrtc_ns_high,17560.0,partial,вверх
1786194763609,command_menu,webrtc_ns_high,17600.0,partial,вверх
1786194763609,command_menu,webrtc_ns_high,17640.0,partial,вверх
1786194763609,command_menu,webrtc_ns_high,17680.0,partial,вверх
1786194763609,command_menu,webrtc_ns_high,17720.0,partial,вверх
1786194763609,command_menu,webrtc_ns_high,17760.0,partial,вверх
1786194763609,command_menu,webrtc_ns_high,17800.0,partial,вверх
1786194763609,command_menu,webrtc_ns_high,17840.0,partial,вверх
1786194763609,command_menu,webrtc_ns_high,17880.0,endpoint,вверх
1786194763609,command_menu,webrtc_ns_high,18120.0,partial,вверх
1786194763609,command_menu,webrtc_ns_high,18160.0,partial,вверх
1786194763609,command_menu,webrtc_ns_high,18200.0,partial,вверх
1786194763609,command_menu,webrtc_ns_high,18240.0,partial,вверх
1786194763609,command_menu,webrtc_ns_high,18280.0,partial,вверх
1786194763609,command_menu,webrtc_ns_high,18320.0,partial,вверх
1786194763609,command_menu,webrtc_ns_high,18360.0,partial,вверх
1786194763609,command_menu,webrtc_ns_high,18400.0,partial,вверх
1786194763609,command_menu,webrtc_ns_high,18440.0,partial,вверх
1786194763609,command_menu,webrtc_ns_high,18480.0,partial,вверх
1786194763609,command_menu,webrtc_ns_high,18520.0,partial,вверх
1786194763609,command_menu,webrtc_ns_high,18560.0,partial,вверх
1786194763609,command_menu,webrtc_ns_high,18600.0,partial,вверх
1786194763609,command_menu,webrtc_ns_high,18640.0,partial,вверх
1786194763609,command_menu,webrtc_ns_high,18680.0,partial,вверх
1786194763609,command_menu,webrtc_ns_high,18720.0,partial,вверх
1786194763609,command_menu,webrtc_ns_high,18760.0,partial,вверх
1786194763609,command_menu,webrtc_ns_high,18800.0,partial,вверх
1786194763609,command_menu,webrtc_ns_high,18840.0,partial,вверх
1786194763609,command_menu,webrtc_ns_high,18880.0,partial,вверх
1786194763609,command_menu,webrtc_ns_high,18920.0,partial,вверх
1786194763609,command_menu,webrtc_ns_high,18960.0,partial,вверх
1786194763609,command_menu,webrtc_ns_high,19000.0,partial,вверх
1786194763609,command_menu,webrtc_ns_high,19040.0,partial,вверх
1786194763609,command_menu,webrtc_ns_high,19080.0,endpoint,вверх
1786194763609,command_menu,webrtc_ns_high,23400.0,partial,вверх
1786194763609,command_menu,webrtc_ns_high,23440.0,partial,вверх
1786194763609,command_menu,webrtc_ns_high,23480.0,partial,вверх
1786194763609,command_menu,webrtc_ns_high,23520.0,partial,вверх
1786194763609,command_menu,webrtc_ns_high,23560.0,partial,вверх
1786194763609,command_menu,webrtc_ns_high,23600.0,partial,вверх
1786194763609,command_menu,webrtc_ns_high,23640.0,partial,вверх
1786194763609,command_menu,webrtc_ns_high,23680.0,partial,вверх
1786194763609,command_menu,webrtc_ns_high,23720.0,partial,вверх
1786194763609,command_menu,webrtc_ns_high,23760.0,partial,вверх
1786194763609,command_menu,webrtc_ns_high,23800.0,partial,вверх
1786194763609,command_menu,webrtc_ns_high,23840.0,partial,вверх
1786194763609,command_menu,webrtc_ns_high,23880.0,partial,вверх
1786194763609,command_menu,webrtc_ns_high,23920.0,partial,вверх
1786194763609,command_menu,webrtc_ns_high,23960.0,partial,вверх
1786194763609,command_menu,webrtc_ns_high,24000.0,partial,вверх
1786194763609,command_menu,webrtc_ns_high,24040.0,partial,вверх
1786194763609,command_menu,webrtc_ns_high,24080.0,partial,вверх
1786194763609,command_menu,webrtc_ns_high,24120.0,partial,вверх
1786194763609,command_menu,webrtc_ns_high,24160.0,partial,вверх
1786194763609,command_menu,webrtc_ns_high,24200.0,partial,вверх
1786194763609,command_menu,webrtc_ns_high,24240.0,partial,вверх
1786194763609,command_menu,webrtc_ns_high,24280.0,partial,вверх
1786194763609,command_menu,webrtc_ns_high,24320.0,partial,вверх
1786194763609,command_menu,webrtc_ns_high,24360.0,endpoint,вверх
1786194763609,command_menu,webrtc_ns_high,25080.0,partial,вниз
1786194763609,command_menu,webrtc_ns_high,25120.0,partial,вниз
1786194763609,command_menu,webrtc_ns_high,25160.0,partial,вниз
1786194763609,command_menu,webrtc_ns_high,25200.0,partial,вниз
1786194763609,command_menu,webrtc_ns_high,25240.0,partial,вниз
1786194763609,command_menu,webrtc_ns_high,25280.0,partial,вниз
1786194763609,command_menu,webrtc_ns_high,25320.0,partial,вниз
1786194763609,command_menu,webrtc_ns_high,25360.0,partial,вниз
1786194763609,command_menu,webrtc_ns_high,25400.0,partial,вниз
1786194763609,command_menu,webrtc_ns_high,25440.0,partial,вниз
1786194763609,command_menu,webrtc_ns_high,25480.0,partial,вниз
1786194763609,command_menu,webrtc_ns_high,25520.0,partial,вниз
1786194763609,command_menu,webrtc_ns_high,25560.0,partial,вниз
1786194763609,command_menu,webrtc_ns_high,25600.0,partial,вниз
1786194763609,command_menu,webrtc_ns_high,25640.0,partial,вниз
1786194763609,command_menu,webrtc_ns_high,25680.0,partial,вниз
1786194763609,command_menu,webrtc_ns_high,25720.0,partial,вниз
1786194763609,command_menu,webrtc_ns_high,25760.0,partial,вниз
1786194763609,command_menu,webrtc_ns_high,25800.0,partial,вниз
1786194763609,command_menu,webrtc_ns_high,25840.0,partial,вниз
1786194763609,command_menu,webrtc_ns_high,25880.0,partial,вниз
1786194763609,command_menu,webrtc_ns_high,25920.0,partial,вниз
1786194763609,command_menu,webrtc_ns_high,25960.0,partial,вниз
1786194763609,command_menu,webrtc_ns_high,26000.0,partial,вниз
1786194763609,command_menu,webrtc_ns_high,26040.0,endpoint,вниз
1786194763609,command_menu,webrtc_ns_high,26280.0,partial,вниз
1786194763609,command_menu,webrtc_ns_high,26320.0,partial,вниз
1786194763609,command_menu,webrtc_ns_high,26360.0,partial,вниз
1786194763609,command_menu,webrtc_ns_high,26400.0,partial,вниз
1786194763609,command_menu,webrtc_ns_high,26440.0,partial,вниз
1786194763609,command_menu,webrtc_ns_high,26480.0,partial,вниз
1786194763609,command_menu,webrtc_ns_high,26520.0,partial,вниз
1786194763609,command_menu,webrtc_ns_high,26560.0,partial,вниз
1786194763609,command_menu,webrtc_ns_high,26600.0,partial,вниз
1786194763609,command_menu,webrtc_ns_high,26640.0,partial,вниз
1786194763609,command_menu,webrtc_ns_high,26680.0,partial,вниз
1786194763609,command_menu,webrtc_ns_high,26720.0,partial,вниз
1786194763609,command_menu,webrtc_ns_high,26760.0,partial,вниз
1786194763609,command_menu,webrtc_ns_high,26800.0,partial,вниз
1786194763609,command_menu,webrtc_ns_high,26840.0,partial,вниз
1786194763609,command_menu,webrtc_ns_high,26880.0,partial,вниз
1786194763609,command_menu,webrtc_ns_high,26920.0,partial,вниз
1786194763609,command_menu,webrtc_ns_high,26960.0,partial,вниз
1786194763609,command_menu,webrtc_ns_high,27000.0,partial,вниз
1786194763609,command_menu,webrtc_ns_high,27040.0,partial,вниз
1786194763609,command_menu,webrtc_ns_high,27080.0,partial,вниз
1786194763609,command_menu,webrtc_ns_high,27120.0,partial,вниз
1786194763609,command_menu,webrtc_ns_high,27160.0,partial,вниз
1786194763609,command_menu,webrtc_ns_high,27200.0,partial,вниз
1786194763609,command_menu,webrtc_ns_high,27240.0,endpoint,вниз
1786194763609,command_menu,webrtc_ns_high,27480.0,partial,вниз
1786194763609,command_menu,webrtc_ns_high,27520.0,partial,вниз
1786194763609,command_menu,webrtc_ns_high,27560.0,partial,вниз
1786194763609,command_menu,webrtc_ns_high,27600.0,partial,вниз
1786194763609,command_menu,webrtc_ns_high,27640.0,partial,вниз
1786194763609,command_menu,webrtc_ns_high,27680.0,partial,вниз
1786194763609,command_menu,webrtc_ns_high,27720.0,partial,вниз
1786194763609,command_menu,webrtc_ns_high,27760.0,partial,вниз
1786194763609,command_menu,webrtc_ns_high,27800.0,partial,вниз
1786194763609,command_menu,webrtc_ns_high,27840.0,partial,вниз
1786194763609,command_menu,webrtc_ns_high,27880.0,partial,вниз
1786194763609,command_menu,webrtc_ns_high,27920.0,partial,вниз
1786194763609,command_menu,webrtc_ns_high,27960.0,partial,вниз
1786194763609,command_menu,webrtc_ns_high,28000.0,partial,вниз
1786194763609,command_menu,webrtc_ns_high,28040.0,partial,вниз
1786194763609,command_menu,webrtc_ns_high,28080.0,partial,вниз
1786194763609,command_menu,webrtc_ns_high,28120.0,partial,вниз
1786194763609,command_menu,webrtc_ns_high,28160.0,partial,вниз
1786194763609,command_menu,webrtc_ns_high,28200.0,partial,вниз
1786194763609,command_menu,webrtc_ns_high,28240.0,partial,вниз
1786194763609,command_menu,webrtc_ns_high,28280.0,partial,вниз
1786194763609,command_menu,webrtc_ns_high,28320.0,partial,вниз
1786194763609,command_menu,webrtc_ns_high,28360.0,partial,вниз
1786194763609,command_menu,webrtc_ns_high,28400.0,partial,вниз
1786194763609,command_menu,webrtc_ns_high,28440.0,endpoint,вниз
1786194763609,command_menu,webrtc_ns_high,46680.0,partial,вверх
1786194763609,command_menu,webrtc_ns_high,46720.0,partial,вверх
1786194763609,command_menu,webrtc_ns_high,46760.0,partial,вверх
1786194763609,command_menu,webrtc_ns_high,46800.0,partial,вверх
1786194763609,command_menu,webrtc_ns_high,46840.0,partial,вверх
1786194763609,command_menu,webrtc_ns_high,46880.0,partial,вверх
1786194763609,command_menu,webrtc_ns_high,46920.0,partial,вверх
1786194763609,command_menu,webrtc_ns_high,46960.0,partial,вверх
1786194763609,command_menu,webrtc_ns_high,47000.0,partial,вверх
1786194763609,command_menu,webrtc_ns_high,47040.0,partial,вверх
1786194763609,command_menu,webrtc_ns_high,47080.0,partial,вверх
1786194763609,command_menu,webrtc_ns_high,47120.0,partial,вверх
1786194763609,command_menu,webrtc_ns_high,47160.0,partial,вверх
1786194763609,command_menu,webrtc_ns_high,47200.0,partial,вверх
1786194763609,command_menu,webrtc_ns_high,47240.0,partial,вверх
1786194763609,command_menu,webrtc_ns_high,47280.0,partial,вверх
1786194763609,command_menu,webrtc_ns_high,47320.0,partial,вверх
1786194763609,command_menu,webrtc_ns_high,47360.0,partial,вверх
1786194763609,command_menu,webrtc_ns_high,47400.0,endpoint,вверх
1786194763609,command_menu,webrtc_ns_high,47640.0,partial,вверх
1786194763609,command_menu,webrtc_ns_high,47680.0,partial,вверх
1786194763609,command_menu,webrtc_ns_high,47720.0,partial,вверх
1786194763609,command_menu,webrtc_ns_high,47760.0,partial,вверх
1786194763609,command_menu,webrtc_ns_high,47800.0,partial,вверх
1786194763609,command_menu,webrtc_ns_high,47840.0,partial,вверх
1786194763609,command_menu,webrtc_ns_high,47880.0,partial,вверх
1786194763609,command_menu,webrtc_ns_high,47920.0,partial,вверх
1786194763609,command_menu,webrtc_ns_high,47960.0,partial,вверх
1786194763609,command_menu,webrtc_ns_high,48000.0,partial,вверх
1786194763609,command_menu,webrtc_ns_high,48040.0,partial,вверх
1786194763609,command_menu,webrtc_ns_high,48080.0,partial,вверх
1786194763609,command_menu,webrtc_ns_high,48120.0,partial,вверх
1786194763609,command_menu,webrtc_ns_high,48160.0,partial,вверх
1786194763609,command_menu,webrtc_ns_high,48200.0,partial,вверх
1786194763609,command_menu,webrtc_ns_high,48240.0,partial,вверх
1786194763609,command_menu,webrtc_ns_high,48280.0,partial,вверх
1786194763609,command_menu,webrtc_ns_high,48320.0,partial,вверх
1786194763609,command_menu,webrtc_ns_high,48360.0,partial,вверх
1786194763609,command_menu,webrtc_ns_high,48400.0,partial,вверх
1786194763609,command_menu,webrtc_ns_high,48440.0,partial,вверх
1786194763609,command_menu,webrtc_ns_high,48480.0,partial,вверх
1786194763609,command_menu,webrtc_ns_high,48520.0,partial,вверх
1786194763609,command_menu,webrtc_ns_high,48560.0,partial,вверх
1786194763609,command_menu,webrtc_ns_high,48600.0,partial,вверх вверх
1786194763609,command_menu,webrtc_ns_high,48640.0,partial,вверх вверх
1786194763609,command_menu,webrtc_ns_high,48680.0,partial,вверх вверх
1786194763609,command_menu,webrtc_ns_high,48720.0,partial,вверх вверх
1786194763609,command_menu,webrtc_ns_high,48760.0,partial,вверх вверх
1786194763609,command_menu,webrtc_ns_high,48800.0,partial,вверх вверх
1786194763609,command_menu,webrtc_ns_high,48840.0,partial,вверх вверх
1786194763609,command_menu,webrtc_ns_high,48880.0,partial,вверх вверх
1786194763609,command_menu,webrtc_ns_high,48920.0,partial,вверх вверх
1786194763609,command_menu,webrtc_ns_high,48960.0,partial,вверх вверх
1786194763609,command_menu,webrtc_ns_high,49000.0,partial,вверх вверх
1786194763609,command_menu,webrtc_ns_high,49040.0,partial,вверх вверх
1786194763609,command_menu,webrtc_ns_high,49080.0,partial,вверх вверх
1786194763609,command_menu,webrtc_ns_high,49120.0,partial,вверх вверх
1786194763609,command_menu,webrtc_ns_high,49160.0,partial,вверх вверх
1786194763609,command_menu,webrtc_ns_high,49200.0,partial,вверх вверх
1786194763609,command_menu,webrtc_ns_high,49240.0,partial,вверх вверх
1786194763609,command_menu,webrtc_ns_high,49280.0,partial,вверх вверх
1786194763609,command_menu,webrtc_ns_high,49320.0,partial,вверх вверх
1786194763609,command_menu,webrtc_ns_high,49360.0,partial,вверх вверх
1786194763609,command_menu,webrtc_ns_high,49400.0,partial,вверх вверх
1786194763609,command_menu,webrtc_ns_high,49440.0,partial,вверх вверх
1786194763609,command_menu,webrtc_ns_high,49480.0,partial,вверх вверх
1786194763609,command_menu,webrtc_ns_high,49520.0,partial,вверх вверх
1786194763609,command_menu,webrtc_ns_high,49560.0,endpoint,вверх вверх
1786194763609,command_menu,webrtc_ns_high,50280.0,partial,вниз
1786194763609,command_menu,webrtc_ns_high,50320.0,partial,вниз
1786194763609,command_menu,webrtc_ns_high,50360.0,partial,вниз
1786194763609,command_menu,webrtc_ns_high,50400.0,partial,вниз
1786194763609,command_menu,webrtc_ns_high,50440.0,partial,вниз
1786194763609,command_menu,webrtc_ns_high,50480.0,partial,вниз
1786194763609,command_menu,webrtc_ns_high,50520.0,partial,вниз
1786194763609,command_menu,webrtc_ns_high,50560.0,partial,вниз
1786194763609,command_menu,webrtc_ns_high,50600.0,partial,вниз
1786194763609,command_menu,webrtc_ns_high,50640.0,partial,вниз
1786194763609,command_menu,webrtc_ns_high,50680.0,partial,вниз
1786194763609,command_menu,webrtc_ns_high,50720.0,partial,вниз
1786194763609,command_menu,webrtc_ns_high,50760.0,partial,вниз
1786194763609,command_menu,webrtc_ns_high,50800.0,partial,вниз
1786194763609,command_menu,webrtc_ns_high,50840.0,partial,вниз
1786194763609,command_menu,webrtc_ns_high,50880.0,partial,вниз
1786194763609,command_menu,webrtc_ns_high,50920.0,partial,вниз
1786194763609,command_menu,webrtc_ns_high,50960.0,partial,вниз
1786194763609,command_menu,webrtc_ns_high,51000.0,partial,вниз
1786194763609,command_menu,webrtc_ns_high,51040.0,partial,вниз
1786194763609,command_menu,webrtc_ns_high,51080.0,partial,вниз
1786194763609,command_menu,webrtc_ns_high,51120.0,partial,вниз
1786194763609,command_menu,webrtc_ns_high,51160.0,partial,вниз
1786194763609,command_menu,webrtc_ns_high,51200.0,partial,вниз
1786194763609,command_menu,webrtc_ns_high,51240.0,partial,вниз
1786194763609,command_menu,webrtc_ns_high,51280.0,partial,вниз
1786194763609,command_menu,webrtc_ns_high,51320.0,partial,вниз
1786194763609,command_menu,webrtc_ns_high,51360.0,partial,вниз
1786194763609,command_menu,webrtc_ns_high,51400.0,partial,вниз
1786194763609,command_menu,webrtc_ns_high,51440.0,partial,вниз
1786194763609,command_menu,webrtc_ns_high,51480.0,partial,вниз вниз
1786194763609,command_menu,webrtc_ns_high,51520.0,partial,вниз вниз
1786194763609,command_menu,webrtc_ns_high,51560.0,partial,вниз вниз
1786194763609,command_menu,webrtc_ns_high,51600.0,partial,вниз вниз
1786194763609,command_menu,webrtc_ns_high,51640.0,partial,вниз вниз
1786194763609,command_menu,webrtc_ns_high,51680.0,partial,вниз вниз
1786194763609,command_menu,webrtc_ns_high,51720.0,partial,вниз вниз
1786194763609,command_menu,webrtc_ns_high,51760.0,partial,вниз вниз
1786194763609,command_menu,webrtc_ns_high,51800.0,partial,вниз вниз
1786194763609,command_menu,webrtc_ns_high,51840.0,partial,вниз вниз
1786194763609,command_menu,webrtc_ns_high,51880.0,partial,вниз вниз
1786194763609,command_menu,webrtc_ns_high,51920.0,partial,вниз вниз
1786194763609,command_menu,webrtc_ns_high,51960.0,partial,вниз вниз
1786194763609,command_menu,webrtc_ns_high,52000.0,partial,вниз вниз
1786194763609,command_menu,webrtc_ns_high,52040.0,partial,вниз вниз
1786194763609,command_menu,webrtc_ns_high,52080.0,partial,вниз вниз
1786194763609,command_menu,webrtc_ns_high,52120.0,partial,вниз вниз
1786194763609,command_menu,webrtc_ns_high,52160.0,partial,вниз вниз
1786194763609,command_menu,webrtc_ns_high,52200.0,endpoint,вниз вниз
1786194763609,command_menu,webrtc_ns_high,52440.0,partial,вниз
1786194763609,command_menu,webrtc_ns_high,52480.0,partial,вниз
1786194763609,command_menu,webrtc_ns_high,52520.0,partial,вниз
1786194763609,command_menu,webrtc_ns_high,52560.0,partial,вниз
1786194763609,command_menu,webrtc_ns_high,52600.0,partial,вниз
1786194763609,command_menu,webrtc_ns_high,52640.0,partial,вниз
1786194763609,command_menu,webrtc_ns_high,52680.0,partial,вниз
1786194763609,command_menu,webrtc_ns_high,52720.0,partial,вниз
1786194763609,command_menu,webrtc_ns_high,52760.0,partial,вниз
1786194763609,command_menu,webrtc_ns_high,52800.0,partial,вниз
1786194763609,command_menu,webrtc_ns_high,52840.0,partial,вниз
1786194763609,command_menu,webrtc_ns_high,52880.0,partial,вниз
1786194763609,command_menu,webrtc_ns_high,52920.0,partial,вниз
1786194763609,command_menu,webrtc_ns_high,52960.0,partial,вниз
1786194763609,command_menu,webrtc_ns_high,53000.0,partial,вниз
1786194763609,command_menu,webrtc_ns_high,53040.0,partial,вниз
1786194763609,command_menu,webrtc_ns_high,53080.0,partial,вниз
1786194763609,command_menu,webrtc_ns_high,53120.0,partial,вниз
1786194763609,command_menu,webrtc_ns_high,53160.0,partial,вниз
1786194763609,command_menu,webrtc_ns_high,53200.0,partial,вниз
1786194763609,command_menu,webrtc_ns_high,53240.0,partial,вниз
1786194763609,command_menu,webrtc_ns_high,53280.0,partial,вниз
1786194763609,command_menu,webrtc_ns_high,53320.0,partial,вниз
1786194763609,command_menu,webrtc_ns_high,53360.0,partial,вниз
1786194763609,command_menu,webrtc_ns_high,53400.0,endpoint,вниз
1786194763609,command_menu,webrtc_ns_high,53880.0,partial,вверх
1786194763609,command_menu,webrtc_ns_high,53920.0,partial,вверх
1786194763609,command_menu,webrtc_ns_high,53960.0,partial,вверх
1786194763609,command_menu,webrtc_ns_high,54000.0,partial,вверх
1786194763609,command_menu,webrtc_ns_high,54040.0,partial,вверх
1786194763609,command_menu,webrtc_ns_high,54080.0,partial,вверх
1786194763609,command_menu,webrtc_ns_high,54120.0,partial,вверх
1786194763609,command_menu,webrtc_ns_high,54160.0,partial,вверх
1786194763609,command_menu,webrtc_ns_high,54200.0,partial,вверх
1786194763609,command_menu,webrtc_ns_high,54240.0,partial,вверх
1786194763609,command_menu,webrtc_ns_high,54280.0,partial,вверх
1786194763609,command_menu,webrtc_ns_high,54320.0,partial,вверх
1786194763609,command_menu,webrtc_ns_high,54360.0,partial,вверх
1786194763609,command_menu,webrtc_ns_high,54400.0,partial,вверх
1786194763609,command_menu,webrtc_ns_high,54440.0,partial,вверх
1786194763609,command_menu,webrtc_ns_high,54480.0,partial,вверх
1786194763609,command_menu,webrtc_ns_high,54520.0,partial,вверх
1786194763609,command_menu,webrtc_ns_high,54560.0,partial,вверх
1786194763609,command_menu,webrtc_ns_high,54600.0,endpoint,вверх
1786194763609,command_menu,webrtc_ns_high,54840.0,partial,печать
1786194763609,command_menu,webrtc_ns_high,54880.0,partial,печать
1786194763609,command_menu,webrtc_ns_high,54920.0,partial,печать
1786194763609,command_menu,webrtc_ns_high,54960.0,partial,печать
1786194763609,command_menu,webrtc_ns_high,55000.0,partial,печать
1786194763609,command_menu,webrtc_ns_high,55040.0,partial,печать
1786194763609,command_menu,webrtc_ns_high,55080.0,partial,вверх
1786194763609,command_menu,webrtc_ns_high,55120.0,partial,вверх
1786194763609,command_menu,webrtc_ns_high,55160.0,partial,вверх
1786194763609,command_menu,webrtc_ns_high,55200.0,partial,вверх
1786194763609,command_menu,webrtc_ns_high,55240.0,partial,вверх
1786194763609,command_menu,webrtc_ns_high,55280.0,partial,вверх
1786194763609,command_menu,webrtc_ns_high,55320.0,partial,вверх
1786194763609,command_menu,webrtc_ns_high,55360.0,partial,вверх
1786194763609,command_menu,webrtc_ns_high,55400.0,partial,вверх
1786194763609,command_menu,webrtc_ns_high,55440.0,partial,вверх
1786194763609,command_menu,webrtc_ns_high,55480.0,partial,вверх
1786194763609,command_menu,webrtc_ns_high,55520.0,partial,вверх
1786194763609,command_menu,webrtc_ns_high,55560.0,partial,вверх
1786194763609,command_menu,webrtc_ns_high,55600.0,partial,вверх
1786194763609,command_menu,webrtc_ns_high,55640.0,partial,вверх
1786194763609,command_menu,webrtc_ns_high,55680.0,partial,вверх
1786194763609,command_menu,webrtc_ns_high,55720.0,partial,вверх
1786194763609,command_menu,webrtc_ns_high,55760.0,partial,вверх
1786194763609,command_menu,webrtc_ns_high,55800.0,endpoint,вверх
1786194763609,command_menu,webrtc_ns_high,56040.0,partial,вверх
1786194763609,command_menu,webrtc_ns_high,56080.0,partial,вверх
1786194763609,command_menu,webrtc_ns_high,56120.0,partial,вверх
1786194763609,command_menu,webrtc_ns_high,56160.0,partial,вверх
1786194763609,command_menu,webrtc_ns_high,56200.0,partial,вверх
1786194763609,command_menu,webrtc_ns_high,56240.0,partial,вверх
1786194763609,command_menu,webrtc_ns_high,56280.0,partial,вверх
1786194763609,command_menu,webrtc_ns_high,56320.0,partial,вверх
1786194763609,command_menu,webrtc_ns_high,56360.0,partial,вверх
1786194763609,command_menu,webrtc_ns_high,56400.0,partial,вверх
1786194763609,command_menu,webrtc_ns_high,56440.0,partial,вверх
1786194763609,command_menu,webrtc_ns_high,56480.0,partial,вверх
1786194763609,command_menu,webrtc_ns_high,56520.0,partial,вверх
1786194763609,command_menu,webrtc_ns_high,56560.0,partial,вверх
1786194763609,command_menu,webrtc_ns_high,56600.0,partial,вверх
1786194763609,command_menu,webrtc_ns_high,56640.0,partial,вверх
1786194763609,command_menu,webrtc_ns_high,56680.0,partial,вверх
1786194763609,command_menu,webrtc_ns_high,56720.0,partial,вверх
1786194763609,command_menu,webrtc_ns_high,56760.0,partial,вверх
1786194763609,command_menu,webrtc_ns_high,56800.0,partial,вверх
1786194763609,command_menu,webrtc_ns_high,56840.0,partial,вверх
1786194763609,command_menu,webrtc_ns_high,56880.0,partial,вверх
1786194763609,command_menu,webrtc_ns_high,56920.0,partial,вверх
1786194763609,command_menu,webrtc_ns_high,56960.0,partial,вверх
1786194763609,command_menu,webrtc_ns_high,57000.0,endpoint,вверх
1786194763609,command_menu,webrtc_ns_high,58200.0,partial,печать
1786194763609,command_menu,webrtc_ns_high,58240.0,partial,печать
1786194763609,command_menu,webrtc_ns_high,58280.0,partial,печать
1786194763609,command_menu,webrtc_ns_high,58320.0,partial,печать
1786194763609,command_menu,webrtc_ns_high,58360.0,partial,печать
1786194763609,command_menu,webrtc_ns_high,58400.0,partial,печать
1786194763609,command_menu,webrtc_ns_high,58440.0,partial,печать
1786194763609,command_menu,webrtc_ns_high,58480.0,partial,печать
1786194763609,command_menu,webrtc_ns_high,58520.0,partial,печать
1786194763609,command_menu,webrtc_ns_high,58560.0,partial,печать
1786194763609,command_menu,webrtc_ns_high,58600.0,partial,печать
1786194763609,command_menu,webrtc_ns_high,58640.0,partial,печать
1786194763609,command_menu,webrtc_ns_high,58680.0,partial,печать
1786194763609,command_menu,webrtc_ns_high,58720.0,partial,печать
1786194763609,command_menu,webrtc_ns_high,58760.0,partial,печать
1786194763609,command_menu,webrtc_ns_high,58800.0,partial,печать
1786194763609,command_menu,webrtc_ns_high,58840.0,partial,печать
1786194763609,command_menu,webrtc_ns_high,58880.0,partial,печать
1786194763609,command_menu,webrtc_ns_high,58920.0,partial,печать
1786194763609,command_menu,webrtc_ns_high,58960.0,partial,печать
1786194763609,command_menu,webrtc_ns_high,59000.0,partial,печать
1786194763609,command_menu,webrtc_ns_high,59040.0,partial,печать
1786194763609,command_menu,webrtc_ns_high,59080.0,partial,печать
1786194763609,command_menu,webrtc_ns_high,59120.0,partial,печать
1786194763609,command_menu,webrtc_ns_high,59160.0,endpoint,печать
1786194763609,command_menu,webrtc_ns_high,60600.0,partial,печать
1786194763609,command_menu,webrtc_ns_high,60640.0,partial,печать
1786194763609,command_menu,webrtc_ns_high,60680.0,partial,печать
1786194763609,command_menu,webrtc_ns_high,60720.0,partial,печать
1786194763609,command_menu,webrtc_ns_high,60760.0,partial,печать
1786194763609,command_menu,webrtc_ns_high,60800.0,partial,печать
1786194763609,command_menu,webrtc_ns_high,60840.0,partial,вверх
1786194763609,command_menu,webrtc_ns_high,60880.0,partial,вверх
1786194763609,command_menu,webrtc_ns_high,60920.0,partial,вверх
1786194763609,command_menu,webrtc_ns_high,60960.0,partial,вверх
1786194763609,command_menu,webrtc_ns_high,61000.0,partial,вверх
1786194763609,command_menu,webrtc_ns_high,61040.0,partial,вверх
1786194763609,command_menu,webrtc_ns_high,65640.0,partial,печать
1786194763609,command_menu,webrtc_ns_high,65680.0,partial,печать
1786194763609,command_menu,webrtc_ns_high,65720.0,partial,печать
1786194763609,command_menu,webrtc_ns_high,65760.0,partial,печать
1786194763609,command_menu,webrtc_ns_high,65800.0,partial,печать
1786194763609,command_menu,webrtc_ns_high,65840.0,partial,печать
1786194763609,command_menu,webrtc_ns_high,65880.0,partial,печать
1786194763609,command_menu,webrtc_ns_high,65920.0,partial,печать
1786194763609,command_menu,webrtc_ns_high,65960.0,partial,печать
1786194763609,command_menu,webrtc_ns_high,66000.0,partial,печать
1786194763609,command_menu,webrtc_ns_high,66040.0,partial,печать
1786194763609,command_menu,webrtc_ns_high,66080.0,partial,печать
1786194763609,command_menu,webrtc_ns_high,66120.0,partial,печать
1786194763609,command_menu,webrtc_ns_high,66160.0,partial,печать
1786194763609,command_menu,webrtc_ns_high,66200.0,partial,печать
1786194763609,command_menu,webrtc_ns_high,66240.0,partial,печать
1786194763609,command_menu,webrtc_ns_high,66280.0,partial,печать
1786194763609,command_menu,webrtc_ns_high,66320.0,partial,печать
1786194763609,command_menu,webrtc_ns_high,66360.0,partial,печать
1786194763609,command_menu,webrtc_ns_high,66400.0,partial,печать
1786194763609,command_menu,webrtc_ns_high,66440.0,partial,печать
1786194763609,command_menu,webrtc_ns_high,66480.0,partial,печать
1786194763609,command_menu,webrtc_ns_high,66520.0,partial,печать
1786194763609,command_menu,webrtc_ns_high,66560.0,partial,печать
1786194763609,command_menu,webrtc_ns_high,66600.0,partial,печать
1786194763609,command_menu,webrtc_ns_high,66640.0,partial,печать
1786194763609,command_menu,webrtc_ns_high,66680.0,partial,печать
1786194763609,command_menu,webrtc_ns_high,66720.0,partial,печать
1786194763609,command_menu,webrtc_ns_high,66760.0,partial,печать
1786194763609,command_menu,webrtc_ns_high,66800.0,partial,печать
1786194763609,command_menu,webrtc_ns_high,66840.0,endpoint,печать
1786194763609,command_menu,webrtc_ns_high,70440.0,partial,печать
1786194763609,command_menu,webrtc_ns_high,70480.0,partial,печать
1786194763609,command_menu,webrtc_ns_high,70520.0,partial,печать
1786194763609,command_menu,webrtc_ns_high,70560.0,partial,печать
1786194763609,command_menu,webrtc_ns_high,70600.0,partial,печать
1786194763609,command_menu,webrtc_ns_high,70640.0,partial,печать
1786194763609,command_menu,webrtc_ns_high,70680.0,partial,печать
1786194763609,command_menu,webrtc_ns_high,70720.0,partial,печать
1786194763609,command_menu,webrtc_ns_high,70760.0,partial,печать
1786194763609,command_menu,webrtc_ns_high,70800.0,partial,печать
1786194763609,command_menu,webrtc_ns_high,70840.0,partial,печать
1786194763609,command_menu,webrtc_ns_high,70880.0,partial,печать
1786194763609,command_menu,webrtc_ns_high,70920.0,partial,печать
1786194763609,command_menu,webrtc_ns_high,70960.0,partial,печать
1786194763609,command_menu,webrtc_ns_high,71000.0,partial,печать
1786194763609,command_menu,webrtc_ns_high,71040.0,partial,печать
1786194763609,command_menu,webrtc_ns_high,71080.0,partial,печать
1786194763609,command_menu,webrtc_ns_high,71120.0,partial,печать
1786194763609,command_menu,webrtc_ns_high,71160.0,partial,печать
1786194763609,command_menu,webrtc_ns_high,71200.0,partial,печать
1786194763609,command_menu,webrtc_ns_high,71240.0,partial,печать
1786194763609,command_menu,webrtc_ns_high,71280.0,partial,печать
1786194763609,command_menu,webrtc_ns_high,71320.0,partial,печать
1786194763609,command_menu,webrtc_ns_high,71360.0,partial,печать
1786194763609,command_menu,webrtc_ns_high,71400.0,endpoint,печать
1786194763609,command_menu,webrtc_ns_high,73080.0,partial,доступность
1786194763609,command_menu,webrtc_ns_high,73120.0,partial,доступность
1786194763609,command_menu,webrtc_ns_high,73160.0,partial,доступность
1786194763609,command_menu,webrtc_ns_high,73200.0,partial,доступность
1786194763609,command_menu,webrtc_ns_high,73240.0,partial,доступность
1786194763609,command_menu,webrtc_ns_high,73280.0,partial,доступность
1786194763609,command_menu,webrtc_ns_high,73320.0,partial,доступность
1786194763609,command_menu,webrtc_ns_high,73360.0,partial,доступность
1786194763609,command_menu,webrtc_ns_high,73400.0,partial,доступность
1786194763609,command_menu,webrtc_ns_high,73440.0,partial,доступность
1786194763609,command_menu,webrtc_ns_high,73480.0,partial,доступность
1786194763609,command_menu,webrtc_ns_high,73520.0,partial,доступность
1786194763609,command_menu,webrtc_ns_high,73560.0,partial,доступность
1786194763609,command_menu,webrtc_ns_high,73600.0,partial,доступность
1786194763609,command_menu,webrtc_ns_high,73640.0,partial,доступность
1786194763609,command_menu,webrtc_ns_high,73680.0,partial,доступность
1786194763609,command_menu,webrtc_ns_high,73720.0,partial,доступность
1786194763609,command_menu,webrtc_ns_high,73760.0,partial,доступность
1786194763609,command_menu,webrtc_ns_high,73800.0,partial,доступность
1786194763609,command_menu,webrtc_ns_high,73840.0,partial,доступность
1786194763609,command_menu,webrtc_ns_high,73880.0,partial,доступность
1786194763609,command_menu,webrtc_ns_high,73920.0,partial,доступность
1786194763609,command_menu,webrtc_ns_high,73960.0,partial,доступность
1786194763609,command_menu,webrtc_ns_high,74000.0,partial,доступность
1786194763609,command_menu,webrtc_ns_high,74040.0,endpoint,доступность
1786194763609,command_menu,webrtc_ns_high,81720.0,partial,доступность
1786194763609,command_menu,webrtc_ns_high,81760.0,partial,доступность
1786194763609,command_menu,webrtc_ns_high,81800.0,partial,доступность
1786194763609,command_menu,webrtc_ns_high,81840.0,partial,доступность
1786194763609,command_menu,webrtc_ns_high,81880.0,partial,доступность
1786194763609,command_menu,webrtc_ns_high,81920.0,partial,доступность
1786194763609,command_menu,webrtc_ns_high,81960.0,partial,доступность
1786194763609,command_menu,webrtc_ns_high,82000.0,partial,доступность
1786194763609,command_menu,webrtc_ns_high,82040.0,partial,доступность
1786194763609,command_menu,webrtc_ns_high,82080.0,partial,доступность
1786194763609,command_menu,webrtc_ns_high,82120.0,partial,доступность
1786194763609,command_menu,webrtc_ns_high,82160.0,partial,доступность
1786194763609,command_menu,webrtc_ns_high,82200.0,partial,доступность
1786194763609,command_menu,webrtc_ns_high,82240.0,partial,доступность
1786194763609,command_menu,webrtc_ns_high,82280.0,partial,доступность
1786194763609,command_menu,webrtc_ns_high,82320.0,partial,доступность
1786194763609,command_menu,webrtc_ns_high,82360.0,partial,доступность
1786194763609,command_menu,webrtc_ns_high,82400.0,partial,доступность
1786194763609,command_menu,webrtc_ns_high,82440.0,partial,доступность
1786194763609,command_menu,webrtc_ns_high,82480.0,partial,доступность
1786194763609,command_menu,webrtc_ns_high,82520.0,partial,доступность
1786194763609,command_menu,webrtc_ns_high,82560.0,partial,доступность
1786194763609,command_menu,webrtc_ns_high,82600.0,partial,доступность
1786194763609,command_menu,webrtc_ns_high,82640.0,partial,доступность
1786194763609,command_menu,webrtc_ns_high,82680.0,endpoint,доступность
1786194763609,command_menu,webrtc_ns_high,89160.0,partial,доступность
1786194763609,command_menu,webrtc_ns_high,89200.0,partial,доступность
1786194763609,command_menu,webrtc_ns_high,89240.0,partial,доступность
1786194763609,command_menu,webrtc_ns_high,89280.0,partial,доступность
1786194763609,command_menu,webrtc_ns_high,89320.0,partial,доступность
1786194763609,command_menu,webrtc_ns_high,89360.0,partial,доступность
1786194763609,command_menu,webrtc_ns_high,89400.0,partial,доступность
1786194763609,command_menu,webrtc_ns_high,89440.0,partial,доступность
1786194763609,command_menu,webrtc_ns_high,89480.0,partial,доступность
1786194763609,command_menu,webrtc_ns_high,89520.0,partial,доступность
1786194763609,command_menu,webrtc_ns_high,89560.0,partial,доступность
1786194763609,command_menu,webrtc_ns_high,89600.0,partial,доступность
1786194763609,command_menu,webrtc_ns_high,89640.0,partial,вниз
1786194763609,command_menu,webrtc_ns_high,89680.0,partial,вниз
1786194763609,command_menu,webrtc_ns_high,89720.0,partial,вниз
1786194763609,command_menu,webrtc_ns_high,89760.0,partial,вниз
1786194763609,command_menu,webrtc_ns_high,89800.0,partial,вниз
1786194763609,command_menu,webrtc_ns_high,89840.0,partial,вниз
1786194763609,command_menu,webrtc_ns_high,89880.0,endpoint,вниз
1786194763609,command_menu,webrtc_ns_high,94680.0,partial,печать
1786194763609,command_menu,webrtc_ns_high,94720.0,partial,печать
1786194763609,command_menu,webrtc_ns_high,94760.0,partial,печать
1786194763609,command_menu,webrtc_ns_high,94800.0,partial,печать
1786194763609,command_menu,webrtc_ns_high,94840.0,partial,печать
1786194763609,command_menu,webrtc_ns_high,94880.0,partial,печать
1786194763609,command_menu,webrtc_ns_high,94920.0,partial,печать
1786194763609,command_menu,webrtc_ns_high,94960.0,partial,печать
1786194763609,command_menu,webrtc_ns_high,95000.0,partial,печать
1786194763609,command_menu,webrtc_ns_high,95040.0,partial,печать
1786194763609,command_menu,webrtc_ns_high,95080.0,partial,печать
1786194763609,command_menu,webrtc_ns_high,95120.0,partial,печать
1786194763609,command_menu,webrtc_ns_high,110520.0,partial,доступность
1786194763609,command_menu,webrtc_ns_high,110560.0,partial,доступность
1786194763609,command_menu,webrtc_ns_high,110600.0,partial,доступность
1786194763609,command_menu,webrtc_ns_high,110640.0,partial,доступность
1786194763609,command_menu,webrtc_ns_high,110680.0,partial,доступность
1786194763609,command_menu,webrtc_ns_high,110720.0,partial,доступность
1786194763609,command_menu,webrtc_ns_high,110760.0,partial,доступность
1786194763609,command_menu,webrtc_ns_high,110800.0,partial,доступность
1786194763609,command_menu,webrtc_ns_high,110840.0,partial,доступность
1786194763609,command_menu,webrtc_ns_high,110880.0,partial,доступность
1786194763609,command_menu,webrtc_ns_high,110920.0,partial,доступность
1786194763609,command_menu,webrtc_ns_high,110960.0,partial,доступность
1786194763609,command_menu,webrtc_ns_high,111000.0,partial,доступность
1786194763609,command_menu,webrtc_ns_high,111040.0,partial,доступность
1786194763609,command_menu,webrtc_ns_high,111080.0,partial,доступность
1786194763609,command_menu,webrtc_ns_high,111120.0,partial,доступность
1786194763609,command_menu,webrtc_ns_high,111160.0,partial,доступность
1786194763609,command_menu,webrtc_ns_high,111200.0,partial,доступность
1786194763609,command_menu,webrtc_ns_high,111240.0,partial,доступность
1786194763609,command_menu,webrtc_ns_high,111280.0,partial,доступность
1786194763609,command_menu,webrtc_ns_high,111320.0,partial,доступность
1786194763609,command_menu,webrtc_ns_high,111360.0,partial,доступность
1786194763609,command_menu,webrtc_ns_high,111400.0,partial,доступность
1786194763609,command_menu,webrtc_ns_high,111440.0,partial,доступность
1786194763609,command_menu,webrtc_ns_high,111480.0,endpoint,доступность
1786194763609,command_menu,webrtc_ns_high,155640.0,partial,печать
1786194763609,command_menu,webrtc_ns_high,155680.0,partial,печать
1786194763609,command_menu,webrtc_ns_high,155720.0,partial,печать
1786194763609,command_menu,webrtc_ns_high,155760.0,partial,печать
1786194763609,command_menu,webrtc_ns_high,155800.0,partial,печать
1786194763609,command_menu,webrtc_ns_high,155840.0,partial,печать
1786194763609,free_text,webrtc_ns_high,10440.0,partial,вниз
1786194763609,free_text,webrtc_ns_high,10480.0,partial,вниз
1786194763609,free_text,webrtc_ns_high,10520.0,partial,вниз
1786194763609,free_text,webrtc_ns_high,10560.0,partial,вниз
1786194763609,free_text,webrtc_ns_high,10600.0,partial,вниз
1786194763609,free_text,webrtc_ns_high,10640.0,partial,вниз
1786194763609,free_text,webrtc_ns_high,10680.0,partial,вниз
1786194763609,free_text,webrtc_ns_high,10720.0,partial,вниз
1786194763609,free_text,webrtc_ns_high,10760.0,partial,вниз
1786194763609,free_text,webrtc_ns_high,10800.0,partial,вниз
1786194763609,free_text,webrtc_ns_high,10840.0,partial,вниз
1786194763609,free_text,webrtc_ns_high,10880.0,partial,вниз
1786194763609,free_text,webrtc_ns_high,10920.0,partial,вниз
1786194763609,free_text,webrtc_ns_high,10960.0,partial,вниз
1786194763609,free_text,webrtc_ns_high,11000.0,partial,вниз
1786194763609,free_text,webrtc_ns_high,11040.0,partial,вниз
1786194763609,free_text,webrtc_ns_high,11080.0,partial,вниз
1786194763609,free_text,webrtc_ns_high,11120.0,partial,вниз
1786194763609,free_text,webrtc_ns_high,11160.0,endpoint,вниз
1786194763609,free_text,webrtc_ns_high,16200.0,partial,вверх
1786194763609,free_text,webrtc_ns_high,16240.0,partial,вверх
1786194763609,free_text,webrtc_ns_high,16280.0,partial,вверх
1786194763609,free_text,webrtc_ns_high,16320.0,partial,вверх
1786194763609,free_text,webrtc_ns_high,16360.0,partial,вверх
1786194763609,free_text,webrtc_ns_high,16400.0,partial,вверх
1786194763609,free_text,webrtc_ns_high,16440.0,partial,вверх
1786194763609,free_text,webrtc_ns_high,16480.0,partial,вверх
1786194763609,free_text,webrtc_ns_high,16520.0,partial,вверх
1786194763609,free_text,webrtc_ns_high,16560.0,partial,вверх
1786194763609,free_text,webrtc_ns_high,16600.0,partial,вверх
1786194763609,free_text,webrtc_ns_high,16640.0,partial,вверх
1786194763609,free_text,webrtc_ns_high,16680.0,endpoint,вверх
1786194763609,free_text,webrtc_ns_high,18360.0,partial,вверх
1786194763609,free_text,webrtc_ns_high,18400.0,partial,вверх
1786194763609,free_text,webrtc_ns_high,18440.0,partial,вверх
1786194763609,free_text,webrtc_ns_high,18480.0,partial,вверх
1786194763609,free_text,webrtc_ns_high,18520.0,partial,вверх
1786194763609,free_text,webrtc_ns_high,18560.0,partial,вверх
1786194763609,free_text,webrtc_ns_high,18600.0,partial,вверх
1786194763609,free_text,webrtc_ns_high,18640.0,partial,вверх
1786194763609,free_text,webrtc_ns_high,18680.0,partial,вверх
1786194763609,free_text,webrtc_ns_high,18720.0,partial,вверх
1786194763609,free_text,webrtc_ns_high,18760.0,partial,вверх
1786194763609,free_text,webrtc_ns_high,18800.0,partial,вверх
1786194763609,free_text,webrtc_ns_high,18840.0,partial,вверх
1786194763609,free_text,webrtc_ns_high,18880.0,partial,вверх
1786194763609,free_text,webrtc_ns_high,18920.0,partial,вверх
1786194763609,free_text,webrtc_ns_high,18960.0,partial,вверх
1786194763609,free_text,webrtc_ns_high,19000.0,partial,вверх
1786194763609,free_text,webrtc_ns_high,19040.0,partial,вверх
1786194763609,free_text,webrtc_ns_high,19080.0,endpoint,вверх
1786194763609,free_text,webrtc_ns_high,25320.0,partial,вниз
1786194763609,free_text,webrtc_ns_high,25360.0,partial,вниз
1786194763609,free_text,webrtc_ns_high,25400.0,partial,вниз
1786194763609,free_text,webrtc_ns_high,25440.0,partial,вниз
1786194763609,free_text,webrtc_ns_high,25480.0,partial,вниз
1786194763609,free_text,webrtc_ns_high,25520.0,partial,вниз
1786194763609,free_text,webrtc_ns_high,25560.0,partial,вниз
1786194763609,free_text,webrtc_ns_high,25600.0,partial,вниз
1786194763609,free_text,webrtc_ns_high,25640.0,partial,вниз
1786194763609,free_text,webrtc_ns_high,25680.0,partial,вниз
1786194763609,free_text,webrtc_ns_high,25720.0,partial,вниз
1786194763609,free_text,webrtc_ns_high,25760.0,partial,вниз
1786194763609,free_text,webrtc_ns_high,25800.0,partial,вниз
1786194763609,free_text,webrtc_ns_high,25840.0,partial,вниз
1786194763609,free_text,webrtc_ns_high,25880.0,partial,вниз
1786194763609,free_text,webrtc_ns_high,25920.0,partial,вниз
1786194763609,free_text,webrtc_ns_high,25960.0,partial,вниз
1786194763609,free_text,webrtc_ns_high,26000.0,partial,вниз
1786194763609,free_text,webrtc_ns_high,26040.0,endpoint,вниз
1786194763609,free_text,webrtc_ns_high,26520.0,partial,вниз
1786194763609,free_text,webrtc_ns_high,26560.0,partial,вниз
1786194763609,free_text,webrtc_ns_high,26600.0,partial,вниз
1786194763609,free_text,webrtc_ns_high,26640.0,partial,вниз
1786194763609,free_text,webrtc_ns_high,26680.0,partial,вниз
1786194763609,free_text,webrtc_ns_high,26720.0,partial,вниз
1786194763609,free_text,webrtc_ns_high,26760.0,partial,вниз
1786194763609,free_text,webrtc_ns_high,26800.0,partial,вниз
1786194763609,free_text,webrtc_ns_high,26840.0,partial,вниз
1786194763609,free_text,webrtc_ns_high,26880.0,partial,вниз
1786194763609,free_text,webrtc_ns_high,26920.0,partial,вниз
1786194763609,free_text,webrtc_ns_high,26960.0,partial,вниз
1786194763609,free_text,webrtc_ns_high,27000.0,partial,вниз
1786194763609,free_text,webrtc_ns_high,27040.0,partial,вниз
1786194763609,free_text,webrtc_ns_high,27080.0,partial,вниз
1786194763609,free_text,webrtc_ns_high,27120.0,partial,вниз
1786194763609,free_text,webrtc_ns_high,27160.0,partial,вниз
1786194763609,free_text,webrtc_ns_high,27200.0,partial,вниз
1786194763609,free_text,webrtc_ns_high,27240.0,endpoint,вниз
1786194763609,free_text,webrtc_ns_high,27720.0,partial,вниз
1786194763609,free_text,webrtc_ns_high,27760.0,partial,вниз
1786194763609,free_text,webrtc_ns_high,27800.0,partial,вниз
1786194763609,free_text,webrtc_ns_high,27840.0,partial,вниз
1786194763609,free_text,webrtc_ns_high,27880.0,partial,вниз
1786194763609,free_text,webrtc_ns_high,27920.0,partial,вниз
1786194763609,free_text,webrtc_ns_high,27960.0,partial,вниз
1786194763609,free_text,webrtc_ns_high,28000.0,partial,вниз
1786194763609,free_text,webrtc_ns_high,28040.0,partial,вниз
1786194763609,free_text,webrtc_ns_high,28080.0,partial,вниз
1786194763609,free_text,webrtc_ns_high,28120.0,partial,вниз
1786194763609,free_text,webrtc_ns_high,28160.0,partial,вниз
1786194763609,free_text,webrtc_ns_high,28200.0,partial,вниз
1786194763609,free_text,webrtc_ns_high,28240.0,partial,вниз
1786194763609,free_text,webrtc_ns_high,28280.0,partial,вниз
1786194763609,free_text,webrtc_ns_high,28320.0,partial,вниз
1786194763609,free_text,webrtc_ns_high,28360.0,partial,вниз
1786194763609,free_text,webrtc_ns_high,28400.0,partial,вниз
1786194763609,free_text,webrtc_ns_high,28440.0,endpoint,вниз
1786194763609,free_text,webrtc_ns_high,47880.0,partial,вверх
1786194763609,free_text,webrtc_ns_high,47920.0,partial,вверх
1786194763609,free_text,webrtc_ns_high,47960.0,partial,вверх
1786194763609,free_text,webrtc_ns_high,48000.0,partial,вверх
1786194763609,free_text,webrtc_ns_high,48040.0,partial,вверх
1786194763609,free_text,webrtc_ns_high,48080.0,partial,вверх
1786194763609,free_text,webrtc_ns_high,48120.0,partial,вверх
1786194763609,free_text,webrtc_ns_high,48160.0,partial,вверх
1786194763609,free_text,webrtc_ns_high,48200.0,partial,вверх
1786194763609,free_text,webrtc_ns_high,48240.0,partial,вверх
1786194763609,free_text,webrtc_ns_high,48280.0,partial,вверх
1786194763609,free_text,webrtc_ns_high,48320.0,partial,вверх
1786194763609,free_text,webrtc_ns_high,48360.0,partial,вверх
1786194763609,free_text,webrtc_ns_high,48400.0,partial,вверх
1786194763609,free_text,webrtc_ns_high,48440.0,partial,вверх
1786194763609,free_text,webrtc_ns_high,48480.0,partial,вверх
1786194763609,free_text,webrtc_ns_high,48520.0,partial,вверх
1786194763609,free_text,webrtc_ns_high,48560.0,partial,вверх
1786194763609,free_text,webrtc_ns_high,48600.0,partial,вверх
1786194763609,free_text,webrtc_ns_high,48640.0,partial,вверх
1786194763609,free_text,webrtc_ns_high,48680.0,partial,вверх
1786194763609,free_text,webrtc_ns_high,48720.0,partial,вверх
1786194763609,free_text,webrtc_ns_high,48760.0,partial,вверх
1786194763609,free_text,webrtc_ns_high,48800.0,partial,вверх
1786194763609,free_text,webrtc_ns_high,48840.0,partial,вверх
1786194763609,free_text,webrtc_ns_high,48880.0,partial,вверх
1786194763609,free_text,webrtc_ns_high,48920.0,partial,вверх
1786194763609,free_text,webrtc_ns_high,48960.0,partial,вверх
1786194763609,free_text,webrtc_ns_high,49000.0,partial,вверх
1786194763609,free_text,webrtc_ns_high,49040.0,partial,вверх
1786194763609,free_text,webrtc_ns_high,49080.0,partial,вверх вверх
1786194763609,free_text,webrtc_ns_high,49120.0,partial,вверх вверх
1786194763609,free_text,webrtc_ns_high,49160.0,partial,вверх вверх
1786194763609,free_text,webrtc_ns_high,49200.0,partial,вверх вверх
1786194763609,free_text,webrtc_ns_high,49240.0,partial,вверх вверх
1786194763609,free_text,webrtc_ns_high,49280.0,partial,вверх вверх
1786194763609,free_text,webrtc_ns_high,49320.0,partial,вверх вверх
1786194763609,free_text,webrtc_ns_high,49360.0,partial,вверх вверх
1786194763609,free_text,webrtc_ns_high,49400.0,partial,вверх вверх
1786194763609,free_text,webrtc_ns_high,49440.0,partial,вверх вверх
1786194763609,free_text,webrtc_ns_high,49480.0,partial,вверх вверх
1786194763609,free_text,webrtc_ns_high,49520.0,partial,вверх вверх
1786194763609,free_text,webrtc_ns_high,49560.0,endpoint,вверх вверх
1786194763609,free_text,webrtc_ns_high,50520.0,partial,вниз
1786194763609,free_text,webrtc_ns_high,50560.0,partial,вниз
1786194763609,free_text,webrtc_ns_high,50600.0,partial,вниз
1786194763609,free_text,webrtc_ns_high,50640.0,partial,вниз
1786194763609,free_text,webrtc_ns_high,50680.0,partial,вниз
1786194763609,free_text,webrtc_ns_high,50720.0,partial,вниз
1786194763609,free_text,webrtc_ns_high,50760.0,partial,вниз
1786194763609,free_text,webrtc_ns_high,50800.0,partial,вниз
1786194763609,free_text,webrtc_ns_high,50840.0,partial,вниз
1786194763609,free_text,webrtc_ns_high,50880.0,partial,вниз
1786194763609,free_text,webrtc_ns_high,50920.0,partial,вниз
1786194763609,free_text,webrtc_ns_high,50960.0,partial,вниз
1786194763609,free_text,webrtc_ns_high,51000.0,partial,вниз
1786194763609,free_text,webrtc_ns_high,51040.0,partial,вниз
1786194763609,free_text,webrtc_ns_high,51080.0,partial,вниз
1786194763609,free_text,webrtc_ns_high,51120.0,partial,вниз
1786194763609,free_text,webrtc_ns_high,51160.0,partial,вниз
1786194763609,free_text,webrtc_ns_high,51200.0,partial,вниз
1786194763609,free_text,webrtc_ns_high,51240.0,partial,вниз в
1786194763609,free_text,webrtc_ns_high,51280.0,partial,вниз в
1786194763609,free_text,webrtc_ns_high,51320.0,partial,вниз в
1786194763609,free_text,webrtc_ns_high,51360.0,partial,вниз в
1786194763609,free_text,webrtc_ns_high,51400.0,partial,вниз в
1786194763609,free_text,webrtc_ns_high,51440.0,partial,вниз в
1786194763609,free_text,webrtc_ns_high,51480.0,partial,вниз вниз
1786194763609,free_text,webrtc_ns_high,51520.0,partial,вниз вниз
1786194763609,free_text,webrtc_ns_high,51560.0,partial,вниз вниз
1786194763609,free_text,webrtc_ns_high,51600.0,partial,вниз вниз
1786194763609,free_text,webrtc_ns_high,51640.0,partial,вниз вниз
1786194763609,free_text,webrtc_ns_high,51680.0,partial,вниз вниз
1786194763609,free_text,webrtc_ns_high,51720.0,partial,вниз вниз
1786194763609,free_text,webrtc_ns_high,51760.0,partial,вниз вниз
1786194763609,free_text,webrtc_ns_high,51800.0,partial,вниз вниз
1786194763609,free_text,webrtc_ns_high,51840.0,partial,вниз вниз
1786194763609,free_text,webrtc_ns_high,51880.0,partial,вниз вниз
1786194763609,free_text,webrtc_ns_high,51920.0,partial,вниз вниз
1786194763609,free_text,webrtc_ns_high,51960.0,partial,вниз вниз
1786194763609,free_text,webrtc_ns_high,52000.0,partial,вниз вниз
1786194763609,free_text,webrtc_ns_high,52040.0,partial,вниз вниз
1786194763609,free_text,webrtc_ns_high,52080.0,partial,вниз вниз
1786194763609,free_text,webrtc_ns_high,52120.0,partial,вниз вниз
1786194763609,free_text,webrtc_ns_high,52160.0,partial,вниз вниз
1786194763609,free_text,webrtc_ns_high,52200.0,endpoint,вниз вниз
1786194763609,free_text,webrtc_ns_high,52680.0,partial,вниз
1786194763609,free_text,webrtc_ns_high,52720.0,partial,вниз
1786194763609,free_text,webrtc_ns_high,52760.0,partial,вниз
1786194763609,free_text,webrtc_ns_high,52800.0,partial,вниз
1786194763609,free_text,webrtc_ns_high,52840.0,partial,вниз
1786194763609,free_text,webrtc_ns_high,52880.0,partial,вниз
1786194763609,free_text,webrtc_ns_high,52920.0,partial,вниз
1786194763609,free_text,webrtc_ns_high,52960.0,partial,вниз
1786194763609,free_text,webrtc_ns_high,53000.0,partial,вниз
1786194763609,free_text,webrtc_ns_high,53040.0,partial,вниз
1786194763609,free_text,webrtc_ns_high,53080.0,partial,вниз
1786194763609,free_text,webrtc_ns_high,53120.0,partial,вниз
1786194763609,free_text,webrtc_ns_high,53160.0,partial,вниз
1786194763609,free_text,webrtc_ns_high,53200.0,partial,вниз
1786194763609,free_text,webrtc_ns_high,53240.0,partial,вниз
1786194763609,free_text,webrtc_ns_high,53280.0,partial,вниз
1786194763609,free_text,webrtc_ns_high,53320.0,partial,вниз
1786194763609,free_text,webrtc_ns_high,53360.0,partial,вниз
1786194763609,free_text,webrtc_ns_high,53400.0,endpoint,вниз
1786194763609,free_text,webrtc_ns_high,56520.0,partial,вверх
1786194763609,free_text,webrtc_ns_high,56560.0,partial,вверх
1786194763609,free_text,webrtc_ns_high,56600.0,partial,вверх
1786194763609,free_text,webrtc_ns_high,56640.0,partial,вверх
1786194763609,free_text,webrtc_ns_high,56680.0,partial,вверх
1786194763609,free_text,webrtc_ns_high,56720.0,partial,вверх
1786194763609,free_text,webrtc_ns_high,56760.0,partial,вверх
1786194763609,free_text,webrtc_ns_high,56800.0,partial,вверх
1786194763609,free_text,webrtc_ns_high,56840.0,partial,вверх
1786194763609,free_text,webrtc_ns_high,56880.0,partial,вверх
1786194763609,free_text,webrtc_ns_high,56920.0,partial,вверх
1786194763609,free_text,webrtc_ns_high,56960.0,partial,вверх
1786194763609,free_text,webrtc_ns_high,57000.0,endpoint,вверх
1786194763609,free_text,webrtc_ns_high,58680.0,partial,печать
1786194763609,free_text,webrtc_ns_high,58720.0,partial,печать
1786194763609,free_text,webrtc_ns_high,58760.0,partial,печать
1786194763609,free_text,webrtc_ns_high,58800.0,partial,печать
1786194763609,free_text,webrtc_ns_high,58840.0,partial,печать
1786194763609,free_text,webrtc_ns_high,58880.0,partial,печать
1786194763609,free_text,webrtc_ns_high,58920.0,partial,печать
1786194763609,free_text,webrtc_ns_high,58960.0,partial,печать
1786194763609,free_text,webrtc_ns_high,59000.0,partial,печать
1786194763609,free_text,webrtc_ns_high,59040.0,partial,печать
1786194763609,free_text,webrtc_ns_high,59080.0,partial,печать
1786194763609,free_text,webrtc_ns_high,59120.0,partial,печать
1786194763609,free_text,webrtc_ns_high,59160.0,partial,печать
1786194763609,free_text,webrtc_ns_high,59200.0,partial,печать
1786194763609,free_text,webrtc_ns_high,59240.0,partial,печать
1786194763609,free_text,webrtc_ns_high,59280.0,partial,печать
1786194763609,free_text,webrtc_ns_high,59320.0,partial,печать
1786194763609,free_text,webrtc_ns_high,59360.0,partial,печать
1786194763609,free_text,webrtc_ns_high,59400.0,partial,печать
1786194763609,free_text,webrtc_ns_high,59440.0,partial,печать
1786194763609,free_text,webrtc_ns_high,59480.0,partial,печать
1786194763609,free_text,webrtc_ns_high,59520.0,partial,печать
1786194763609,free_text,webrtc_ns_high,59560.0,partial,печать
1786194763609,free_text,webrtc_ns_high,59600.0,partial,печать
1786194763609,free_text,webrtc_ns_high,59640.0,endpoint,печать
1786194763609,free_text,webrtc_ns_high,61080.0,partial,белый
1786194763609,free_text,webrtc_ns_high,61120.0,partial,белый
1786194763609,free_text,webrtc_ns_high,61160.0,partial,белый
1786194763609,free_text,webrtc_ns_high,61200.0,partial,белый
1786194763609,free_text,webrtc_ns_high,61240.0,partial,белый
1786194763609,free_text,webrtc_ns_high,61280.0,partial,белый
1786194763609,free_text,webrtc_ns_high,61320.0,partial,белый
1786194763609,free_text,webrtc_ns_high,61360.0,partial,белый
1786194763609,free_text,webrtc_ns_high,61400.0,partial,белый
1786194763609,free_text,webrtc_ns_high,61440.0,partial,белый
1786194763609,free_text,webrtc_ns_high,61480.0,partial,белый
1786194763609,free_text,webrtc_ns_high,61520.0,partial,белый
1786194763609,free_text,webrtc_ns_high,61560.0,partial,белый
1786194763609,free_text,webrtc_ns_high,61600.0,partial,белый
1786194763609,free_text,webrtc_ns_high,61640.0,partial,белый
1786194763609,free_text,webrtc_ns_high,61680.0,partial,белый
1786194763609,free_text,webrtc_ns_high,61720.0,partial,белый
1786194763609,free_text,webrtc_ns_high,61760.0,partial,белый
1786194763609,free_text,webrtc_ns_high,61800.0,partial,белый
1786194763609,free_text,webrtc_ns_high,61840.0,partial,белый
1786194763609,free_text,webrtc_ns_high,61880.0,partial,белый
1786194763609,free_text,webrtc_ns_high,61920.0,partial,белый
1786194763609,free_text,webrtc_ns_high,61960.0,partial,белый
1786194763609,free_text,webrtc_ns_high,62000.0,partial,белый
1786194763609,free_text,webrtc_ns_high,62040.0,partial,белый
1786194763609,free_text,webrtc_ns_high,62080.0,partial,белый
1786194763609,free_text,webrtc_ns_high,62120.0,partial,белый
1786194763609,free_text,webrtc_ns_high,62160.0,partial,белый
1786194763609,free_text,webrtc_ns_high,62200.0,partial,белый
1786194763609,free_text,webrtc_ns_high,62240.0,partial,белый
1786194763609,free_text,webrtc_ns_high,62280.0,endpoint,белый
1786194763609,free_text,webrtc_ns_high,63480.0,partial,назад
1786194763609,free_text,webrtc_ns_high,63520.0,partial,назад
1786194763609,free_text,webrtc_ns_high,63560.0,partial,назад
1786194763609,free_text,webrtc_ns_high,63600.0,partial,назад
1786194763609,free_text,webrtc_ns_high,63640.0,partial,назад
1786194763609,free_text,webrtc_ns_high,63680.0,partial,назад
1786194763609,free_text,webrtc_ns_high,63720.0,partial,назад
1786194763609,free_text,webrtc_ns_high,63760.0,partial,назад
1786194763609,free_text,webrtc_ns_high,63800.0,partial,назад
1786194763609,free_text,webrtc_ns_high,63840.0,partial,назад
1786194763609,free_text,webrtc_ns_high,63880.0,partial,назад
1786194763609,free_text,webrtc_ns_high,63920.0,partial,назад
1786194763609,free_text,webrtc_ns_high,63960.0,endpoint,назад
1786194763609,free_text,webrtc_ns_high,66120.0,partial,же печать
1786194763609,free_text,webrtc_ns_high,66160.0,partial,же печать
1786194763609,free_text,webrtc_ns_high,66200.0,partial,же печать
1786194763609,free_text,webrtc_ns_high,66240.0,partial,же печать
1786194763609,free_text,webrtc_ns_high,66280.0,partial,же печать
1786194763609,free_text,webrtc_ns_high,66320.0,partial,же печать
1786194763609,free_text,webrtc_ns_high,66360.0,partial,же печать
1786194763609,free_text,webrtc_ns_high,66400.0,partial,же печать
1786194763609,free_text,webrtc_ns_high,66440.0,partial,же печать
1786194763609,free_text,webrtc_ns_high,66480.0,partial,же печать
1786194763609,free_text,webrtc_ns_high,66520.0,partial,же печать
1786194763609,free_text,webrtc_ns_high,66560.0,partial,же печать
1786194763609,free_text,webrtc_ns_high,66600.0,partial,же печать
1786194763609,free_text,webrtc_ns_high,66640.0,partial,же печать
1786194763609,free_text,webrtc_ns_high,66680.0,partial,же печать
1786194763609,free_text,webrtc_ns_high,66720.0,partial,же печать
1786194763609,free_text,webrtc_ns_high,66760.0,partial,же печать
1786194763609,free_text,webrtc_ns_high,66800.0,partial,же печать
1786194763609,free_text,webrtc_ns_high,66840.0,partial,же печать
1786194763609,free_text,webrtc_ns_high,66880.0,partial,же печать
1786194763609,free_text,webrtc_ns_high,66920.0,partial,же печать
1786194763609,free_text,webrtc_ns_high,66960.0,partial,же печать
1786194763609,free_text,webrtc_ns_high,67000.0,partial,же печать
1786194763609,free_text,webrtc_ns_high,67040.0,partial,же печать
1786194763609,free_text,webrtc_ns_high,67080.0,partial,же печать
1786194763609,free_text,webrtc_ns_high,67120.0,partial,же печать
1786194763609,free_text,webrtc_ns_high,67160.0,partial,же печать
1786194763609,free_text,webrtc_ns_high,67200.0,partial,же печать
1786194763609,free_text,webrtc_ns_high,67240.0,partial,же печать
1786194763609,free_text,webrtc_ns_high,67280.0,partial,же печать
1786194763609,free_text,webrtc_ns_high,67320.0,endpoint,же печать
1786194763609,free_text,webrtc_ns_high,70920.0,partial,печать
1786194763609,free_text,webrtc_ns_high,70960.0,partial,печать
1786194763609,free_text,webrtc_ns_high,71000.0,partial,печать
1786194763609,free_text,webrtc_ns_high,71040.0,partial,печать
1786194763609,free_text,webrtc_ns_high,71080.0,partial,печать
1786194763609,free_text,webrtc_ns_high,71120.0,partial,печать
1786194763609,free_text,webrtc_ns_high,71160.0,partial,печать
1786194763609,free_text,webrtc_ns_high,71200.0,partial,печать
1786194763609,free_text,webrtc_ns_high,71240.0,partial,печать
1786194763609,free_text,webrtc_ns_high,71280.0,partial,печать
1786194763609,free_text,webrtc_ns_high,71320.0,partial,печать
1786194763609,free_text,webrtc_ns_high,71360.0,partial,печать
1786194763609,free_text,webrtc_ns_high,71400.0,partial,печать
1786194763609,free_text,webrtc_ns_high,71440.0,partial,печать
1786194763609,free_text,webrtc_ns_high,71480.0,partial,печать
1786194763609,free_text,webrtc_ns_high,71520.0,partial,печать
1786194763609,free_text,webrtc_ns_high,71560.0,partial,печать
1786194763609,free_text,webrtc_ns_high,71600.0,partial,печать
1786194763609,free_text,webrtc_ns_high,71640.0,partial,печать
1786194763609,free_text,webrtc_ns_high,71680.0,partial,печать
1786194763609,free_text,webrtc_ns_high,71720.0,partial,печать
1786194763609,free_text,webrtc_ns_high,71760.0,partial,печать
1786194763609,free_text,webrtc_ns_high,71800.0,partial,печать
1786194763609,free_text,webrtc_ns_high,71840.0,partial,печать
1786194763609,free_text,webrtc_ns_high,71880.0,endpoint,печать
1786194763609,free_text,webrtc_ns_high,73320.0,partial,жёлтые
1786194763609,free_text,webrtc_ns_high,73360.0,partial,жёлтые
1786194763609,free_text,webrtc_ns_high,73400.0,partial,жёлтые
1786194763609,free_text,webrtc_ns_high,73440.0,partial,жёлтые
1786194763609,free_text,webrtc_ns_high,73480.0,partial,жёлтые
1786194763609,free_text,webrtc_ns_high,73520.0,partial,жёлтые
1786194763609,free_text,webrtc_ns_high,73560.0,partial,жёлтой
1786194763609,free_text,webrtc_ns_high,73600.0,partial,жёлтой
1786194763609,free_text,webrtc_ns_high,73640.0,partial,жёлтой
1786194763609,free_text,webrtc_ns_high,73680.0,partial,жёлтой
1786194763609,free_text,webrtc_ns_high,73720.0,partial,жёлтой
1786194763609,free_text,webrtc_ns_high,73760.0,partial,жёлтой
1786194763609,free_text,webrtc_ns_high,73800.0,partial,жёлтой
1786194763609,free_text,webrtc_ns_high,73840.0,partial,жёлтой
1786194763609,free_text,webrtc_ns_high,73880.0,partial,жёлтой
1786194763609,free_text,webrtc_ns_high,73920.0,partial,жёлтой
1786194763609,free_text,webrtc_ns_high,73960.0,partial,жёлтой
1786194763609,free_text,webrtc_ns_high,74000.0,partial,жёлтой
1786194763609,free_text,webrtc_ns_high,74040.0,partial,жёлтой
1786194763609,free_text,webrtc_ns_high,74080.0,partial,жёлтой
1786194763609,free_text,webrtc_ns_high,74120.0,partial,жёлтой
1786194763609,free_text,webrtc_ns_high,74160.0,partial,жёлтой
1786194763609,free_text,webrtc_ns_high,74200.0,partial,жёлтой
1786194763609,free_text,webrtc_ns_high,74240.0,partial,жёлтой
1786194763609,free_text,webrtc_ns_high,74280.0,partial,жёлтой
1786194763609,free_text,webrtc_ns_high,74320.0,partial,жёлтой
1786194763609,free_text,webrtc_ns_high,74360.0,partial,жёлтой
1786194763609,free_text,webrtc_ns_high,74400.0,partial,жёлтой
1786194763609,free_text,webrtc_ns_high,74440.0,partial,жёлтой
1786194763609,free_text,webrtc_ns_high,74480.0,partial,жёлтой
1786194763609,free_text,webrtc_ns_high,74520.0,endpoint,жёлтой
1786194763609,free_text,webrtc_ns_high,82200.0,partial,жёлтый
1786194763609,free_text,webrtc_ns_high,82240.0,partial,жёлтый
1786194763609,free_text,webrtc_ns_high,82280.0,partial,жёлтый
1786194763609,free_text,webrtc_ns_high,82320.0,partial,жёлтый
1786194763609,free_text,webrtc_ns_high,82360.0,partial,жёлтый
1786194763609,free_text,webrtc_ns_high,82400.0,partial,жёлтый
1786194763609,free_text,webrtc_ns_high,82440.0,partial,жёлтый
1786194763609,free_text,webrtc_ns_high,82480.0,partial,жёлтый
1786194763609,free_text,webrtc_ns_high,82520.0,partial,жёлтый
1786194763609,free_text,webrtc_ns_high,82560.0,partial,жёлтый
1786194763609,free_text,webrtc_ns_high,82600.0,partial,жёлтый
1786194763609,free_text,webrtc_ns_high,82640.0,partial,жёлтый
1786194763609,free_text,webrtc_ns_high,82680.0,partial,жёлтый
1786194763609,free_text,webrtc_ns_high,82720.0,partial,жёлтый
1786194763609,free_text,webrtc_ns_high,82760.0,partial,жёлтый
1786194763609,free_text,webrtc_ns_high,82800.0,partial,жёлтый
1786194763609,free_text,webrtc_ns_high,82840.0,partial,жёлтый
1786194763609,free_text,webrtc_ns_high,82880.0,partial,жёлтый
1786194763609,free_text,webrtc_ns_high,82920.0,partial,жёлтый
1786194763609,free_text,webrtc_ns_high,82960.0,partial,жёлтый
1786194763609,free_text,webrtc_ns_high,83000.0,partial,жёлтый
1786194763609,free_text,webrtc_ns_high,83040.0,partial,жёлтый
1786194763609,free_text,webrtc_ns_high,83080.0,partial,жёлтый
1786194763609,free_text,webrtc_ns_high,83120.0,partial,жёлтый
1786194763609,free_text,webrtc_ns_high,83160.0,endpoint,жёлтый
1786194763609,free_text,webrtc_ns_high,89640.0,partial,жёлтый
1786194763609,free_text,webrtc_ns_high,89680.0,partial,жёлтый
1786194763609,free_text,webrtc_ns_high,89720.0,partial,жёлтый
1786194763609,free_text,webrtc_ns_high,89760.0,partial,жёлтый
1786194763609,free_text,webrtc_ns_high,89800.0,partial,жёлтый
1786194763609,free_text,webrtc_ns_high,89840.0,partial,жёлтый
1786194763609,free_text,webrtc_ns_high,89880.0,partial,жёлтый
1786194763609,free_text,webrtc_ns_high,89920.0,partial,жёлтый
1786194763609,free_text,webrtc_ns_high,89960.0,partial,жёлтый
1786194763609,free_text,webrtc_ns_high,90000.0,partial,жёлтый
1786194763609,free_text,webrtc_ns_high,90040.0,partial,жёлтый
1786194763609,free_text,webrtc_ns_high,90080.0,partial,жёлтый
1786194763609,free_text,webrtc_ns_high,90120.0,partial,жёлтый
1786194763609,free_text,webrtc_ns_high,90160.0,partial,жёлтый
1786194763609,free_text,webrtc_ns_high,90200.0,partial,жёлтый
1786194763609,free_text,webrtc_ns_high,90240.0,partial,жёлтый
1786194763609,free_text,webrtc_ns_high,90280.0,partial,жёлтый
1786194763609,free_text,webrtc_ns_high,90320.0,partial,жёлтый
1786194763609,free_text,webrtc_ns_high,90360.0,partial,жёлтый
1786194763609,free_text,webrtc_ns_high,90400.0,partial,жёлтый
1786194763609,free_text,webrtc_ns_high,90440.0,partial,жёлтый
1786194763609,free_text,webrtc_ns_high,90480.0,partial,жёлтый
1786194763609,free_text,webrtc_ns_high,90520.0,partial,жёлтый
1786194763609,free_text,webrtc_ns_high,90560.0,partial,жёлтый
1786194763609,free_text,webrtc_ns_high,90600.0,endpoint,жёлтый
1786194763609,free_text,webrtc_ns_high,94920.0,partial,белый
1786194763609,free_text,webrtc_ns_high,94960.0,partial,белый
1786194763609,free_text,webrtc_ns_high,95000.0,partial,белый
1786194763609,free_text,webrtc_ns_high,95040.0,partial,белый
1786194763609,free_text,webrtc_ns_high,95080.0,partial,белый
1786194763609,free_text,webrtc_ns_high,95120.0,partial,белый
1786194763609,free_text,webrtc_ns_high,95160.0,partial,белый
1786194763609,free_text,webrtc_ns_high,95200.0,partial,белый
1786194763609,free_text,webrtc_ns_high,95240.0,partial,белый
1786194763609,free_text,webrtc_ns_high,95280.0,partial,белый
1786194763609,free_text,webrtc_ns_high,95320.0,partial,белый
1786194763609,free_text,webrtc_ns_high,95360.0,partial,белый
1786194763609,free_text,webrtc_ns_high,95400.0,partial,белый
1786194763609,free_text,webrtc_ns_high,95440.0,partial,белый
1786194763609,free_text,webrtc_ns_high,95480.0,partial,белый
1786194763609,free_text,webrtc_ns_high,95520.0,partial,белый
1786194763609,free_text,webrtc_ns_high,95560.0,partial,белый
1786194763609,free_text,webrtc_ns_high,95600.0,partial,белый
1786194763609,free_text,webrtc_ns_high,95640.0,partial,белый
1786194763609,free_text,webrtc_ns_high,95680.0,partial,белый
1786194763609,free_text,webrtc_ns_high,95720.0,partial,белый
1786194763609,free_text,webrtc_ns_high,95760.0,partial,белый
1786194763609,free_text,webrtc_ns_high,95800.0,partial,белый
1786194763609,free_text,webrtc_ns_high,95840.0,partial,белый
1786194763609,free_text,webrtc_ns_high,95880.0,partial,белый
1786194763609,free_text,webrtc_ns_high,95920.0,partial,белый
1786194763609,free_text,webrtc_ns_high,95960.0,partial,белый
1786194763609,free_text,webrtc_ns_high,96000.0,partial,белый
1786194763609,free_text,webrtc_ns_high,96040.0,partial,белый
1786194763609,free_text,webrtc_ns_high,96080.0,partial,белый
1786194763609,free_text,webrtc_ns_high,96120.0,endpoint,белый
1786194763609,free_text,webrtc_ns_high,98280.0,partial,назад
1786194763609,free_text,webrtc_ns_high,98320.0,partial,назад
1786194763609,free_text,webrtc_ns_high,98360.0,partial,назад
1786194763609,free_text,webrtc_ns_high,98400.0,partial,назад
1786194763609,free_text,webrtc_ns_high,98440.0,partial,назад
1786194763609,free_text,webrtc_ns_high,98480.0,partial,назад
1786194763609,free_text,webrtc_ns_high,98520.0,partial,назад
1786194763609,free_text,webrtc_ns_high,98560.0,partial,назад
1786194763609,free_text,webrtc_ns_high,98600.0,partial,назад
1786194763609,free_text,webrtc_ns_high,98640.0,partial,назад
1786194763609,free_text,webrtc_ns_high,98680.0,partial,назад
1786194763609,free_text,webrtc_ns_high,98720.0,partial,назад
1786194763609,free_text,webrtc_ns_high,98760.0,endpoint,назад
1786194763609,free_text,webrtc_ns_high,105240.0,partial,назад
1786194763609,free_text,webrtc_ns_high,105280.0,partial,назад
1786194763609,free_text,webrtc_ns_high,105320.0,partial,назад
1786194763609,free_text,webrtc_ns_high,105360.0,partial,назад
1786194763609,free_text,webrtc_ns_high,105400.0,partial,назад
1786194763609,free_text,webrtc_ns_high,105440.0,partial,назад
1786194763609,free_text,webrtc_ns_high,105480.0,partial,назад
1786194763609,free_text,webrtc_ns_high,105520.0,partial,назад
1786194763609,free_text,webrtc_ns_high,105560.0,partial,назад
1786194763609,free_text,webrtc_ns_high,105600.0,partial,назад
1786194763609,free_text,webrtc_ns_high,105640.0,partial,назад
1786194763609,free_text,webrtc_ns_high,105680.0,partial,назад
1786194763609,free_text,webrtc_ns_high,105720.0,partial,назад
1786194763609,free_text,webrtc_ns_high,105760.0,partial,назад
1786194763609,free_text,webrtc_ns_high,105800.0,partial,назад
1786194763609,free_text,webrtc_ns_high,105840.0,partial,назад
1786194763609,free_text,webrtc_ns_high,105880.0,partial,назад
1786194763609,free_text,webrtc_ns_high,105920.0,partial,назад
1786194763609,free_text,webrtc_ns_high,105960.0,endpoint,назад
1786194763609,free_text,webrtc_ns_high,107880.0,partial,назад
1786194763609,free_text,webrtc_ns_high,107920.0,partial,назад
1786194763609,free_text,webrtc_ns_high,107960.0,partial,назад
1786194763609,free_text,webrtc_ns_high,108000.0,partial,назад
1786194763609,free_text,webrtc_ns_high,108040.0,partial,назад
1786194763609,free_text,webrtc_ns_high,108080.0,partial,назад
1786194763609,free_text,webrtc_ns_high,108120.0,partial,назад
1786194763609,free_text,webrtc_ns_high,108160.0,partial,назад
1786194763609,free_text,webrtc_ns_high,108200.0,partial,назад
1786194763609,free_text,webrtc_ns_high,108240.0,partial,назад
1786194763609,free_text,webrtc_ns_high,108280.0,partial,назад
1786194763609,free_text,webrtc_ns_high,108320.0,partial,назад
1786194763609,free_text,webrtc_ns_high,108360.0,partial,назад
1786194763609,free_text,webrtc_ns_high,108400.0,partial,назад
1786194763609,free_text,webrtc_ns_high,108440.0,partial,назад
1786194763609,free_text,webrtc_ns_high,108480.0,partial,назад
1786194763609,free_text,webrtc_ns_high,108520.0,partial,назад
1786194763609,free_text,webrtc_ns_high,108560.0,partial,назад
1786194763609,free_text,webrtc_ns_high,108600.0,endpoint,назад
1786194763609,free_text,webrtc_ns_high,111000.0,partial,доступность
1786194763609,free_text,webrtc_ns_high,111040.0,partial,доступность
1786194763609,free_text,webrtc_ns_high,111080.0,partial,доступность
1786194763609,free_text,webrtc_ns_high,111120.0,partial,доступность
1786194763609,free_text,webrtc_ns_high,111160.0,partial,доступность
1786194763609,free_text,webrtc_ns_high,111200.0,partial,доступность
1786194763609,free_text,webrtc_ns_high,111240.0,partial,доступность
1786194763609,free_text,webrtc_ns_high,111280.0,partial,доступность
1786194763609,free_text,webrtc_ns_high,111320.0,partial,доступность
1786194763609,free_text,webrtc_ns_high,111360.0,partial,доступность
1786194763609,free_text,webrtc_ns_high,111400.0,partial,доступность
1786194763609,free_text,webrtc_ns_high,111440.0,partial,доступность
1786194763609,free_text,webrtc_ns_high,111480.0,partial,доступность
1786194763609,free_text,webrtc_ns_high,111520.0,partial,доступность
1786194763609,free_text,webrtc_ns_high,111560.0,partial,доступность
1786194763609,free_text,webrtc_ns_high,111600.0,partial,доступность
1786194763609,free_text,webrtc_ns_high,111640.0,partial,доступность
1786194763609,free_text,webrtc_ns_high,111680.0,partial,доступность
1786194763609,free_text,webrtc_ns_high,111720.0,partial,доступность
1786194763609,free_text,webrtc_ns_high,111760.0,partial,доступность
1786194763609,free_text,webrtc_ns_high,111800.0,partial,доступность
1786194763609,free_text,webrtc_ns_high,111840.0,partial,доступность
1786194763609,free_text,webrtc_ns_high,111880.0,partial,доступность
1786194763609,free_text,webrtc_ns_high,111920.0,partial,доступность
1786194763609,free_text,webrtc_ns_high,111960.0,partial,доступность
1786194763609,free_text,webrtc_ns_high,112000.0,partial,доступность
1786194763609,free_text,webrtc_ns_high,112040.0,partial,доступность
1786194763609,free_text,webrtc_ns_high,112080.0,partial,доступность
1786194763609,free_text,webrtc_ns_high,112120.0,partial,доступность
1786194763609,free_text,webrtc_ns_high,112160.0,partial,доступность
1786194763609,free_text,webrtc_ns_high,112200.0,endpoint,доступность
1786194763609,free_text,webrtc_ns_high,113400.0,partial,список
1786194763609,free_text,webrtc_ns_high,113440.0,partial,список
1786194763609,free_text,webrtc_ns_high,113480.0,partial,список
1786194763609,free_text,webrtc_ns_high,113520.0,partial,список
1786194763609,free_text,webrtc_ns_high,113560.0,partial,список
1786194763609,free_text,webrtc_ns_high,113600.0,partial,список
1786194763609,free_text,webrtc_ns_high,113640.0,partial,список
1786194763609,free_text,webrtc_ns_high,113680.0,partial,список
1786194763609,free_text,webrtc_ns_high,113720.0,partial,список
1786194763609,free_text,webrtc_ns_high,113760.0,partial,список
1786194763609,free_text,webrtc_ns_high,113800.0,partial,список
1786194763609,free_text,webrtc_ns_high,113840.0,partial,список
1786194763609,free_text,webrtc_ns_high,113880.0,partial,список
1786194763609,free_text,webrtc_ns_high,113920.0,partial,список
1786194763609,free_text,webrtc_ns_high,113960.0,partial,список
1786194763609,free_text,webrtc_ns_high,114000.0,partial,список
1786194763609,free_text,webrtc_ns_high,114040.0,partial,список
1786194763609,free_text,webrtc_ns_high,114080.0,partial,список
1786194763609,free_text,webrtc_ns_high,114120.0,partial,список
1786194763609,free_text,webrtc_ns_high,114160.0,partial,список
1786194763609,free_text,webrtc_ns_high,114200.0,partial,список
1786194763609,free_text,webrtc_ns_high,114240.0,partial,список
1786194763609,free_text,webrtc_ns_high,114280.0,partial,список
1786194763609,free_text,webrtc_ns_high,114320.0,partial,список
1786194763609,free_text,webrtc_ns_high,114360.0,partial,список
1786194763609,free_text,webrtc_ns_high,114400.0,partial,список
1786194763609,free_text,webrtc_ns_high,114440.0,partial,список
1786194763609,free_text,webrtc_ns_high,114480.0,partial,список
1786194763609,free_text,webrtc_ns_high,114520.0,partial,список
1786194763609,free_text,webrtc_ns_high,114560.0,partial,список
1786194763609,free_text,webrtc_ns_high,114600.0,partial,список
1786194763609,free_text,webrtc_ns_high,114640.0,partial,список
1786194763609,free_text,webrtc_ns_high,114680.0,partial,список
1786194763609,free_text,webrtc_ns_high,114720.0,partial,список
1786194763609,free_text,webrtc_ns_high,114760.0,partial,список
1786194763609,free_text,webrtc_ns_high,114800.0,partial,список
1786194763609,free_text,webrtc_ns_high,114840.0,endpoint,список
1786194763609,free_text,webrtc_ns_high,150840.0,partial,назад
1786194763609,free_text,webrtc_ns_high,150880.0,partial,назад
1786194763609,free_text,webrtc_ns_high,150920.0,partial,назад
1786194763609,free_text,webrtc_ns_high,150960.0,partial,назад
1786194763609,free_text,webrtc_ns_high,151000.0,partial,назад
1786194763609,free_text,webrtc_ns_high,151040.0,partial,назад
1786194763609,free_text,webrtc_ns_high,151080.0,partial,назад
1786194763609,free_text,webrtc_ns_high,151120.0,partial,назад
1786194763609,free_text,webrtc_ns_high,151160.0,partial,назад
1786194763609,free_text,webrtc_ns_high,151200.0,partial,назад
1786194763609,free_text,webrtc_ns_high,151240.0,partial,назад
1786194763609,free_text,webrtc_ns_high,151280.0,partial,назад
1786194763609,free_text,webrtc_ns_high,151320.0,partial,назад
1786194763609,free_text,webrtc_ns_high,151360.0,partial,назад
1786194763609,free_text,webrtc_ns_high,151400.0,partial,назад
1786194763609,free_text,webrtc_ns_high,151440.0,partial,назад
1786194763609,free_text,webrtc_ns_high,151480.0,partial,назад
1786194763609,free_text,webrtc_ns_high,151520.0,partial,назад
1786194763609,free_text,webrtc_ns_high,151560.0,endpoint,назад
1786194763609,free_text,webrtc_ns_high,155880.0,partial,список
1786194763609,free_text,webrtc_ns_high,155920.0,partial,список
1786194763609,free_text,webrtc_ns_high,155960.0,partial,список
1786194763609,free_text,webrtc_ns_high,156000.0,partial,список
1786194763609,free_text,webrtc_ns_high,156040.0,partial,список
1786194763609,free_text,webrtc_ns_high,156080.0,partial,список
1786194763609,free_text,webrtc_ns_high,156120.0,partial,список
1786194763609,free_text,webrtc_ns_high,156160.0,partial,список
1786194763609,free_text,webrtc_ns_high,156200.0,partial,список
1786194763609,free_text,webrtc_ns_high,156240.0,partial,список
1786194763609,free_text,webrtc_ns_high,156280.0,partial,список
1786194763609,free_text,webrtc_ns_high,156320.0,partial,список
1786194763609,free_text,webrtc_ns_high,156360.0,partial,список
1786194763609,free_text,webrtc_ns_high,156400.0,partial,список
1786194763609,free_text,webrtc_ns_high,156440.0,partial,список
1786194763609,free_text,webrtc_ns_high,156480.0,partial,список
1786194763609,free_text,webrtc_ns_high,156520.0,partial,список
1786194763609,free_text,webrtc_ns_high,156560.0,partial,список
1786194763609,free_text,webrtc_ns_high,156600.0,partial,список
1786194763609,free_text,webrtc_ns_high,156640.0,partial,список
1786194763609,free_text,webrtc_ns_high,156680.0,partial,список
1786194763609,free_text,webrtc_ns_high,156720.0,partial,список
1786194763609,free_text,webrtc_ns_high,156760.0,partial,список
1786194763609,free_text,webrtc_ns_high,156800.0,partial,список
1786194763609,free_text,webrtc_ns_high,156840.0,partial,список
1786194763609,free_text,webrtc_ns_high,156880.0,partial,список
1786194763609,free_text,webrtc_ns_high,156920.0,partial,список
1786194763609,free_text,webrtc_ns_high,156960.0,partial,список
1786194763609,free_text,webrtc_ns_high,157000.0,partial,список
1786194763609,free_text,webrtc_ns_high,157040.0,partial,список
1786194763609,free_text,webrtc_ns_high,157080.0,endpoint,в список
1786194763609,free_text,webrtc_ns_high,171960.0,partial,назад
1786194763609,free_text,webrtc_ns_high,172000.0,partial,назад
1786194763609,free_text,webrtc_ns_high,172040.0,partial,назад
1786194763609,free_text,webrtc_ns_high,172080.0,partial,назад
1786194763609,free_text,webrtc_ns_high,172120.0,partial,назад
1786194763609,free_text,webrtc_ns_high,172160.0,partial,назад
1786194763609,free_text,webrtc_ns_high,172200.0,partial,назад
1786194763609,free_text,webrtc_ns_high,172240.0,partial,назад
1786194763609,free_text,webrtc_ns_high,172280.0,partial,назад
1786194763609,free_text,webrtc_ns_high,172320.0,partial,назад
1786194763609,free_text,webrtc_ns_high,172360.0,partial,назад
1786194763609,free_text,webrtc_ns_high,172400.0,partial,назад
1786194763609,free_text,webrtc_ns_high,172440.0,partial,назад
1786194763609,free_text,webrtc_ns_high,172480.0,partial,назад
1786194763609,free_text,webrtc_ns_high,172520.0,partial,назад
1786194763609,free_text,webrtc_ns_high,172560.0,partial,назад
1786194763609,free_text,webrtc_ns_high,172600.0,partial,назад
1786194763609,free_text,webrtc_ns_high,172640.0,partial,назад
1786194763609,free_text,webrtc_ns_high,172680.0,endpoint,назад
1786194763609,free_text,webrtc_ns_high,178920.0,partial,назад
1786194763609,free_text,webrtc_ns_high,178960.0,partial,назад
1786194763609,free_text,webrtc_ns_high,179000.0,partial,назад
1786194763609,free_text,webrtc_ns_high,179040.0,partial,назад
1786194763609,free_text,webrtc_ns_high,179080.0,partial,назад
1786194763609,free_text,webrtc_ns_high,179120.0,partial,назад
1786194763609,free_text,webrtc_ns_high,179160.0,partial,назад
1786194763609,free_text,webrtc_ns_high,179200.0,partial,назад
1786194763609,free_text,webrtc_ns_high,179240.0,partial,назад
1786194763609,free_text,webrtc_ns_high,179280.0,partial,назад
1786194763609,free_text,webrtc_ns_high,179320.0,partial,назад
1786194763609,free_text,webrtc_ns_high,179360.0,partial,назад
1786194763609,free_text,webrtc_ns_high,179400.0,endpoint,назад
1786194763609,command_menu,webrtc_ns_very_high,10200.0,partial,вниз
1786194763609,command_menu,webrtc_ns_very_high,10240.0,partial,вниз
1786194763609,command_menu,webrtc_ns_very_high,10280.0,partial,вниз
1786194763609,command_menu,webrtc_ns_very_high,10320.0,partial,вниз
1786194763609,command_menu,webrtc_ns_very_high,10360.0,partial,вниз
1786194763609,command_menu,webrtc_ns_very_high,10400.0,partial,вниз
1786194763609,command_menu,webrtc_ns_very_high,10440.0,partial,вниз
1786194763609,command_menu,webrtc_ns_very_high,10480.0,partial,вниз
1786194763609,command_menu,webrtc_ns_very_high,10520.0,partial,вниз
1786194763609,command_menu,webrtc_ns_very_high,10560.0,partial,вниз
1786194763609,command_menu,webrtc_ns_very_high,10600.0,partial,вниз
1786194763609,command_menu,webrtc_ns_very_high,10640.0,partial,вниз
1786194763609,command_menu,webrtc_ns_very_high,10680.0,partial,вниз
1786194763609,command_menu,webrtc_ns_very_high,10720.0,partial,вниз
1786194763609,command_menu,webrtc_ns_very_high,10760.0,partial,вниз
1786194763609,command_menu,webrtc_ns_very_high,10800.0,partial,вниз
1786194763609,command_menu,webrtc_ns_very_high,10840.0,partial,вниз
1786194763609,command_menu,webrtc_ns_very_high,10880.0,partial,вниз
1786194763609,command_menu,webrtc_ns_very_high,10920.0,partial,вниз
1786194763609,command_menu,webrtc_ns_very_high,10960.0,partial,вниз
1786194763609,command_menu,webrtc_ns_very_high,11000.0,partial,вниз
1786194763609,command_menu,webrtc_ns_very_high,11040.0,partial,вниз
1786194763609,command_menu,webrtc_ns_very_high,11080.0,partial,вниз
1786194763609,command_menu,webrtc_ns_very_high,11120.0,partial,вниз
1786194763609,command_menu,webrtc_ns_very_high,11160.0,endpoint,вниз
1786194763609,command_menu,webrtc_ns_very_high,12120.0,partial,вниз
1786194763609,command_menu,webrtc_ns_very_high,12160.0,partial,вниз
1786194763609,command_menu,webrtc_ns_very_high,12200.0,partial,вниз
1786194763609,command_menu,webrtc_ns_very_high,12240.0,partial,вниз
1786194763609,command_menu,webrtc_ns_very_high,12280.0,partial,вниз
1786194763609,command_menu,webrtc_ns_very_high,12320.0,partial,вниз
1786194763609,command_menu,webrtc_ns_very_high,12360.0,partial,вниз
1786194763609,command_menu,webrtc_ns_very_high,12400.0,partial,вниз
1786194763609,command_menu,webrtc_ns_very_high,12440.0,partial,вниз
1786194763609,command_menu,webrtc_ns_very_high,12480.0,partial,вниз
1786194763609,command_menu,webrtc_ns_very_high,12520.0,partial,вниз
1786194763609,command_menu,webrtc_ns_very_high,12560.0,partial,вниз
1786194763609,command_menu,webrtc_ns_very_high,12600.0,partial,вниз
1786194763609,command_menu,webrtc_ns_very_high,12640.0,partial,вниз
1786194763609,command_menu,webrtc_ns_very_high,12680.0,partial,вниз
1786194763609,command_menu,webrtc_ns_very_high,12720.0,partial,вниз
1786194763609,command_menu,webrtc_ns_very_high,12760.0,partial,вниз
1786194763609,command_menu,webrtc_ns_very_high,12800.0,partial,вниз
1786194763609,command_menu,webrtc_ns_very_high,12840.0,partial,вниз
1786194763609,command_menu,webrtc_ns_very_high,12880.0,partial,вниз
1786194763609,command_menu,webrtc_ns_very_high,12920.0,partial,вниз
1786194763609,command_menu,webrtc_ns_very_high,12960.0,partial,вниз
1786194763609,command_menu,webrtc_ns_very_high,13000.0,partial,вниз
1786194763609,command_menu,webrtc_ns_very_high,13040.0,partial,вниз
1786194763609,command_menu,webrtc_ns_very_high,13080.0,endpoint,вниз
1786194763609,command_menu,webrtc_ns_very_high,14040.0,partial,вниз
1786194763609,command_menu,webrtc_ns_very_high,14080.0,partial,вниз
1786194763609,command_menu,webrtc_ns_very_high,14120.0,partial,вниз
1786194763609,command_menu,webrtc_ns_very_high,14160.0,partial,вниз
1786194763609,command_menu,webrtc_ns_very_high,14200.0,partial,вниз
1786194763609,command_menu,webrtc_ns_very_high,14240.0,partial,вниз
1786194763609,command_menu,webrtc_ns_very_high,14280.0,partial,вниз
1786194763609,command_menu,webrtc_ns_very_high,14320.0,partial,вниз
1786194763609,command_menu,webrtc_ns_very_high,14360.0,partial,вниз
1786194763609,command_menu,webrtc_ns_very_high,14400.0,partial,вниз
1786194763609,command_menu,webrtc_ns_very_high,14440.0,partial,вниз
1786194763609,command_menu,webrtc_ns_very_high,14480.0,partial,вниз
1786194763609,command_menu,webrtc_ns_very_high,14520.0,partial,вниз
1786194763609,command_menu,webrtc_ns_very_high,14560.0,partial,вниз
1786194763609,command_menu,webrtc_ns_very_high,14600.0,partial,вниз
1786194763609,command_menu,webrtc_ns_very_high,14640.0,partial,вниз
1786194763609,command_menu,webrtc_ns_very_high,14680.0,partial,вниз
1786194763609,command_menu,webrtc_ns_very_high,14720.0,partial,вниз
1786194763609,command_menu,webrtc_ns_very_high,14760.0,partial,вниз
1786194763609,command_menu,webrtc_ns_very_high,14800.0,partial,вниз
1786194763609,command_menu,webrtc_ns_very_high,14840.0,partial,вниз
1786194763609,command_menu,webrtc_ns_very_high,14880.0,partial,вниз
1786194763609,command_menu,webrtc_ns_very_high,14920.0,partial,вниз
1786194763609,command_menu,webrtc_ns_very_high,14960.0,partial,вниз
1786194763609,command_menu,webrtc_ns_very_high,15000.0,endpoint,вниз
1786194763609,command_menu,webrtc_ns_very_high,15720.0,partial,вверх
1786194763609,command_menu,webrtc_ns_very_high,15760.0,partial,вверх
1786194763609,command_menu,webrtc_ns_very_high,15800.0,partial,вверх
1786194763609,command_menu,webrtc_ns_very_high,15840.0,partial,вверх
1786194763609,command_menu,webrtc_ns_very_high,15880.0,partial,вверх
1786194763609,command_menu,webrtc_ns_very_high,15920.0,partial,вверх
1786194763609,command_menu,webrtc_ns_very_high,15960.0,partial,вверх
1786194763609,command_menu,webrtc_ns_very_high,16000.0,partial,вверх
1786194763609,command_menu,webrtc_ns_very_high,16040.0,partial,вверх
1786194763609,command_menu,webrtc_ns_very_high,16080.0,partial,вверх
1786194763609,command_menu,webrtc_ns_very_high,16120.0,partial,вверх
1786194763609,command_menu,webrtc_ns_very_high,16160.0,partial,вверх
1786194763609,command_menu,webrtc_ns_very_high,16200.0,partial,вверх
1786194763609,command_menu,webrtc_ns_very_high,16240.0,partial,вверх
1786194763609,command_menu,webrtc_ns_very_high,16280.0,partial,вверх
1786194763609,command_menu,webrtc_ns_very_high,16320.0,partial,вверх
1786194763609,command_menu,webrtc_ns_very_high,16360.0,partial,вверх
1786194763609,command_menu,webrtc_ns_very_high,16400.0,partial,вверх
1786194763609,command_menu,webrtc_ns_very_high,16440.0,partial,вверх
1786194763609,command_menu,webrtc_ns_very_high,16480.0,partial,вверх
1786194763609,command_menu,webrtc_ns_very_high,16520.0,partial,вверх
1786194763609,command_menu,webrtc_ns_very_high,16560.0,partial,вверх
1786194763609,command_menu,webrtc_ns_very_high,16600.0,partial,вверх
1786194763609,command_menu,webrtc_ns_very_high,16640.0,partial,вверх
1786194763609,command_menu,webrtc_ns_very_high,16680.0,endpoint,вверх
1786194763609,command_menu,webrtc_ns_very_high,16920.0,partial,доступность
1786194763609,command_menu,webrtc_ns_very_high,16960.0,partial,доступность
1786194763609,command_menu,webrtc_ns_very_high,17000.0,partial,доступность
1786194763609,command_menu,webrtc_ns_very_high,17040.0,partial,доступность
1786194763609,command_menu,webrtc_ns_very_high,17080.0,partial,доступность
1786194763609,command_menu,webrtc_ns_very_high,17120.0,partial,доступность
1786194763609,command_menu,webrtc_ns_very_high,17160.0,partial,вверх
1786194763609,command_menu,webrtc_ns_very_high,17200.0,partial,вверх
1786194763609,command_menu,webrtc_ns_very_high,17240.0,partial,вверх
1786194763609,command_menu,webrtc_ns_very_high,17280.0,partial,вверх
1786194763609,command_menu,webrtc_ns_very_high,17320.0,partial,вверх
1786194763609,command_menu,webrtc_ns_very_high,17360.0,partial,вверх
1786194763609,command_menu,webrtc_ns_very_high,17400.0,partial,вверх
1786194763609,command_menu,webrtc_ns_very_high,17440.0,partial,вверх
1786194763609,command_menu,webrtc_ns_very_high,17480.0,partial,вверх
1786194763609,command_menu,webrtc_ns_very_high,17520.0,partial,вверх
1786194763609,command_menu,webrtc_ns_very_high,17560.0,partial,вверх
1786194763609,command_menu,webrtc_ns_very_high,17600.0,partial,вверх
1786194763609,command_menu,webrtc_ns_very_high,17640.0,partial,вверх
1786194763609,command_menu,webrtc_ns_very_high,17680.0,partial,вверх
1786194763609,command_menu,webrtc_ns_very_high,17720.0,partial,вверх
1786194763609,command_menu,webrtc_ns_very_high,17760.0,partial,вверх
1786194763609,command_menu,webrtc_ns_very_high,17800.0,partial,вверх
1786194763609,command_menu,webrtc_ns_very_high,17840.0,partial,вверх
1786194763609,command_menu,webrtc_ns_very_high,17880.0,endpoint,вверх
1786194763609,command_menu,webrtc_ns_very_high,18120.0,partial,вверх
1786194763609,command_menu,webrtc_ns_very_high,18160.0,partial,вверх
1786194763609,command_menu,webrtc_ns_very_high,18200.0,partial,вверх
1786194763609,command_menu,webrtc_ns_very_high,18240.0,partial,вверх
1786194763609,command_menu,webrtc_ns_very_high,18280.0,partial,вверх
1786194763609,command_menu,webrtc_ns_very_high,18320.0,partial,вверх
1786194763609,command_menu,webrtc_ns_very_high,18360.0,partial,вверх
1786194763609,command_menu,webrtc_ns_very_high,18400.0,partial,вверх
1786194763609,command_menu,webrtc_ns_very_high,18440.0,partial,вверх
1786194763609,command_menu,webrtc_ns_very_high,18480.0,partial,вверх
1786194763609,command_menu,webrtc_ns_very_high,18520.0,partial,вверх
1786194763609,command_menu,webrtc_ns_very_high,18560.0,partial,вверх
1786194763609,command_menu,webrtc_ns_very_high,18600.0,partial,вверх
1786194763609,command_menu,webrtc_ns_very_high,18640.0,partial,вверх
1786194763609,command_menu,webrtc_ns_very_high,18680.0,partial,вверх
1786194763609,command_menu,webrtc_ns_very_high,18720.0,partial,вверх
1786194763609,command_menu,webrtc_ns_very_high,18760.0,partial,вверх
1786194763609,command_menu,webrtc_ns_very_high,18800.0,partial,вверх
1786194763609,command_menu,webrtc_ns_very_high,18840.0,partial,вверх
1786194763609,command_menu,webrtc_ns_very_high,18880.0,partial,вверх
1786194763609,command_menu,webrtc_ns_very_high,18920.0,partial,вверх
1786194763609,command_menu,webrtc_ns_very_high,18960.0,partial,вверх
1786194763609,command_menu,webrtc_ns_very_high,19000.0,partial,вверх
1786194763609,command_menu,webrtc_ns_very_high,19040.0,partial,вверх
1786194763609,command_menu,webrtc_ns_very_high,19080.0,endpoint,вверх
1786194763609,command_menu,webrtc_ns_very_high,23400.0,partial,вверх
1786194763609,command_menu,webrtc_ns_very_high,23440.0,partial,вверх
1786194763609,command_menu,webrtc_ns_very_high,23480.0,partial,вверх
1786194763609,command_menu,webrtc_ns_very_high,23520.0,partial,вверх
1786194763609,command_menu,webrtc_ns_very_high,23560.0,partial,вверх
1786194763609,command_menu,webrtc_ns_very_high,23600.0,partial,вверх
1786194763609,command_menu,webrtc_ns_very_high,23640.0,partial,вверх
1786194763609,command_menu,webrtc_ns_very_high,23680.0,partial,вверх
1786194763609,command_menu,webrtc_ns_very_high,23720.0,partial,вверх
1786194763609,command_menu,webrtc_ns_very_high,23760.0,partial,вверх
1786194763609,command_menu,webrtc_ns_very_high,23800.0,partial,вверх
1786194763609,command_menu,webrtc_ns_very_high,23840.0,partial,вверх
1786194763609,command_menu,webrtc_ns_very_high,23880.0,partial,вверх
1786194763609,command_menu,webrtc_ns_very_high,23920.0,partial,вверх
1786194763609,command_menu,webrtc_ns_very_high,23960.0,partial,вверх
1786194763609,command_menu,webrtc_ns_very_high,24000.0,partial,вверх
1786194763609,command_menu,webrtc_ns_very_high,24040.0,partial,вверх
1786194763609,command_menu,webrtc_ns_very_high,24080.0,partial,вверх
1786194763609,command_menu,webrtc_ns_very_high,24120.0,endpoint,вверх
1786194763609,command_menu,webrtc_ns_very_high,25080.0,partial,вниз
1786194763609,command_menu,webrtc_ns_very_high,25120.0,partial,вниз
1786194763609,command_menu,webrtc_ns_very_high,25160.0,partial,вниз
1786194763609,command_menu,webrtc_ns_very_high,25200.0,partial,вниз
1786194763609,command_menu,webrtc_ns_very_high,25240.0,partial,вниз
1786194763609,command_menu,webrtc_ns_very_high,25280.0,partial,вниз
1786194763609,command_menu,webrtc_ns_very_high,25320.0,partial,вниз
1786194763609,command_menu,webrtc_ns_very_high,25360.0,partial,вниз
1786194763609,command_menu,webrtc_ns_very_high,25400.0,partial,вниз
1786194763609,command_menu,webrtc_ns_very_high,25440.0,partial,вниз
1786194763609,command_menu,webrtc_ns_very_high,25480.0,partial,вниз
1786194763609,command_menu,webrtc_ns_very_high,25520.0,partial,вниз
1786194763609,command_menu,webrtc_ns_very_high,25560.0,partial,вниз
1786194763609,command_menu,webrtc_ns_very_high,25600.0,partial,вниз
1786194763609,command_menu,webrtc_ns_very_high,25640.0,partial,вниз
1786194763609,command_menu,webrtc_ns_very_high,25680.0,partial,вниз
1786194763609,command_menu,webrtc_ns_very_high,25720.0,partial,вниз
1786194763609,command_menu,webrtc_ns_very_high,25760.0,partial,вниз
1786194763609,command_menu,webrtc_ns_very_high,25800.0,partial,вниз
1786194763609,command_menu,webrtc_ns_very_high,25840.0,partial,вниз
1786194763609,command_menu,webrtc_ns_very_high,25880.0,partial,вниз
1786194763609,command_menu,webrtc_ns_very_high,25920.0,partial,вниз
1786194763609,command_menu,webrtc_ns_very_high,25960.0,partial,вниз
1786194763609,command_menu,webrtc_ns_very_high,26000.0,partial,вниз
1786194763609,command_menu,webrtc_ns_very_high,26040.0,endpoint,вниз
1786194763609,command_menu,webrtc_ns_very_high,26280.0,partial,вниз
1786194763609,command_menu,webrtc_ns_very_high,26320.0,partial,вниз
1786194763609,command_menu,webrtc_ns_very_high,26360.0,partial,вниз
1786194763609,command_menu,webrtc_ns_very_high,26400.0,partial,вниз
1786194763609,command_menu,webrtc_ns_very_high,26440.0,partial,вниз
1786194763609,command_menu,webrtc_ns_very_high,26480.0,partial,вниз
1786194763609,command_menu,webrtc_ns_very_high,26520.0,partial,вниз
1786194763609,command_menu,webrtc_ns_very_high,26560.0,partial,вниз
1786194763609,command_menu,webrtc_ns_very_high,26600.0,partial,вниз
1786194763609,command_menu,webrtc_ns_very_high,26640.0,partial,вниз
1786194763609,command_menu,webrtc_ns_very_high,26680.0,partial,вниз
1786194763609,command_menu,webrtc_ns_very_high,26720.0,partial,вниз
1786194763609,command_menu,webrtc_ns_very_high,26760.0,partial,вниз
1786194763609,command_menu,webrtc_ns_very_high,26800.0,partial,вниз
1786194763609,command_menu,webrtc_ns_very_high,26840.0,partial,вниз
1786194763609,command_menu,webrtc_ns_very_high,26880.0,partial,вниз
1786194763609,command_menu,webrtc_ns_very_high,26920.0,partial,вниз
1786194763609,command_menu,webrtc_ns_very_high,26960.0,partial,вниз
1786194763609,command_menu,webrtc_ns_very_high,27000.0,partial,вниз
1786194763609,command_menu,webrtc_ns_very_high,27040.0,partial,вниз
1786194763609,command_menu,webrtc_ns_very_high,27080.0,partial,вниз
1786194763609,command_menu,webrtc_ns_very_high,27120.0,partial,вниз
1786194763609,command_menu,webrtc_ns_very_high,27160.0,partial,вниз
1786194763609,command_menu,webrtc_ns_very_high,27200.0,partial,вниз
1786194763609,command_menu,webrtc_ns_very_high,27240.0,endpoint,вниз
1786194763609,command_menu,webrtc_ns_very_high,27480.0,partial,вниз
1786194763609,command_menu,webrtc_ns_very_high,27520.0,partial,вниз
1786194763609,command_menu,webrtc_ns_very_high,27560.0,partial,вниз
1786194763609,command_menu,webrtc_ns_very_high,27600.0,partial,вниз
1786194763609,command_menu,webrtc_ns_very_high,27640.0,partial,вниз
1786194763609,command_menu,webrtc_ns_very_high,27680.0,partial,вниз
1786194763609,command_menu,webrtc_ns_very_high,27720.0,partial,вниз
1786194763609,command_menu,webrtc_ns_very_high,27760.0,partial,вниз
1786194763609,command_menu,webrtc_ns_very_high,27800.0,partial,вниз
1786194763609,command_menu,webrtc_ns_very_high,27840.0,partial,вниз
1786194763609,command_menu,webrtc_ns_very_high,27880.0,partial,вниз
1786194763609,command_menu,webrtc_ns_very_high,27920.0,partial,вниз
1786194763609,command_menu,webrtc_ns_very_high,27960.0,partial,вниз
1786194763609,command_menu,webrtc_ns_very_high,28000.0,partial,вниз
1786194763609,command_menu,webrtc_ns_very_high,28040.0,partial,вниз
1786194763609,command_menu,webrtc_ns_very_high,28080.0,partial,вниз
1786194763609,command_menu,webrtc_ns_very_high,28120.0,partial,вниз
1786194763609,command_menu,webrtc_ns_very_high,28160.0,partial,вниз
1786194763609,command_menu,webrtc_ns_very_high,28200.0,partial,вниз
1786194763609,command_menu,webrtc_ns_very_high,28240.0,partial,вниз
1786194763609,command_menu,webrtc_ns_very_high,28280.0,partial,вниз
1786194763609,command_menu,webrtc_ns_very_high,28320.0,partial,вниз
1786194763609,command_menu,webrtc_ns_very_high,28360.0,partial,вниз
1786194763609,command_menu,webrtc_ns_very_high,28400.0,partial,вниз
1786194763609,command_menu,webrtc_ns_very_high,28440.0,endpoint,вниз
1786194763609,command_menu,webrtc_ns_very_high,46680.0,partial,вверх
1786194763609,command_menu,webrtc_ns_very_high,46720.0,partial,вверх
1786194763609,command_menu,webrtc_ns_very_high,46760.0,partial,вверх
1786194763609,command_menu,webrtc_ns_very_high,46800.0,partial,вверх
1786194763609,command_menu,webrtc_ns_very_high,46840.0,partial,вверх
1786194763609,command_menu,webrtc_ns_very_high,46880.0,partial,вверх
1786194763609,command_menu,webrtc_ns_very_high,46920.0,partial,вверх
1786194763609,command_menu,webrtc_ns_very_high,46960.0,partial,вверх
1786194763609,command_menu,webrtc_ns_very_high,47000.0,partial,вверх
1786194763609,command_menu,webrtc_ns_very_high,47040.0,partial,вверх
1786194763609,command_menu,webrtc_ns_very_high,47080.0,partial,вверх
1786194763609,command_menu,webrtc_ns_very_high,47120.0,partial,вверх
1786194763609,command_menu,webrtc_ns_very_high,47160.0,partial,вверх
1786194763609,command_menu,webrtc_ns_very_high,47200.0,partial,вверх
1786194763609,command_menu,webrtc_ns_very_high,47240.0,partial,вверх
1786194763609,command_menu,webrtc_ns_very_high,47280.0,partial,вверх
1786194763609,command_menu,webrtc_ns_very_high,47320.0,partial,вверх
1786194763609,command_menu,webrtc_ns_very_high,47360.0,partial,вверх
1786194763609,command_menu,webrtc_ns_very_high,47400.0,endpoint,вверх
1786194763609,command_menu,webrtc_ns_very_high,47640.0,partial,вверх
1786194763609,command_menu,webrtc_ns_very_high,47680.0,partial,вверх
1786194763609,command_menu,webrtc_ns_very_high,47720.0,partial,вверх
1786194763609,command_menu,webrtc_ns_very_high,47760.0,partial,вверх
1786194763609,command_menu,webrtc_ns_very_high,47800.0,partial,вверх
1786194763609,command_menu,webrtc_ns_very_high,47840.0,partial,вверх
1786194763609,command_menu,webrtc_ns_very_high,47880.0,partial,вверх
1786194763609,command_menu,webrtc_ns_very_high,47920.0,partial,вверх
1786194763609,command_menu,webrtc_ns_very_high,47960.0,partial,вверх
1786194763609,command_menu,webrtc_ns_very_high,48000.0,partial,вверх
1786194763609,command_menu,webrtc_ns_very_high,48040.0,partial,вверх
1786194763609,command_menu,webrtc_ns_very_high,48080.0,partial,вверх
1786194763609,command_menu,webrtc_ns_very_high,48120.0,partial,вверх
1786194763609,command_menu,webrtc_ns_very_high,48160.0,partial,вверх
1786194763609,command_menu,webrtc_ns_very_high,48200.0,partial,вверх
1786194763609,command_menu,webrtc_ns_very_high,48240.0,partial,вверх
1786194763609,command_menu,webrtc_ns_very_high,48280.0,partial,вверх
1786194763609,command_menu,webrtc_ns_very_high,48320.0,partial,вверх
1786194763609,command_menu,webrtc_ns_very_high,48360.0,partial,вверх
1786194763609,command_menu,webrtc_ns_very_high,48400.0,partial,вверх
1786194763609,command_menu,webrtc_ns_very_high,48440.0,partial,вверх
1786194763609,command_menu,webrtc_ns_very_high,48480.0,partial,вверх
1786194763609,command_menu,webrtc_ns_very_high,48520.0,partial,вверх
1786194763609,command_menu,webrtc_ns_very_high,48560.0,partial,вверх
1786194763609,command_menu,webrtc_ns_very_high,48600.0,partial,вверх вверх
1786194763609,command_menu,webrtc_ns_very_high,48640.0,partial,вверх вверх
1786194763609,command_menu,webrtc_ns_very_high,48680.0,partial,вверх вверх
1786194763609,command_menu,webrtc_ns_very_high,48720.0,partial,вверх вверх
1786194763609,command_menu,webrtc_ns_very_high,48760.0,partial,вверх вверх
1786194763609,command_menu,webrtc_ns_very_high,48800.0,partial,вверх вверх
1786194763609,command_menu,webrtc_ns_very_high,48840.0,partial,вверх вверх
1786194763609,command_menu,webrtc_ns_very_high,48880.0,partial,вверх вверх
1786194763609,command_menu,webrtc_ns_very_high,48920.0,partial,вверх вверх
1786194763609,command_menu,webrtc_ns_very_high,48960.0,partial,вверх вверх
1786194763609,command_menu,webrtc_ns_very_high,49000.0,partial,вверх вверх
1786194763609,command_menu,webrtc_ns_very_high,49040.0,partial,вверх вверх
1786194763609,command_menu,webrtc_ns_very_high,49080.0,partial,вверх вверх
1786194763609,command_menu,webrtc_ns_very_high,49120.0,partial,вверх вверх
1786194763609,command_menu,webrtc_ns_very_high,49160.0,partial,вверх вверх
1786194763609,command_menu,webrtc_ns_very_high,49200.0,partial,вверх вверх
1786194763609,command_menu,webrtc_ns_very_high,49240.0,partial,вверх вверх
1786194763609,command_menu,webrtc_ns_very_high,49280.0,partial,вверх вверх
1786194763609,command_menu,webrtc_ns_very_high,49320.0,partial,вверх вверх
1786194763609,command_menu,webrtc_ns_very_high,49360.0,partial,вверх вверх
1786194763609,command_menu,webrtc_ns_very_high,49400.0,partial,вверх вверх
1786194763609,command_menu,webrtc_ns_very_high,49440.0,partial,вверх вверх
1786194763609,command_menu,webrtc_ns_very_high,49480.0,partial,вверх вверх
1786194763609,command_menu,webrtc_ns_very_high,49520.0,partial,вверх вверх
1786194763609,command_menu,webrtc_ns_very_high,49560.0,endpoint,вверх вверх
1786194763609,command_menu,webrtc_ns_very_high,50280.0,partial,вниз
1786194763609,command_menu,webrtc_ns_very_high,50320.0,partial,вниз
1786194763609,command_menu,webrtc_ns_very_high,50360.0,partial,вниз
1786194763609,command_menu,webrtc_ns_very_high,50400.0,partial,вниз
1786194763609,command_menu,webrtc_ns_very_high,50440.0,partial,вниз
1786194763609,command_menu,webrtc_ns_very_high,50480.0,partial,вниз
1786194763609,command_menu,webrtc_ns_very_high,50520.0,partial,вниз
1786194763609,command_menu,webrtc_ns_very_high,50560.0,partial,вниз
1786194763609,command_menu,webrtc_ns_very_high,50600.0,partial,вниз
1786194763609,command_menu,webrtc_ns_very_high,50640.0,partial,вниз
1786194763609,command_menu,webrtc_ns_very_high,50680.0,partial,вниз
1786194763609,command_menu,webrtc_ns_very_high,50720.0,partial,вниз
1786194763609,command_menu,webrtc_ns_very_high,50760.0,partial,вниз
1786194763609,command_menu,webrtc_ns_very_high,50800.0,partial,вниз
1786194763609,command_menu,webrtc_ns_very_high,50840.0,partial,вниз
1786194763609,command_menu,webrtc_ns_very_high,50880.0,partial,вниз
1786194763609,command_menu,webrtc_ns_very_high,50920.0,partial,вниз
1786194763609,command_menu,webrtc_ns_very_high,50960.0,partial,вниз
1786194763609,command_menu,webrtc_ns_very_high,51000.0,partial,вниз
1786194763609,command_menu,webrtc_ns_very_high,51040.0,partial,вниз
1786194763609,command_menu,webrtc_ns_very_high,51080.0,partial,вниз
1786194763609,command_menu,webrtc_ns_very_high,51120.0,partial,вниз
1786194763609,command_menu,webrtc_ns_very_high,51160.0,partial,вниз
1786194763609,command_menu,webrtc_ns_very_high,51200.0,partial,вниз
1786194763609,command_menu,webrtc_ns_very_high,51240.0,partial,вниз
1786194763609,command_menu,webrtc_ns_very_high,51280.0,partial,вниз
1786194763609,command_menu,webrtc_ns_very_high,51320.0,partial,вниз
1786194763609,command_menu,webrtc_ns_very_high,51360.0,partial,вниз
1786194763609,command_menu,webrtc_ns_very_high,51400.0,partial,вниз
1786194763609,command_menu,webrtc_ns_very_high,51440.0,partial,вниз
1786194763609,command_menu,webrtc_ns_very_high,51480.0,partial,вниз вниз
1786194763609,command_menu,webrtc_ns_very_high,51520.0,partial,вниз вниз
1786194763609,command_menu,webrtc_ns_very_high,51560.0,partial,вниз вниз
1786194763609,command_menu,webrtc_ns_very_high,51600.0,partial,вниз вниз
1786194763609,command_menu,webrtc_ns_very_high,51640.0,partial,вниз вниз
1786194763609,command_menu,webrtc_ns_very_high,51680.0,partial,вниз вниз
1786194763609,command_menu,webrtc_ns_very_high,51720.0,partial,вниз вниз
1786194763609,command_menu,webrtc_ns_very_high,51760.0,partial,вниз вниз
1786194763609,command_menu,webrtc_ns_very_high,51800.0,partial,вниз вниз
1786194763609,command_menu,webrtc_ns_very_high,51840.0,partial,вниз вниз
1786194763609,command_menu,webrtc_ns_very_high,51880.0,partial,вниз вниз
1786194763609,command_menu,webrtc_ns_very_high,51920.0,partial,вниз вниз
1786194763609,command_menu,webrtc_ns_very_high,51960.0,partial,вниз вниз
1786194763609,command_menu,webrtc_ns_very_high,52000.0,partial,вниз вниз
1786194763609,command_menu,webrtc_ns_very_high,52040.0,partial,вниз вниз
1786194763609,command_menu,webrtc_ns_very_high,52080.0,partial,вниз вниз
1786194763609,command_menu,webrtc_ns_very_high,52120.0,partial,вниз вниз
1786194763609,command_menu,webrtc_ns_very_high,52160.0,partial,вниз вниз
1786194763609,command_menu,webrtc_ns_very_high,52200.0,endpoint,вниз вниз
1786194763609,command_menu,webrtc_ns_very_high,52440.0,partial,вниз
1786194763609,command_menu,webrtc_ns_very_high,52480.0,partial,вниз
1786194763609,command_menu,webrtc_ns_very_high,52520.0,partial,вниз
1786194763609,command_menu,webrtc_ns_very_high,52560.0,partial,вниз
1786194763609,command_menu,webrtc_ns_very_high,52600.0,partial,вниз
1786194763609,command_menu,webrtc_ns_very_high,52640.0,partial,вниз
1786194763609,command_menu,webrtc_ns_very_high,52680.0,partial,вниз
1786194763609,command_menu,webrtc_ns_very_high,52720.0,partial,вниз
1786194763609,command_menu,webrtc_ns_very_high,52760.0,partial,вниз
1786194763609,command_menu,webrtc_ns_very_high,52800.0,partial,вниз
1786194763609,command_menu,webrtc_ns_very_high,52840.0,partial,вниз
1786194763609,command_menu,webrtc_ns_very_high,52880.0,partial,вниз
1786194763609,command_menu,webrtc_ns_very_high,52920.0,partial,вниз
1786194763609,command_menu,webrtc_ns_very_high,52960.0,partial,вниз
1786194763609,command_menu,webrtc_ns_very_high,53000.0,partial,вниз
1786194763609,command_menu,webrtc_ns_very_high,53040.0,partial,вниз
1786194763609,command_menu,webrtc_ns_very_high,53080.0,partial,вниз
1786194763609,command_menu,webrtc_ns_very_high,53120.0,partial,вниз
1786194763609,command_menu,webrtc_ns_very_high,53160.0,partial,вниз
1786194763609,command_menu,webrtc_ns_very_high,53200.0,partial,вниз
1786194763609,command_menu,webrtc_ns_very_high,53240.0,partial,вниз
1786194763609,command_menu,webrtc_ns_very_high,53280.0,partial,вниз
1786194763609,command_menu,webrtc_ns_very_high,53320.0,partial,вниз
1786194763609,command_menu,webrtc_ns_very_high,53360.0,partial,вниз
1786194763609,command_menu,webrtc_ns_very_high,53400.0,endpoint,вниз
1786194763609,command_menu,webrtc_ns_very_high,53880.0,partial,вверх
1786194763609,command_menu,webrtc_ns_very_high,53920.0,partial,вверх
1786194763609,command_menu,webrtc_ns_very_high,53960.0,partial,вверх
1786194763609,command_menu,webrtc_ns_very_high,54000.0,partial,вверх
1786194763609,command_menu,webrtc_ns_very_high,54040.0,partial,вверх
1786194763609,command_menu,webrtc_ns_very_high,54080.0,partial,вверх
1786194763609,command_menu,webrtc_ns_very_high,54120.0,partial,вверх
1786194763609,command_menu,webrtc_ns_very_high,54160.0,partial,вверх
1786194763609,command_menu,webrtc_ns_very_high,54200.0,partial,вверх
1786194763609,command_menu,webrtc_ns_very_high,54240.0,partial,вверх
1786194763609,command_menu,webrtc_ns_very_high,54280.0,partial,вверх
1786194763609,command_menu,webrtc_ns_very_high,54320.0,partial,вверх
1786194763609,command_menu,webrtc_ns_very_high,54360.0,partial,вверх
1786194763609,command_menu,webrtc_ns_very_high,54400.0,partial,вверх
1786194763609,command_menu,webrtc_ns_very_high,54440.0,partial,вверх
1786194763609,command_menu,webrtc_ns_very_high,54480.0,partial,вверх
1786194763609,command_menu,webrtc_ns_very_high,54520.0,partial,вверх
1786194763609,command_menu,webrtc_ns_very_high,54560.0,partial,вверх
1786194763609,command_menu,webrtc_ns_very_high,54600.0,endpoint,вверх
1786194763609,command_menu,webrtc_ns_very_high,54840.0,partial,печать
1786194763609,command_menu,webrtc_ns_very_high,54880.0,partial,печать
1786194763609,command_menu,webrtc_ns_very_high,54920.0,partial,печать
1786194763609,command_menu,webrtc_ns_very_high,54960.0,partial,печать
1786194763609,command_menu,webrtc_ns_very_high,55000.0,partial,печать
1786194763609,command_menu,webrtc_ns_very_high,55040.0,partial,печать
1786194763609,command_menu,webrtc_ns_very_high,55080.0,partial,вверх
1786194763609,command_menu,webrtc_ns_very_high,55120.0,partial,вверх
1786194763609,command_menu,webrtc_ns_very_high,55160.0,partial,вверх
1786194763609,command_menu,webrtc_ns_very_high,55200.0,partial,вверх
1786194763609,command_menu,webrtc_ns_very_high,55240.0,partial,вверх
1786194763609,command_menu,webrtc_ns_very_high,55280.0,partial,вверх
1786194763609,command_menu,webrtc_ns_very_high,55320.0,partial,вверх
1786194763609,command_menu,webrtc_ns_very_high,55360.0,partial,вверх
1786194763609,command_menu,webrtc_ns_very_high,55400.0,partial,вверх
1786194763609,command_menu,webrtc_ns_very_high,55440.0,partial,вверх
1786194763609,command_menu,webrtc_ns_very_high,55480.0,partial,вверх
1786194763609,command_menu,webrtc_ns_very_high,55520.0,partial,вверх
1786194763609,command_menu,webrtc_ns_very_high,55560.0,partial,вверх
1786194763609,command_menu,webrtc_ns_very_high,55600.0,partial,вверх
1786194763609,command_menu,webrtc_ns_very_high,55640.0,partial,вверх
1786194763609,command_menu,webrtc_ns_very_high,55680.0,partial,вверх
1786194763609,command_menu,webrtc_ns_very_high,55720.0,partial,вверх
1786194763609,command_menu,webrtc_ns_very_high,55760.0,partial,вверх
1786194763609,command_menu,webrtc_ns_very_high,55800.0,endpoint,вверх
1786194763609,command_menu,webrtc_ns_very_high,56040.0,partial,вверх
1786194763609,command_menu,webrtc_ns_very_high,56080.0,partial,вверх
1786194763609,command_menu,webrtc_ns_very_high,56120.0,partial,вверх
1786194763609,command_menu,webrtc_ns_very_high,56160.0,partial,вверх
1786194763609,command_menu,webrtc_ns_very_high,56200.0,partial,вверх
1786194763609,command_menu,webrtc_ns_very_high,56240.0,partial,вверх
1786194763609,command_menu,webrtc_ns_very_high,56280.0,partial,вверх
1786194763609,command_menu,webrtc_ns_very_high,56320.0,partial,вверх
1786194763609,command_menu,webrtc_ns_very_high,56360.0,partial,вверх
1786194763609,command_menu,webrtc_ns_very_high,56400.0,partial,вверх
1786194763609,command_menu,webrtc_ns_very_high,56440.0,partial,вверх
1786194763609,command_menu,webrtc_ns_very_high,56480.0,partial,вверх
1786194763609,command_menu,webrtc_ns_very_high,56520.0,partial,вверх
1786194763609,command_menu,webrtc_ns_very_high,56560.0,partial,вверх
1786194763609,command_menu,webrtc_ns_very_high,56600.0,partial,вверх
1786194763609,command_menu,webrtc_ns_very_high,56640.0,partial,вверх
1786194763609,command_menu,webrtc_ns_very_high,56680.0,partial,вверх
1786194763609,command_menu,webrtc_ns_very_high,56720.0,partial,вверх
1786194763609,command_menu,webrtc_ns_very_high,56760.0,partial,вверх
1786194763609,command_menu,webrtc_ns_very_high,56800.0,partial,вверх
1786194763609,command_menu,webrtc_ns_very_high,56840.0,partial,вверх
1786194763609,command_menu,webrtc_ns_very_high,56880.0,partial,вверх
1786194763609,command_menu,webrtc_ns_very_high,56920.0,partial,вверх
1786194763609,command_menu,webrtc_ns_very_high,56960.0,partial,вверх
1786194763609,command_menu,webrtc_ns_very_high,57000.0,endpoint,вверх
1786194763609,command_menu,webrtc_ns_very_high,58200.0,partial,печать
1786194763609,command_menu,webrtc_ns_very_high,58240.0,partial,печать
1786194763609,command_menu,webrtc_ns_very_high,58280.0,partial,печать
1786194763609,command_menu,webrtc_ns_very_high,58320.0,partial,печать
1786194763609,command_menu,webrtc_ns_very_high,58360.0,partial,печать
1786194763609,command_menu,webrtc_ns_very_high,58400.0,partial,печать
1786194763609,command_menu,webrtc_ns_very_high,58440.0,partial,печать
1786194763609,command_menu,webrtc_ns_very_high,58480.0,partial,печать
1786194763609,command_menu,webrtc_ns_very_high,58520.0,partial,печать
1786194763609,command_menu,webrtc_ns_very_high,58560.0,partial,печать
1786194763609,command_menu,webrtc_ns_very_high,58600.0,partial,печать
1786194763609,command_menu,webrtc_ns_very_high,58640.0,partial,печать
1786194763609,command_menu,webrtc_ns_very_high,58680.0,partial,печать
1786194763609,command_menu,webrtc_ns_very_high,58720.0,partial,печать
1786194763609,command_menu,webrtc_ns_very_high,58760.0,partial,печать
1786194763609,command_menu,webrtc_ns_very_high,58800.0,partial,печать
1786194763609,command_menu,webrtc_ns_very_high,58840.0,partial,печать
1786194763609,command_menu,webrtc_ns_very_high,58880.0,partial,печать
1786194763609,command_menu,webrtc_ns_very_high,58920.0,partial,печать
1786194763609,command_menu,webrtc_ns_very_high,58960.0,partial,печать
1786194763609,command_menu,webrtc_ns_very_high,59000.0,partial,печать
1786194763609,command_menu,webrtc_ns_very_high,59040.0,partial,печать
1786194763609,command_menu,webrtc_ns_very_high,59080.0,partial,печать
1786194763609,command_menu,webrtc_ns_very_high,59120.0,partial,печать
1786194763609,command_menu,webrtc_ns_very_high,59160.0,endpoint,печать
1786194763609,command_menu,webrtc_ns_very_high,60600.0,partial,печать
1786194763609,command_menu,webrtc_ns_very_high,60640.0,partial,печать
1786194763609,command_menu,webrtc_ns_very_high,60680.0,partial,печать
1786194763609,command_menu,webrtc_ns_very_high,60720.0,partial,печать
1786194763609,command_menu,webrtc_ns_very_high,60760.0,partial,печать
1786194763609,command_menu,webrtc_ns_very_high,60800.0,partial,печать
1786194763609,command_menu,webrtc_ns_very_high,65640.0,partial,печать
1786194763609,command_menu,webrtc_ns_very_high,65680.0,partial,печать
1786194763609,command_menu,webrtc_ns_very_high,65720.0,partial,печать
1786194763609,command_menu,webrtc_ns_very_high,65760.0,partial,печать
1786194763609,command_menu,webrtc_ns_very_high,65800.0,partial,печать
1786194763609,command_menu,webrtc_ns_very_high,65840.0,partial,печать
1786194763609,command_menu,webrtc_ns_very_high,65880.0,partial,печать
1786194763609,command_menu,webrtc_ns_very_high,65920.0,partial,печать
1786194763609,command_menu,webrtc_ns_very_high,65960.0,partial,печать
1786194763609,command_menu,webrtc_ns_very_high,66000.0,partial,печать
1786194763609,command_menu,webrtc_ns_very_high,66040.0,partial,печать
1786194763609,command_menu,webrtc_ns_very_high,66080.0,partial,печать
1786194763609,command_menu,webrtc_ns_very_high,66120.0,partial,печать
1786194763609,command_menu,webrtc_ns_very_high,66160.0,partial,печать
1786194763609,command_menu,webrtc_ns_very_high,66200.0,partial,печать
1786194763609,command_menu,webrtc_ns_very_high,66240.0,partial,печать
1786194763609,command_menu,webrtc_ns_very_high,66280.0,partial,печать
1786194763609,command_menu,webrtc_ns_very_high,66320.0,partial,печать
1786194763609,command_menu,webrtc_ns_very_high,66360.0,partial,печать
1786194763609,command_menu,webrtc_ns_very_high,66400.0,partial,печать
1786194763609,command_menu,webrtc_ns_very_high,66440.0,partial,печать
1786194763609,command_menu,webrtc_ns_very_high,66480.0,partial,печать
1786194763609,command_menu,webrtc_ns_very_high,66520.0,partial,печать
1786194763609,command_menu,webrtc_ns_very_high,66560.0,partial,печать
1786194763609,command_menu,webrtc_ns_very_high,66600.0,partial,печать
1786194763609,command_menu,webrtc_ns_very_high,66640.0,partial,печать
1786194763609,command_menu,webrtc_ns_very_high,66680.0,partial,печать
1786194763609,command_menu,webrtc_ns_very_high,66720.0,partial,печать
1786194763609,command_menu,webrtc_ns_very_high,66760.0,partial,печать
1786194763609,command_menu,webrtc_ns_very_high,66800.0,partial,печать
1786194763609,command_menu,webrtc_ns_very_high,66840.0,endpoint,печать
1786194763609,command_menu,webrtc_ns_very_high,70440.0,partial,печать
1786194763609,command_menu,webrtc_ns_very_high,70480.0,partial,печать
1786194763609,command_menu,webrtc_ns_very_high,70520.0,partial,печать
1786194763609,command_menu,webrtc_ns_very_high,70560.0,partial,печать
1786194763609,command_menu,webrtc_ns_very_high,70600.0,partial,печать
1786194763609,command_menu,webrtc_ns_very_high,70640.0,partial,печать
1786194763609,command_menu,webrtc_ns_very_high,70680.0,partial,печать
1786194763609,command_menu,webrtc_ns_very_high,70720.0,partial,печать
1786194763609,command_menu,webrtc_ns_very_high,70760.0,partial,печать
1786194763609,command_menu,webrtc_ns_very_high,70800.0,partial,печать
1786194763609,command_menu,webrtc_ns_very_high,70840.0,partial,печать
1786194763609,command_menu,webrtc_ns_very_high,70880.0,partial,печать
1786194763609,command_menu,webrtc_ns_very_high,70920.0,partial,печать
1786194763609,command_menu,webrtc_ns_very_high,70960.0,partial,печать
1786194763609,command_menu,webrtc_ns_very_high,71000.0,partial,печать
1786194763609,command_menu,webrtc_ns_very_high,71040.0,partial,печать
1786194763609,command_menu,webrtc_ns_very_high,71080.0,partial,печать
1786194763609,command_menu,webrtc_ns_very_high,71120.0,partial,печать
1786194763609,command_menu,webrtc_ns_very_high,71160.0,partial,печать
1786194763609,command_menu,webrtc_ns_very_high,71200.0,partial,печать
1786194763609,command_menu,webrtc_ns_very_high,71240.0,partial,печать
1786194763609,command_menu,webrtc_ns_very_high,71280.0,partial,печать
1786194763609,command_menu,webrtc_ns_very_high,71320.0,partial,печать
1786194763609,command_menu,webrtc_ns_very_high,71360.0,partial,печать
1786194763609,command_menu,webrtc_ns_very_high,71400.0,endpoint,печать
1786194763609,command_menu,webrtc_ns_very_high,73080.0,partial,доступность
1786194763609,command_menu,webrtc_ns_very_high,73120.0,partial,доступность
1786194763609,command_menu,webrtc_ns_very_high,73160.0,partial,доступность
1786194763609,command_menu,webrtc_ns_very_high,73200.0,partial,доступность
1786194763609,command_menu,webrtc_ns_very_high,73240.0,partial,доступность
1786194763609,command_menu,webrtc_ns_very_high,73280.0,partial,доступность
1786194763609,command_menu,webrtc_ns_very_high,73320.0,partial,доступность
1786194763609,command_menu,webrtc_ns_very_high,73360.0,partial,доступность
1786194763609,command_menu,webrtc_ns_very_high,73400.0,partial,доступность
1786194763609,command_menu,webrtc_ns_very_high,73440.0,partial,доступность
1786194763609,command_menu,webrtc_ns_very_high,73480.0,partial,доступность
1786194763609,command_menu,webrtc_ns_very_high,73520.0,partial,доступность
1786194763609,command_menu,webrtc_ns_very_high,73560.0,partial,доступность
1786194763609,command_menu,webrtc_ns_very_high,73600.0,partial,доступность
1786194763609,command_menu,webrtc_ns_very_high,73640.0,partial,доступность
1786194763609,command_menu,webrtc_ns_very_high,73680.0,partial,доступность
1786194763609,command_menu,webrtc_ns_very_high,73720.0,partial,доступность
1786194763609,command_menu,webrtc_ns_very_high,73760.0,partial,доступность
1786194763609,command_menu,webrtc_ns_very_high,73800.0,partial,доступность
1786194763609,command_menu,webrtc_ns_very_high,73840.0,partial,доступность
1786194763609,command_menu,webrtc_ns_very_high,73880.0,partial,доступность
1786194763609,command_menu,webrtc_ns_very_high,73920.0,partial,доступность
1786194763609,command_menu,webrtc_ns_very_high,73960.0,partial,доступность
1786194763609,command_menu,webrtc_ns_very_high,74000.0,partial,доступность
1786194763609,command_menu,webrtc_ns_very_high,74040.0,endpoint,доступность
1786194763609,command_menu,webrtc_ns_very_high,81720.0,partial,доступность
1786194763609,command_menu,webrtc_ns_very_high,81760.0,partial,доступность
1786194763609,command_menu,webrtc_ns_very_high,81800.0,partial,доступность
1786194763609,command_menu,webrtc_ns_very_high,81840.0,partial,доступность
1786194763609,command_menu,webrtc_ns_very_high,81880.0,partial,доступность
1786194763609,command_menu,webrtc_ns_very_high,81920.0,partial,доступность
1786194763609,command_menu,webrtc_ns_very_high,81960.0,partial,доступность
1786194763609,command_menu,webrtc_ns_very_high,82000.0,partial,доступность
1786194763609,command_menu,webrtc_ns_very_high,82040.0,partial,доступность
1786194763609,command_menu,webrtc_ns_very_high,82080.0,partial,доступность
1786194763609,command_menu,webrtc_ns_very_high,82120.0,partial,доступность
1786194763609,command_menu,webrtc_ns_very_high,82160.0,partial,доступность
1786194763609,command_menu,webrtc_ns_very_high,82200.0,partial,вниз
1786194763609,command_menu,webrtc_ns_very_high,82240.0,partial,вниз
1786194763609,command_menu,webrtc_ns_very_high,82280.0,partial,вниз
1786194763609,command_menu,webrtc_ns_very_high,82320.0,partial,вниз
1786194763609,command_menu,webrtc_ns_very_high,82360.0,partial,вниз
1786194763609,command_menu,webrtc_ns_very_high,82400.0,partial,вниз
1786194763609,command_menu,webrtc_ns_very_high,82440.0,endpoint,вниз
1786194763609,command_menu,webrtc_ns_very_high,89160.0,partial,доступность
1786194763609,command_menu,webrtc_ns_very_high,89200.0,partial,доступность
1786194763609,command_menu,webrtc_ns_very_high,89240.0,partial,доступность
1786194763609,command_menu,webrtc_ns_very_high,89280.0,partial,доступность
1786194763609,command_menu,webrtc_ns_very_high,89320.0,partial,доступность
1786194763609,command_menu,webrtc_ns_very_high,89360.0,partial,доступность
1786194763609,command_menu,webrtc_ns_very_high,89400.0,partial,доступность
1786194763609,command_menu,webrtc_ns_very_high,89440.0,partial,доступность
1786194763609,command_menu,webrtc_ns_very_high,89480.0,partial,доступность
1786194763609,command_menu,webrtc_ns_very_high,89520.0,partial,доступность
1786194763609,command_menu,webrtc_ns_very_high,89560.0,partial,доступность
1786194763609,command_menu,webrtc_ns_very_high,89600.0,partial,доступность
1786194763609,command_menu,webrtc_ns_very_high,89640.0,partial,вниз
1786194763609,command_menu,webrtc_ns_very_high,89680.0,partial,вниз
1786194763609,command_menu,webrtc_ns_very_high,89720.0,partial,вниз
1786194763609,command_menu,webrtc_ns_very_high,89760.0,partial,вниз
1786194763609,command_menu,webrtc_ns_very_high,89800.0,partial,вниз
1786194763609,command_menu,webrtc_ns_very_high,89840.0,partial,вниз
1786194763609,command_menu,webrtc_ns_very_high,89880.0,endpoint,вниз
1786194763609,command_menu,webrtc_ns_very_high,94680.0,partial,печать
1786194763609,command_menu,webrtc_ns_very_high,94720.0,partial,печать
1786194763609,command_menu,webrtc_ns_very_high,94760.0,partial,печать
1786194763609,command_menu,webrtc_ns_very_high,94800.0,partial,печать
1786194763609,command_menu,webrtc_ns_very_high,94840.0,partial,печать
1786194763609,command_menu,webrtc_ns_very_high,94880.0,partial,печать
1786194763609,command_menu,webrtc_ns_very_high,110520.0,partial,доступность
1786194763609,command_menu,webrtc_ns_very_high,110560.0,partial,доступность
1786194763609,command_menu,webrtc_ns_very_high,110600.0,partial,доступность
1786194763609,command_menu,webrtc_ns_very_high,110640.0,partial,доступность
1786194763609,command_menu,webrtc_ns_very_high,110680.0,partial,доступность
1786194763609,command_menu,webrtc_ns_very_high,110720.0,partial,доступность
1786194763609,command_menu,webrtc_ns_very_high,110760.0,partial,доступность
1786194763609,command_menu,webrtc_ns_very_high,110800.0,partial,доступность
1786194763609,command_menu,webrtc_ns_very_high,110840.0,partial,доступность
1786194763609,command_menu,webrtc_ns_very_high,110880.0,partial,доступность
1786194763609,command_menu,webrtc_ns_very_high,110920.0,partial,доступность
1786194763609,command_menu,webrtc_ns_very_high,110960.0,partial,доступность
1786194763609,command_menu,webrtc_ns_very_high,111000.0,partial,доступность
1786194763609,command_menu,webrtc_ns_very_high,111040.0,partial,доступность
1786194763609,command_menu,webrtc_ns_very_high,111080.0,partial,доступность
1786194763609,command_menu,webrtc_ns_very_high,111120.0,partial,доступность
1786194763609,command_menu,webrtc_ns_very_high,111160.0,partial,доступность
1786194763609,command_menu,webrtc_ns_very_high,111200.0,partial,доступность
1786194763609,command_menu,webrtc_ns_very_high,111240.0,partial,доступность
1786194763609,command_menu,webrtc_ns_very_high,111280.0,partial,доступность
1786194763609,command_menu,webrtc_ns_very_high,111320.0,partial,доступность
1786194763609,command_menu,webrtc_ns_very_high,111360.0,partial,доступность
1786194763609,command_menu,webrtc_ns_very_high,111400.0,partial,доступность
1786194763609,command_menu,webrtc_ns_very_high,111440.0,partial,доступность
1786194763609,command_menu,webrtc_ns_very_high,111480.0,endpoint,доступность
1786194763609,command_menu,webrtc_ns_very_high,155640.0,partial,печать
1786194763609,command_menu,webrtc_ns_very_high,155680.0,partial,печать
1786194763609,command_menu,webrtc_ns_very_high,155720.0,partial,печать
1786194763609,command_menu,webrtc_ns_very_high,155760.0,partial,печать
1786194763609,command_menu,webrtc_ns_very_high,155800.0,partial,печать
1786194763609,command_menu,webrtc_ns_very_high,155840.0,partial,печать
1786194763609,free_text,webrtc_ns_very_high,10440.0,partial,вниз
1786194763609,free_text,webrtc_ns_very_high,10480.0,partial,вниз
1786194763609,free_text,webrtc_ns_very_high,10520.0,partial,вниз
1786194763609,free_text,webrtc_ns_very_high,10560.0,partial,вниз
1786194763609,free_text,webrtc_ns_very_high,10600.0,partial,вниз
1786194763609,free_text,webrtc_ns_very_high,10640.0,partial,вниз
1786194763609,free_text,webrtc_ns_very_high,10680.0,partial,вниз
1786194763609,free_text,webrtc_ns_very_high,10720.0,partial,вниз
1786194763609,free_text,webrtc_ns_very_high,10760.0,partial,вниз
1786194763609,free_text,webrtc_ns_very_high,10800.0,partial,вниз
1786194763609,free_text,webrtc_ns_very_high,10840.0,partial,вниз
1786194763609,free_text,webrtc_ns_very_high,10880.0,partial,вниз
1786194763609,free_text,webrtc_ns_very_high,10920.0,partial,вниз
1786194763609,free_text,webrtc_ns_very_high,10960.0,partial,вниз
1786194763609,free_text,webrtc_ns_very_high,11000.0,partial,вниз
1786194763609,free_text,webrtc_ns_very_high,11040.0,partial,вниз
1786194763609,free_text,webrtc_ns_very_high,11080.0,partial,вниз
1786194763609,free_text,webrtc_ns_very_high,11120.0,partial,вниз
1786194763609,free_text,webrtc_ns_very_high,11160.0,endpoint,вниз
1786194763609,free_text,webrtc_ns_very_high,16200.0,partial,вверх
1786194763609,free_text,webrtc_ns_very_high,16240.0,partial,вверх
1786194763609,free_text,webrtc_ns_very_high,16280.0,partial,вверх
1786194763609,free_text,webrtc_ns_very_high,16320.0,partial,вверх
1786194763609,free_text,webrtc_ns_very_high,16360.0,partial,вверх
1786194763609,free_text,webrtc_ns_very_high,16400.0,partial,вверх
1786194763609,free_text,webrtc_ns_very_high,16440.0,partial,вверх
1786194763609,free_text,webrtc_ns_very_high,16480.0,partial,вверх
1786194763609,free_text,webrtc_ns_very_high,16520.0,partial,вверх
1786194763609,free_text,webrtc_ns_very_high,16560.0,partial,вверх
1786194763609,free_text,webrtc_ns_very_high,16600.0,partial,вверх
1786194763609,free_text,webrtc_ns_very_high,16640.0,partial,вверх
1786194763609,free_text,webrtc_ns_very_high,16680.0,endpoint,вверх
1786194763609,free_text,webrtc_ns_very_high,18360.0,partial,вверх
1786194763609,free_text,webrtc_ns_very_high,18400.0,partial,вверх
1786194763609,free_text,webrtc_ns_very_high,18440.0,partial,вверх
1786194763609,free_text,webrtc_ns_very_high,18480.0,partial,вверх
1786194763609,free_text,webrtc_ns_very_high,18520.0,partial,вверх
1786194763609,free_text,webrtc_ns_very_high,18560.0,partial,вверх
1786194763609,free_text,webrtc_ns_very_high,18600.0,partial,вверх
1786194763609,free_text,webrtc_ns_very_high,18640.0,partial,вверх
1786194763609,free_text,webrtc_ns_very_high,18680.0,partial,вверх
1786194763609,free_text,webrtc_ns_very_high,18720.0,partial,вверх
1786194763609,free_text,webrtc_ns_very_high,18760.0,partial,вверх
1786194763609,free_text,webrtc_ns_very_high,18800.0,partial,вверх
1786194763609,free_text,webrtc_ns_very_high,18840.0,partial,вверх
1786194763609,free_text,webrtc_ns_very_high,18880.0,partial,вверх
1786194763609,free_text,webrtc_ns_very_high,18920.0,partial,вверх
1786194763609,free_text,webrtc_ns_very_high,18960.0,partial,вверх
1786194763609,free_text,webrtc_ns_very_high,19000.0,partial,вверх
1786194763609,free_text,webrtc_ns_very_high,19040.0,partial,вверх
1786194763609,free_text,webrtc_ns_very_high,19080.0,endpoint,вверх
1786194763609,free_text,webrtc_ns_very_high,25320.0,partial,вниз
1786194763609,free_text,webrtc_ns_very_high,25360.0,partial,вниз
1786194763609,free_text,webrtc_ns_very_high,25400.0,partial,вниз
1786194763609,free_text,webrtc_ns_very_high,25440.0,partial,вниз
1786194763609,free_text,webrtc_ns_very_high,25480.0,partial,вниз
1786194763609,free_text,webrtc_ns_very_high,25520.0,partial,вниз
1786194763609,free_text,webrtc_ns_very_high,25560.0,partial,вниз
1786194763609,free_text,webrtc_ns_very_high,25600.0,partial,вниз
1786194763609,free_text,webrtc_ns_very_high,25640.0,partial,вниз
1786194763609,free_text,webrtc_ns_very_high,25680.0,partial,вниз
1786194763609,free_text,webrtc_ns_very_high,25720.0,partial,вниз
1786194763609,free_text,webrtc_ns_very_high,25760.0,partial,вниз
1786194763609,free_text,webrtc_ns_very_high,25800.0,partial,вниз
1786194763609,free_text,webrtc_ns_very_high,25840.0,partial,вниз
1786194763609,free_text,webrtc_ns_very_high,25880.0,partial,вниз
1786194763609,free_text,webrtc_ns_very_high,25920.0,partial,вниз
1786194763609,free_text,webrtc_ns_very_high,25960.0,partial,вниз
1786194763609,free_text,webrtc_ns_very_high,26000.0,partial,вниз
1786194763609,free_text,webrtc_ns_very_high,26040.0,endpoint,вниз
1786194763609,free_text,webrtc_ns_very_high,27240.0,endpoint,вниз
1786194763609,free_text,webrtc_ns_very_high,48120.0,partial,вверх
1786194763609,free_text,webrtc_ns_very_high,48160.0,partial,вверх
1786194763609,free_text,webrtc_ns_very_high,48200.0,partial,вверх
1786194763609,free_text,webrtc_ns_very_high,48240.0,partial,вверх
1786194763609,free_text,webrtc_ns_very_high,48280.0,partial,вверх
1786194763609,free_text,webrtc_ns_very_high,48320.0,partial,вверх
1786194763609,free_text,webrtc_ns_very_high,48360.0,partial,вверх
1786194763609,free_text,webrtc_ns_very_high,48400.0,partial,вверх
1786194763609,free_text,webrtc_ns_very_high,48440.0,partial,вверх
1786194763609,free_text,webrtc_ns_very_high,48480.0,partial,вверх
1786194763609,free_text,webrtc_ns_very_high,48520.0,partial,вверх
1786194763609,free_text,webrtc_ns_very_high,48560.0,partial,вверх
1786194763609,free_text,webrtc_ns_very_high,48600.0,partial,вверх
1786194763609,free_text,webrtc_ns_very_high,48640.0,partial,вверх
1786194763609,free_text,webrtc_ns_very_high,48680.0,partial,вверх
1786194763609,free_text,webrtc_ns_very_high,48720.0,partial,вверх
1786194763609,free_text,webrtc_ns_very_high,48760.0,partial,вверх
1786194763609,free_text,webrtc_ns_very_high,48800.0,partial,вверх
1786194763609,free_text,webrtc_ns_very_high,48840.0,partial,вверх вверх
1786194763609,free_text,webrtc_ns_very_high,48880.0,partial,вверх вверх
1786194763609,free_text,webrtc_ns_very_high,48920.0,partial,вверх вверх
1786194763609,free_text,webrtc_ns_very_high,48960.0,partial,вверх вверх
1786194763609,free_text,webrtc_ns_very_high,49000.0,partial,вверх вверх
1786194763609,free_text,webrtc_ns_very_high,49040.0,partial,вверх вверх
1786194763609,free_text,webrtc_ns_very_high,49080.0,partial,вверх вверх
1786194763609,free_text,webrtc_ns_very_high,49120.0,partial,вверх вверх
1786194763609,free_text,webrtc_ns_very_high,49160.0,partial,вверх вверх
1786194763609,free_text,webrtc_ns_very_high,49200.0,partial,вверх вверх
1786194763609,free_text,webrtc_ns_very_high,49240.0,partial,вверх вверх
1786194763609,free_text,webrtc_ns_very_high,49280.0,partial,вверх вверх
1786194763609,free_text,webrtc_ns_very_high,49320.0,partial,вверх вверх
1786194763609,free_text,webrtc_ns_very_high,49360.0,partial,вверх вверх
1786194763609,free_text,webrtc_ns_very_high,49400.0,partial,вверх вверх
1786194763609,free_text,webrtc_ns_very_high,49440.0,partial,вверх вверх
1786194763609,free_text,webrtc_ns_very_high,49480.0,partial,вверх вверх
1786194763609,free_text,webrtc_ns_very_high,49520.0,partial,вверх вверх
1786194763609,free_text,webrtc_ns_very_high,49560.0,endpoint,вверх вверх
1786194763609,free_text,webrtc_ns_very_high,50520.0,partial,вниз
1786194763609,free_text,webrtc_ns_very_high,50560.0,partial,вниз
1786194763609,free_text,webrtc_ns_very_high,50600.0,partial,вниз
1786194763609,free_text,webrtc_ns_very_high,50640.0,partial,вниз
1786194763609,free_text,webrtc_ns_very_high,50680.0,partial,вниз
1786194763609,free_text,webrtc_ns_very_high,50720.0,partial,вниз
1786194763609,free_text,webrtc_ns_very_high,50760.0,partial,вниз
1786194763609,free_text,webrtc_ns_very_high,50800.0,partial,вниз
1786194763609,free_text,webrtc_ns_very_high,50840.0,partial,вниз
1786194763609,free_text,webrtc_ns_very_high,50880.0,partial,вниз
1786194763609,free_text,webrtc_ns_very_high,50920.0,partial,вниз
1786194763609,free_text,webrtc_ns_very_high,50960.0,partial,вниз
1786194763609,free_text,webrtc_ns_very_high,51000.0,partial,вниз
1786194763609,free_text,webrtc_ns_very_high,51040.0,partial,вниз
1786194763609,free_text,webrtc_ns_very_high,51080.0,partial,вниз
1786194763609,free_text,webrtc_ns_very_high,51120.0,partial,вниз
1786194763609,free_text,webrtc_ns_very_high,51160.0,partial,вниз
1786194763609,free_text,webrtc_ns_very_high,51200.0,partial,вниз
1786194763609,free_text,webrtc_ns_very_high,51240.0,partial,вниз в
1786194763609,free_text,webrtc_ns_very_high,51280.0,partial,вниз в
1786194763609,free_text,webrtc_ns_very_high,51320.0,partial,вниз в
1786194763609,free_text,webrtc_ns_very_high,51360.0,partial,вниз в
1786194763609,free_text,webrtc_ns_very_high,51400.0,partial,вниз в
1786194763609,free_text,webrtc_ns_very_high,51440.0,partial,вниз в
1786194763609,free_text,webrtc_ns_very_high,51480.0,partial,вниз вниз
1786194763609,free_text,webrtc_ns_very_high,51520.0,partial,вниз вниз
1786194763609,free_text,webrtc_ns_very_high,51560.0,partial,вниз вниз
1786194763609,free_text,webrtc_ns_very_high,51600.0,partial,вниз вниз
1786194763609,free_text,webrtc_ns_very_high,51640.0,partial,вниз вниз
1786194763609,free_text,webrtc_ns_very_high,51680.0,partial,вниз вниз
1786194763609,free_text,webrtc_ns_very_high,51720.0,partial,вниз вниз
1786194763609,free_text,webrtc_ns_very_high,51760.0,partial,вниз вниз
1786194763609,free_text,webrtc_ns_very_high,51800.0,partial,вниз вниз
1786194763609,free_text,webrtc_ns_very_high,51840.0,partial,вниз вниз
1786194763609,free_text,webrtc_ns_very_high,51880.0,partial,вниз вниз
1786194763609,free_text,webrtc_ns_very_high,51920.0,partial,вниз вниз
1786194763609,free_text,webrtc_ns_very_high,51960.0,partial,вниз вниз
1786194763609,free_text,webrtc_ns_very_high,52000.0,partial,вниз вниз
1786194763609,free_text,webrtc_ns_very_high,52040.0,partial,вниз вниз
1786194763609,free_text,webrtc_ns_very_high,52080.0,partial,вниз вниз
1786194763609,free_text,webrtc_ns_very_high,52120.0,partial,вниз вниз
1786194763609,free_text,webrtc_ns_very_high,52160.0,partial,вниз вниз
1786194763609,free_text,webrtc_ns_very_high,52200.0,endpoint,вниз вниз
1786194763609,free_text,webrtc_ns_very_high,52920.0,partial,вниз
1786194763609,free_text,webrtc_ns_very_high,52960.0,partial,вниз
1786194763609,free_text,webrtc_ns_very_high,53000.0,partial,вниз
1786194763609,free_text,webrtc_ns_very_high,53040.0,partial,вниз
1786194763609,free_text,webrtc_ns_very_high,53080.0,partial,вниз
1786194763609,free_text,webrtc_ns_very_high,53120.0,partial,вниз
1786194763609,free_text,webrtc_ns_very_high,53160.0,partial,вниз
1786194763609,free_text,webrtc_ns_very_high,53200.0,partial,вниз
1786194763609,free_text,webrtc_ns_very_high,53240.0,partial,вниз
1786194763609,free_text,webrtc_ns_very_high,53280.0,partial,вниз
1786194763609,free_text,webrtc_ns_very_high,53320.0,partial,вниз
1786194763609,free_text,webrtc_ns_very_high,53360.0,partial,вниз
1786194763609,free_text,webrtc_ns_very_high,53400.0,endpoint,вниз
1786194763609,free_text,webrtc_ns_very_high,56520.0,partial,вверх
1786194763609,free_text,webrtc_ns_very_high,56560.0,partial,вверх
1786194763609,free_text,webrtc_ns_very_high,56600.0,partial,вверх
1786194763609,free_text,webrtc_ns_very_high,56640.0,partial,вверх
1786194763609,free_text,webrtc_ns_very_high,56680.0,partial,вверх
1786194763609,free_text,webrtc_ns_very_high,56720.0,partial,вверх
1786194763609,free_text,webrtc_ns_very_high,56760.0,partial,вверх
1786194763609,free_text,webrtc_ns_very_high,56800.0,partial,вверх
1786194763609,free_text,webrtc_ns_very_high,56840.0,partial,вверх
1786194763609,free_text,webrtc_ns_very_high,56880.0,partial,вверх
1786194763609,free_text,webrtc_ns_very_high,56920.0,partial,вверх
1786194763609,free_text,webrtc_ns_very_high,56960.0,partial,вверх
1786194763609,free_text,webrtc_ns_very_high,57000.0,endpoint,вверх
1786194763609,free_text,webrtc_ns_very_high,58680.0,partial,печать
1786194763609,free_text,webrtc_ns_very_high,58720.0,partial,печать
1786194763609,free_text,webrtc_ns_very_high,58760.0,partial,печать
1786194763609,free_text,webrtc_ns_very_high,58800.0,partial,печать
1786194763609,free_text,webrtc_ns_very_high,58840.0,partial,печать
1786194763609,free_text,webrtc_ns_very_high,58880.0,partial,печать
1786194763609,free_text,webrtc_ns_very_high,58920.0,partial,печать
1786194763609,free_text,webrtc_ns_very_high,58960.0,partial,печать
1786194763609,free_text,webrtc_ns_very_high,59000.0,partial,печать
1786194763609,free_text,webrtc_ns_very_high,59040.0,partial,печать
1786194763609,free_text,webrtc_ns_very_high,59080.0,partial,печать
1786194763609,free_text,webrtc_ns_very_high,59120.0,partial,печать
1786194763609,free_text,webrtc_ns_very_high,59160.0,partial,печать
1786194763609,free_text,webrtc_ns_very_high,59200.0,partial,печать
1786194763609,free_text,webrtc_ns_very_high,59240.0,partial,печать
1786194763609,free_text,webrtc_ns_very_high,59280.0,partial,печать
1786194763609,free_text,webrtc_ns_very_high,59320.0,partial,печать
1786194763609,free_text,webrtc_ns_very_high,59360.0,partial,печать
1786194763609,free_text,webrtc_ns_very_high,59400.0,partial,печать
1786194763609,free_text,webrtc_ns_very_high,59440.0,partial,печать
1786194763609,free_text,webrtc_ns_very_high,59480.0,partial,печать
1786194763609,free_text,webrtc_ns_very_high,59520.0,partial,печать
1786194763609,free_text,webrtc_ns_very_high,59560.0,partial,печать
1786194763609,free_text,webrtc_ns_very_high,59600.0,partial,печать
1786194763609,free_text,webrtc_ns_very_high,59640.0,endpoint,печать
1786194763609,free_text,webrtc_ns_very_high,61080.0,partial,белый
1786194763609,free_text,webrtc_ns_very_high,61120.0,partial,белый
1786194763609,free_text,webrtc_ns_very_high,61160.0,partial,белый
1786194763609,free_text,webrtc_ns_very_high,61200.0,partial,белый
1786194763609,free_text,webrtc_ns_very_high,61240.0,partial,белый
1786194763609,free_text,webrtc_ns_very_high,61280.0,partial,белый
1786194763609,free_text,webrtc_ns_very_high,61320.0,partial,белый
1786194763609,free_text,webrtc_ns_very_high,61360.0,partial,белый
1786194763609,free_text,webrtc_ns_very_high,61400.0,partial,белый
1786194763609,free_text,webrtc_ns_very_high,61440.0,partial,белый
1786194763609,free_text,webrtc_ns_very_high,61480.0,partial,белый
1786194763609,free_text,webrtc_ns_very_high,61520.0,partial,белый
1786194763609,free_text,webrtc_ns_very_high,61560.0,partial,белый
1786194763609,free_text,webrtc_ns_very_high,61600.0,partial,белый
1786194763609,free_text,webrtc_ns_very_high,61640.0,partial,белый
1786194763609,free_text,webrtc_ns_very_high,61680.0,partial,белый
1786194763609,free_text,webrtc_ns_very_high,61720.0,partial,белый
1786194763609,free_text,webrtc_ns_very_high,61760.0,partial,белый
1786194763609,free_text,webrtc_ns_very_high,61800.0,partial,белый
1786194763609,free_text,webrtc_ns_very_high,61840.0,partial,белый
1786194763609,free_text,webrtc_ns_very_high,61880.0,partial,белый
1786194763609,free_text,webrtc_ns_very_high,61920.0,partial,белый
1786194763609,free_text,webrtc_ns_very_high,61960.0,partial,белый
1786194763609,free_text,webrtc_ns_very_high,62000.0,partial,белый
1786194763609,free_text,webrtc_ns_very_high,62040.0,partial,белый
1786194763609,free_text,webrtc_ns_very_high,62080.0,partial,белый
1786194763609,free_text,webrtc_ns_very_high,62120.0,partial,белый
1786194763609,free_text,webrtc_ns_very_high,62160.0,partial,белый
1786194763609,free_text,webrtc_ns_very_high,62200.0,partial,белый
1786194763609,free_text,webrtc_ns_very_high,62240.0,partial,белый
1786194763609,free_text,webrtc_ns_very_high,62280.0,endpoint,белый
1786194763609,free_text,webrtc_ns_very_high,63480.0,partial,назад
1786194763609,free_text,webrtc_ns_very_high,63520.0,partial,назад
1786194763609,free_text,webrtc_ns_very_high,63560.0,partial,назад
1786194763609,free_text,webrtc_ns_very_high,63600.0,partial,назад
1786194763609,free_text,webrtc_ns_very_high,63640.0,partial,назад
1786194763609,free_text,webrtc_ns_very_high,63680.0,partial,назад
1786194763609,free_text,webrtc_ns_very_high,63720.0,partial,назад
1786194763609,free_text,webrtc_ns_very_high,63760.0,partial,назад
1786194763609,free_text,webrtc_ns_very_high,63800.0,partial,назад
1786194763609,free_text,webrtc_ns_very_high,63840.0,partial,назад
1786194763609,free_text,webrtc_ns_very_high,63880.0,partial,назад
1786194763609,free_text,webrtc_ns_very_high,63920.0,partial,назад
1786194763609,free_text,webrtc_ns_very_high,63960.0,endpoint,назад
1786194763609,free_text,webrtc_ns_very_high,66120.0,partial,же печать
1786194763609,free_text,webrtc_ns_very_high,66160.0,partial,же печать
1786194763609,free_text,webrtc_ns_very_high,66200.0,partial,же печать
1786194763609,free_text,webrtc_ns_very_high,66240.0,partial,же печать
1786194763609,free_text,webrtc_ns_very_high,66280.0,partial,же печать
1786194763609,free_text,webrtc_ns_very_high,66320.0,partial,же печать
1786194763609,free_text,webrtc_ns_very_high,66360.0,partial,же печать
1786194763609,free_text,webrtc_ns_very_high,66400.0,partial,же печать
1786194763609,free_text,webrtc_ns_very_high,66440.0,partial,же печать
1786194763609,free_text,webrtc_ns_very_high,66480.0,partial,же печать
1786194763609,free_text,webrtc_ns_very_high,66520.0,partial,же печать
1786194763609,free_text,webrtc_ns_very_high,66560.0,partial,же печать
1786194763609,free_text,webrtc_ns_very_high,66600.0,partial,же печать
1786194763609,free_text,webrtc_ns_very_high,66640.0,partial,же печать
1786194763609,free_text,webrtc_ns_very_high,66680.0,partial,же печать
1786194763609,free_text,webrtc_ns_very_high,66720.0,partial,же печать
1786194763609,free_text,webrtc_ns_very_high,66760.0,partial,же печать
1786194763609,free_text,webrtc_ns_very_high,66800.0,partial,же печать
1786194763609,free_text,webrtc_ns_very_high,66840.0,partial,же печать
1786194763609,free_text,webrtc_ns_very_high,66880.0,partial,же печать
1786194763609,free_text,webrtc_ns_very_high,66920.0,partial,же печать
1786194763609,free_text,webrtc_ns_very_high,66960.0,partial,же печать
1786194763609,free_text,webrtc_ns_very_high,67000.0,partial,же печать
1786194763609,free_text,webrtc_ns_very_high,67040.0,partial,же печать
1786194763609,free_text,webrtc_ns_very_high,67080.0,partial,же печать
1786194763609,free_text,webrtc_ns_very_high,67120.0,partial,же печать
1786194763609,free_text,webrtc_ns_very_high,67160.0,partial,же печать
1786194763609,free_text,webrtc_ns_very_high,67200.0,partial,же печать
1786194763609,free_text,webrtc_ns_very_high,67240.0,partial,же печать
1786194763609,free_text,webrtc_ns_very_high,67280.0,partial,же печать
1786194763609,free_text,webrtc_ns_very_high,67320.0,endpoint,же печать
1786194763609,free_text,webrtc_ns_very_high,70920.0,partial,печать
1786194763609,free_text,webrtc_ns_very_high,70960.0,partial,печать
1786194763609,free_text,webrtc_ns_very_high,71000.0,partial,печать
1786194763609,free_text,webrtc_ns_very_high,71040.0,partial,печать
1786194763609,free_text,webrtc_ns_very_high,71080.0,partial,печать
1786194763609,free_text,webrtc_ns_very_high,71120.0,partial,печать
1786194763609,free_text,webrtc_ns_very_high,71160.0,partial,печать
1786194763609,free_text,webrtc_ns_very_high,71200.0,partial,печать
1786194763609,free_text,webrtc_ns_very_high,71240.0,partial,печать
1786194763609,free_text,webrtc_ns_very_high,71280.0,partial,печать
1786194763609,free_text,webrtc_ns_very_high,71320.0,partial,печать
1786194763609,free_text,webrtc_ns_very_high,71360.0,partial,печать
1786194763609,free_text,webrtc_ns_very_high,71400.0,partial,печать
1786194763609,free_text,webrtc_ns_very_high,71440.0,partial,печать
1786194763609,free_text,webrtc_ns_very_high,71480.0,partial,печать
1786194763609,free_text,webrtc_ns_very_high,71520.0,partial,печать
1786194763609,free_text,webrtc_ns_very_high,71560.0,partial,печать
1786194763609,free_text,webrtc_ns_very_high,71600.0,partial,печать
1786194763609,free_text,webrtc_ns_very_high,71640.0,partial,печать
1786194763609,free_text,webrtc_ns_very_high,71680.0,partial,печать
1786194763609,free_text,webrtc_ns_very_high,71720.0,partial,печать
1786194763609,free_text,webrtc_ns_very_high,71760.0,partial,печать
1786194763609,free_text,webrtc_ns_very_high,71800.0,partial,печать
1786194763609,free_text,webrtc_ns_very_high,71840.0,partial,печать
1786194763609,free_text,webrtc_ns_very_high,71880.0,endpoint,печать
1786194763609,free_text,webrtc_ns_very_high,73320.0,partial,жёлтые
1786194763609,free_text,webrtc_ns_very_high,73360.0,partial,жёлтые
1786194763609,free_text,webrtc_ns_very_high,73400.0,partial,жёлтые
1786194763609,free_text,webrtc_ns_very_high,73440.0,partial,жёлтые
1786194763609,free_text,webrtc_ns_very_high,73480.0,partial,жёлтые
1786194763609,free_text,webrtc_ns_very_high,73520.0,partial,жёлтые
1786194763609,free_text,webrtc_ns_very_high,73560.0,partial,жёлтой
1786194763609,free_text,webrtc_ns_very_high,73600.0,partial,жёлтой
1786194763609,free_text,webrtc_ns_very_high,73640.0,partial,жёлтой
1786194763609,free_text,webrtc_ns_very_high,73680.0,partial,жёлтой
1786194763609,free_text,webrtc_ns_very_high,73720.0,partial,жёлтой
1786194763609,free_text,webrtc_ns_very_high,73760.0,partial,жёлтой
1786194763609,free_text,webrtc_ns_very_high,73800.0,partial,жёлтой
1786194763609,free_text,webrtc_ns_very_high,73840.0,partial,жёлтой
1786194763609,free_text,webrtc_ns_very_high,73880.0,partial,жёлтой
1786194763609,free_text,webrtc_ns_very_high,73920.0,partial,жёлтой
1786194763609,free_text,webrtc_ns_very_high,73960.0,partial,жёлтой
1786194763609,free_text,webrtc_ns_very_high,74000.0,partial,жёлтой
1786194763609,free_text,webrtc_ns_very_high,74040.0,partial,жёлтой
1786194763609,free_text,webrtc_ns_very_high,74080.0,partial,жёлтой
1786194763609,free_text,webrtc_ns_very_high,74120.0,partial,жёлтой
1786194763609,free_text,webrtc_ns_very_high,74160.0,partial,жёлтой
1786194763609,free_text,webrtc_ns_very_high,74200.0,partial,жёлтой
1786194763609,free_text,webrtc_ns_very_high,74240.0,partial,жёлтой
1786194763609,free_text,webrtc_ns_very_high,74280.0,partial,жёлтой
1786194763609,free_text,webrtc_ns_very_high,74320.0,partial,жёлтой
1786194763609,free_text,webrtc_ns_very_high,74360.0,partial,жёлтой
1786194763609,free_text,webrtc_ns_very_high,74400.0,partial,жёлтой
1786194763609,free_text,webrtc_ns_very_high,74440.0,partial,жёлтой
1786194763609,free_text,webrtc_ns_very_high,74480.0,partial,жёлтой
1786194763609,free_text,webrtc_ns_very_high,74520.0,endpoint,жёлтой
1786194763609,free_text,webrtc_ns_very_high,82200.0,partial,жёлтый
1786194763609,free_text,webrtc_ns_very_high,82240.0,partial,жёлтый
1786194763609,free_text,webrtc_ns_very_high,82280.0,partial,жёлтый
1786194763609,free_text,webrtc_ns_very_high,82320.0,partial,жёлтый
1786194763609,free_text,webrtc_ns_very_high,82360.0,partial,жёлтый
1786194763609,free_text,webrtc_ns_very_high,82400.0,partial,жёлтый
1786194763609,free_text,webrtc_ns_very_high,82440.0,partial,жёлтый
1786194763609,free_text,webrtc_ns_very_high,82480.0,partial,жёлтый
1786194763609,free_text,webrtc_ns_very_high,82520.0,partial,жёлтый
1786194763609,free_text,webrtc_ns_very_high,82560.0,partial,жёлтый
1786194763609,free_text,webrtc_ns_very_high,82600.0,partial,жёлтый
1786194763609,free_text,webrtc_ns_very_high,82640.0,partial,жёлтый
1786194763609,free_text,webrtc_ns_very_high,82680.0,partial,жёлтый
1786194763609,free_text,webrtc_ns_very_high,82720.0,partial,жёлтый
1786194763609,free_text,webrtc_ns_very_high,82760.0,partial,жёлтый
1786194763609,free_text,webrtc_ns_very_high,82800.0,partial,жёлтый
1786194763609,free_text,webrtc_ns_very_high,82840.0,partial,жёлтый
1786194763609,free_text,webrtc_ns_very_high,82880.0,partial,жёлтый
1786194763609,free_text,webrtc_ns_very_high,82920.0,partial,жёлтый
1786194763609,free_text,webrtc_ns_very_high,82960.0,partial,жёлтый
1786194763609,free_text,webrtc_ns_very_high,83000.0,partial,жёлтый
1786194763609,free_text,webrtc_ns_very_high,83040.0,partial,жёлтый
1786194763609,free_text,webrtc_ns_very_high,83080.0,partial,жёлтый
1786194763609,free_text,webrtc_ns_very_high,83120.0,partial,жёлтый
1786194763609,free_text,webrtc_ns_very_high,83160.0,endpoint,жёлтый
1786194763609,free_text,webrtc_ns_very_high,89640.0,partial,жёлтый
1786194763609,free_text,webrtc_ns_very_high,89680.0,partial,жёлтый
1786194763609,free_text,webrtc_ns_very_high,89720.0,partial,жёлтый
1786194763609,free_text,webrtc_ns_very_high,89760.0,partial,жёлтый
1786194763609,free_text,webrtc_ns_very_high,89800.0,partial,жёлтый
1786194763609,free_text,webrtc_ns_very_high,89840.0,partial,жёлтый
1786194763609,free_text,webrtc_ns_very_high,89880.0,partial,жёлтый
1786194763609,free_text,webrtc_ns_very_high,89920.0,partial,жёлтый
1786194763609,free_text,webrtc_ns_very_high,89960.0,partial,жёлтый
1786194763609,free_text,webrtc_ns_very_high,90000.0,partial,жёлтый
1786194763609,free_text,webrtc_ns_very_high,90040.0,partial,жёлтый
1786194763609,free_text,webrtc_ns_very_high,90080.0,partial,жёлтый
1786194763609,free_text,webrtc_ns_very_high,90120.0,partial,жёлтый
1786194763609,free_text,webrtc_ns_very_high,90160.0,partial,жёлтый
1786194763609,free_text,webrtc_ns_very_high,90200.0,partial,жёлтый
1786194763609,free_text,webrtc_ns_very_high,90240.0,partial,жёлтый
1786194763609,free_text,webrtc_ns_very_high,90280.0,partial,жёлтый
1786194763609,free_text,webrtc_ns_very_high,90320.0,partial,жёлтый
1786194763609,free_text,webrtc_ns_very_high,90360.0,partial,жёлтый
1786194763609,free_text,webrtc_ns_very_high,90400.0,partial,жёлтый
1786194763609,free_text,webrtc_ns_very_high,90440.0,partial,жёлтый
1786194763609,free_text,webrtc_ns_very_high,90480.0,partial,жёлтый
1786194763609,free_text,webrtc_ns_very_high,90520.0,partial,жёлтый
1786194763609,free_text,webrtc_ns_very_high,90560.0,partial,жёлтый
1786194763609,free_text,webrtc_ns_very_high,90600.0,endpoint,жёлтый
1786194763609,free_text,webrtc_ns_very_high,94920.0,partial,белый
1786194763609,free_text,webrtc_ns_very_high,94960.0,partial,белый
1786194763609,free_text,webrtc_ns_very_high,95000.0,partial,белый
1786194763609,free_text,webrtc_ns_very_high,95040.0,partial,белый
1786194763609,free_text,webrtc_ns_very_high,95080.0,partial,белый
1786194763609,free_text,webrtc_ns_very_high,95120.0,partial,белый
1786194763609,free_text,webrtc_ns_very_high,95160.0,partial,белый
1786194763609,free_text,webrtc_ns_very_high,95200.0,partial,белый
1786194763609,free_text,webrtc_ns_very_high,95240.0,partial,белый
1786194763609,free_text,webrtc_ns_very_high,95280.0,partial,белый
1786194763609,free_text,webrtc_ns_very_high,95320.0,partial,белый
1786194763609,free_text,webrtc_ns_very_high,95360.0,partial,белый
1786194763609,free_text,webrtc_ns_very_high,95400.0,partial,белый
1786194763609,free_text,webrtc_ns_very_high,95440.0,partial,белый
1786194763609,free_text,webrtc_ns_very_high,95480.0,partial,белый
1786194763609,free_text,webrtc_ns_very_high,95520.0,partial,белый
1786194763609,free_text,webrtc_ns_very_high,95560.0,partial,белый
1786194763609,free_text,webrtc_ns_very_high,95600.0,partial,белый
1786194763609,free_text,webrtc_ns_very_high,95640.0,partial,белый
1786194763609,free_text,webrtc_ns_very_high,95680.0,partial,белый
1786194763609,free_text,webrtc_ns_very_high,95720.0,partial,белый
1786194763609,free_text,webrtc_ns_very_high,95760.0,partial,белый
1786194763609,free_text,webrtc_ns_very_high,95800.0,partial,белый
1786194763609,free_text,webrtc_ns_very_high,95840.0,partial,белый
1786194763609,free_text,webrtc_ns_very_high,95880.0,partial,белый
1786194763609,free_text,webrtc_ns_very_high,95920.0,partial,белый
1786194763609,free_text,webrtc_ns_very_high,95960.0,partial,белый
1786194763609,free_text,webrtc_ns_very_high,96000.0,partial,белый
1786194763609,free_text,webrtc_ns_very_high,96040.0,partial,белый
1786194763609,free_text,webrtc_ns_very_high,96080.0,partial,белый
1786194763609,free_text,webrtc_ns_very_high,96120.0,endpoint,белый
1786194763609,free_text,webrtc_ns_very_high,98280.0,partial,назад
1786194763609,free_text,webrtc_ns_very_high,98320.0,partial,назад
1786194763609,free_text,webrtc_ns_very_high,98360.0,partial,назад
1786194763609,free_text,webrtc_ns_very_high,98400.0,partial,назад
1786194763609,free_text,webrtc_ns_very_high,98440.0,partial,назад
1786194763609,free_text,webrtc_ns_very_high,98480.0,partial,назад
1786194763609,free_text,webrtc_ns_very_high,98520.0,partial,назад
1786194763609,free_text,webrtc_ns_very_high,98560.0,partial,назад
1786194763609,free_text,webrtc_ns_very_high,98600.0,partial,назад
1786194763609,free_text,webrtc_ns_very_high,98640.0,partial,назад
1786194763609,free_text,webrtc_ns_very_high,98680.0,partial,назад
1786194763609,free_text,webrtc_ns_very_high,98720.0,partial,назад
1786194763609,free_text,webrtc_ns_very_high,98760.0,endpoint,назад
1786194763609,free_text,webrtc_ns_very_high,105240.0,partial,назад
1786194763609,free_text,webrtc_ns_very_high,105280.0,partial,назад
1786194763609,free_text,webrtc_ns_very_high,105320.0,partial,назад
1786194763609,free_text,webrtc_ns_very_high,105360.0,partial,назад
1786194763609,free_text,webrtc_ns_very_high,105400.0,partial,назад
1786194763609,free_text,webrtc_ns_very_high,105440.0,partial,назад
1786194763609,free_text,webrtc_ns_very_high,105480.0,partial,назад
1786194763609,free_text,webrtc_ns_very_high,105520.0,partial,назад
1786194763609,free_text,webrtc_ns_very_high,105560.0,partial,назад
1786194763609,free_text,webrtc_ns_very_high,105600.0,partial,назад
1786194763609,free_text,webrtc_ns_very_high,105640.0,partial,назад
1786194763609,free_text,webrtc_ns_very_high,105680.0,partial,назад
1786194763609,free_text,webrtc_ns_very_high,105720.0,partial,назад
1786194763609,free_text,webrtc_ns_very_high,105760.0,partial,назад
1786194763609,free_text,webrtc_ns_very_high,105800.0,partial,назад
1786194763609,free_text,webrtc_ns_very_high,105840.0,partial,назад
1786194763609,free_text,webrtc_ns_very_high,105880.0,partial,назад
1786194763609,free_text,webrtc_ns_very_high,105920.0,partial,назад
1786194763609,free_text,webrtc_ns_very_high,105960.0,endpoint,назад
1786194763609,free_text,webrtc_ns_very_high,107880.0,partial,назад
1786194763609,free_text,webrtc_ns_very_high,107920.0,partial,назад
1786194763609,free_text,webrtc_ns_very_high,107960.0,partial,назад
1786194763609,free_text,webrtc_ns_very_high,108000.0,partial,назад
1786194763609,free_text,webrtc_ns_very_high,108040.0,partial,назад
1786194763609,free_text,webrtc_ns_very_high,108080.0,partial,назад
1786194763609,free_text,webrtc_ns_very_high,108120.0,partial,назад
1786194763609,free_text,webrtc_ns_very_high,108160.0,partial,назад
1786194763609,free_text,webrtc_ns_very_high,108200.0,partial,назад
1786194763609,free_text,webrtc_ns_very_high,108240.0,partial,назад
1786194763609,free_text,webrtc_ns_very_high,108280.0,partial,назад
1786194763609,free_text,webrtc_ns_very_high,108320.0,partial,назад
1786194763609,free_text,webrtc_ns_very_high,108360.0,partial,назад
1786194763609,free_text,webrtc_ns_very_high,108400.0,partial,назад
1786194763609,free_text,webrtc_ns_very_high,108440.0,partial,назад
1786194763609,free_text,webrtc_ns_very_high,108480.0,partial,назад
1786194763609,free_text,webrtc_ns_very_high,108520.0,partial,назад
1786194763609,free_text,webrtc_ns_very_high,108560.0,partial,назад
1786194763609,free_text,webrtc_ns_very_high,108600.0,endpoint,назад
1786194763609,free_text,webrtc_ns_very_high,111000.0,partial,доступность
1786194763609,free_text,webrtc_ns_very_high,111040.0,partial,доступность
1786194763609,free_text,webrtc_ns_very_high,111080.0,partial,доступность
1786194763609,free_text,webrtc_ns_very_high,111120.0,partial,доступность
1786194763609,free_text,webrtc_ns_very_high,111160.0,partial,доступность
1786194763609,free_text,webrtc_ns_very_high,111200.0,partial,доступность
1786194763609,free_text,webrtc_ns_very_high,111240.0,partial,доступность
1786194763609,free_text,webrtc_ns_very_high,111280.0,partial,доступность
1786194763609,free_text,webrtc_ns_very_high,111320.0,partial,доступность
1786194763609,free_text,webrtc_ns_very_high,111360.0,partial,доступность
1786194763609,free_text,webrtc_ns_very_high,111400.0,partial,доступность
1786194763609,free_text,webrtc_ns_very_high,111440.0,partial,доступность
1786194763609,free_text,webrtc_ns_very_high,111480.0,partial,доступность
1786194763609,free_text,webrtc_ns_very_high,111520.0,partial,доступность
1786194763609,free_text,webrtc_ns_very_high,111560.0,partial,доступность
1786194763609,free_text,webrtc_ns_very_high,111600.0,partial,доступность
1786194763609,free_text,webrtc_ns_very_high,111640.0,partial,доступность
1786194763609,free_text,webrtc_ns_very_high,111680.0,partial,доступность
1786194763609,free_text,webrtc_ns_very_high,111720.0,partial,доступность
1786194763609,free_text,webrtc_ns_very_high,111760.0,partial,доступность
1786194763609,free_text,webrtc_ns_very_high,111800.0,partial,доступность
1786194763609,free_text,webrtc_ns_very_high,111840.0,partial,доступность
1786194763609,free_text,webrtc_ns_very_high,111880.0,partial,доступность
1786194763609,free_text,webrtc_ns_very_high,111920.0,partial,доступность
1786194763609,free_text,webrtc_ns_very_high,111960.0,partial,доступность
1786194763609,free_text,webrtc_ns_very_high,112000.0,partial,доступность
1786194763609,free_text,webrtc_ns_very_high,112040.0,partial,доступность
1786194763609,free_text,webrtc_ns_very_high,112080.0,partial,доступность
1786194763609,free_text,webrtc_ns_very_high,112120.0,partial,доступность
1786194763609,free_text,webrtc_ns_very_high,112160.0,partial,доступность
1786194763609,free_text,webrtc_ns_very_high,112200.0,endpoint,доступность
1786194763609,free_text,webrtc_ns_very_high,113400.0,partial,список
1786194763609,free_text,webrtc_ns_very_high,113440.0,partial,список
1786194763609,free_text,webrtc_ns_very_high,113480.0,partial,список
1786194763609,free_text,webrtc_ns_very_high,113520.0,partial,список
1786194763609,free_text,webrtc_ns_very_high,113560.0,partial,список
1786194763609,free_text,webrtc_ns_very_high,113600.0,partial,список
1786194763609,free_text,webrtc_ns_very_high,113640.0,partial,список
1786194763609,free_text,webrtc_ns_very_high,113680.0,partial,список
1786194763609,free_text,webrtc_ns_very_high,113720.0,partial,список
1786194763609,free_text,webrtc_ns_very_high,113760.0,partial,список
1786194763609,free_text,webrtc_ns_very_high,113800.0,partial,список
1786194763609,free_text,webrtc_ns_very_high,113840.0,partial,список
1786194763609,free_text,webrtc_ns_very_high,113880.0,partial,список
1786194763609,free_text,webrtc_ns_very_high,113920.0,partial,список
1786194763609,free_text,webrtc_ns_very_high,113960.0,partial,список
1786194763609,free_text,webrtc_ns_very_high,114000.0,partial,список
1786194763609,free_text,webrtc_ns_very_high,114040.0,partial,список
1786194763609,free_text,webrtc_ns_very_high,114080.0,partial,список
1786194763609,free_text,webrtc_ns_very_high,114120.0,partial,список
1786194763609,free_text,webrtc_ns_very_high,114160.0,partial,список
1786194763609,free_text,webrtc_ns_very_high,114200.0,partial,список
1786194763609,free_text,webrtc_ns_very_high,114240.0,partial,список
1786194763609,free_text,webrtc_ns_very_high,114280.0,partial,список
1786194763609,free_text,webrtc_ns_very_high,114320.0,partial,список
1786194763609,free_text,webrtc_ns_very_high,114360.0,partial,список
1786194763609,free_text,webrtc_ns_very_high,114400.0,partial,список
1786194763609,free_text,webrtc_ns_very_high,114440.0,partial,список
1786194763609,free_text,webrtc_ns_very_high,114480.0,partial,список
1786194763609,free_text,webrtc_ns_very_high,114520.0,partial,список
1786194763609,free_text,webrtc_ns_very_high,114560.0,partial,список
1786194763609,free_text,webrtc_ns_very_high,114600.0,partial,список
1786194763609,free_text,webrtc_ns_very_high,114640.0,partial,список
1786194763609,free_text,webrtc_ns_very_high,114680.0,partial,список
1786194763609,free_text,webrtc_ns_very_high,114720.0,partial,список
1786194763609,free_text,webrtc_ns_very_high,114760.0,partial,список
1786194763609,free_text,webrtc_ns_very_high,114800.0,partial,список
1786194763609,free_text,webrtc_ns_very_high,114840.0,endpoint,список
1786194763609,free_text,webrtc_ns_very_high,150840.0,partial,назад
1786194763609,free_text,webrtc_ns_very_high,150880.0,partial,назад
1786194763609,free_text,webrtc_ns_very_high,150920.0,partial,назад
1786194763609,free_text,webrtc_ns_very_high,150960.0,partial,назад
1786194763609,free_text,webrtc_ns_very_high,151000.0,partial,назад
1786194763609,free_text,webrtc_ns_very_high,151040.0,partial,назад
1786194763609,free_text,webrtc_ns_very_high,151080.0,partial,назад
1786194763609,free_text,webrtc_ns_very_high,151120.0,partial,назад
1786194763609,free_text,webrtc_ns_very_high,151160.0,partial,назад
1786194763609,free_text,webrtc_ns_very_high,151200.0,partial,назад
1786194763609,free_text,webrtc_ns_very_high,151240.0,partial,назад
1786194763609,free_text,webrtc_ns_very_high,151280.0,partial,назад
1786194763609,free_text,webrtc_ns_very_high,151320.0,partial,назад
1786194763609,free_text,webrtc_ns_very_high,151360.0,partial,назад
1786194763609,free_text,webrtc_ns_very_high,151400.0,partial,назад
1786194763609,free_text,webrtc_ns_very_high,151440.0,partial,назад
1786194763609,free_text,webrtc_ns_very_high,151480.0,partial,назад
1786194763609,free_text,webrtc_ns_very_high,151520.0,partial,назад
1786194763609,free_text,webrtc_ns_very_high,151560.0,endpoint,назад
1786194763609,free_text,webrtc_ns_very_high,155880.0,partial,список
1786194763609,free_text,webrtc_ns_very_high,155920.0,partial,список
1786194763609,free_text,webrtc_ns_very_high,155960.0,partial,список
1786194763609,free_text,webrtc_ns_very_high,156000.0,partial,список
1786194763609,free_text,webrtc_ns_very_high,156040.0,partial,список
1786194763609,free_text,webrtc_ns_very_high,156080.0,partial,список
1786194763609,free_text,webrtc_ns_very_high,156120.0,partial,список
1786194763609,free_text,webrtc_ns_very_high,156160.0,partial,список
1786194763609,free_text,webrtc_ns_very_high,156200.0,partial,список
1786194763609,free_text,webrtc_ns_very_high,156240.0,partial,список
1786194763609,free_text,webrtc_ns_very_high,156280.0,partial,список
1786194763609,free_text,webrtc_ns_very_high,156320.0,partial,список
1786194763609,free_text,webrtc_ns_very_high,156360.0,partial,список
1786194763609,free_text,webrtc_ns_very_high,156400.0,partial,список
1786194763609,free_text,webrtc_ns_very_high,156440.0,partial,список
1786194763609,free_text,webrtc_ns_very_high,156480.0,partial,список
1786194763609,free_text,webrtc_ns_very_high,156520.0,partial,список
1786194763609,free_text,webrtc_ns_very_high,156560.0,partial,список
1786194763609,free_text,webrtc_ns_very_high,156600.0,partial,список
1786194763609,free_text,webrtc_ns_very_high,156640.0,partial,список
1786194763609,free_text,webrtc_ns_very_high,156680.0,partial,список
1786194763609,free_text,webrtc_ns_very_high,156720.0,partial,список
1786194763609,free_text,webrtc_ns_very_high,156760.0,partial,список
1786194763609,free_text,webrtc_ns_very_high,156800.0,partial,список
1786194763609,free_text,webrtc_ns_very_high,156840.0,partial,список
1786194763609,free_text,webrtc_ns_very_high,156880.0,partial,список
1786194763609,free_text,webrtc_ns_very_high,156920.0,partial,список
1786194763609,free_text,webrtc_ns_very_high,156960.0,partial,список
1786194763609,free_text,webrtc_ns_very_high,157000.0,partial,список
1786194763609,free_text,webrtc_ns_very_high,157040.0,partial,список
1786194763609,free_text,webrtc_ns_very_high,157080.0,endpoint,в список
1786194763609,free_text,webrtc_ns_very_high,171960.0,partial,назад
1786194763609,free_text,webrtc_ns_very_high,172000.0,partial,назад
1786194763609,free_text,webrtc_ns_very_high,172040.0,partial,назад
1786194763609,free_text,webrtc_ns_very_high,172080.0,partial,назад
1786194763609,free_text,webrtc_ns_very_high,172120.0,partial,назад
1786194763609,free_text,webrtc_ns_very_high,172160.0,partial,назад
1786194763609,free_text,webrtc_ns_very_high,172200.0,partial,назад
1786194763609,free_text,webrtc_ns_very_high,172240.0,partial,назад
1786194763609,free_text,webrtc_ns_very_high,172280.0,partial,назад
1786194763609,free_text,webrtc_ns_very_high,172320.0,partial,назад
1786194763609,free_text,webrtc_ns_very_high,172360.0,partial,назад
1786194763609,free_text,webrtc_ns_very_high,172400.0,partial,назад
1786194763609,free_text,webrtc_ns_very_high,172440.0,partial,назад
1786194763609,free_text,webrtc_ns_very_high,172480.0,partial,назад
1786194763609,free_text,webrtc_ns_very_high,172520.0,partial,назад
1786194763609,free_text,webrtc_ns_very_high,172560.0,partial,назад
1786194763609,free_text,webrtc_ns_very_high,172600.0,partial,назад
1786194763609,free_text,webrtc_ns_very_high,172640.0,partial,назад
1786194763609,free_text,webrtc_ns_very_high,172680.0,endpoint,назад
1786194763609,free_text,webrtc_ns_very_high,178920.0,partial,назад
1786194763609,free_text,webrtc_ns_very_high,178960.0,partial,назад
1786194763609,free_text,webrtc_ns_very_high,179000.0,partial,назад
1786194763609,free_text,webrtc_ns_very_high,179040.0,partial,назад
1786194763609,free_text,webrtc_ns_very_high,179080.0,partial,назад
1786194763609,free_text,webrtc_ns_very_high,179120.0,partial,назад
1786194763609,free_text,webrtc_ns_very_high,179160.0,partial,назад
1786194763609,free_text,webrtc_ns_very_high,179200.0,partial,назад
1786194763609,free_text,webrtc_ns_very_high,179240.0,partial,назад
1786194763609,free_text,webrtc_ns_very_high,179280.0,partial,назад
1786194763609,free_text,webrtc_ns_very_high,179320.0,partial,назад
1786194763609,free_text,webrtc_ns_very_high,179360.0,partial,назад
1786194763609,free_text,webrtc_ns_very_high,179400.0,endpoint,назад
1786194978795,command_menu,baseline,17640.0,partial,вниз
1786194978795,command_menu,baseline,17680.0,partial,вниз
1786194978795,command_menu,baseline,17720.0,partial,вниз
1786194978795,command_menu,baseline,17760.0,partial,вниз
1786194978795,command_menu,baseline,17800.0,partial,вниз
1786194978795,command_menu,baseline,17840.0,partial,вниз
1786194978795,command_menu,baseline,17880.0,partial,вниз
1786194978795,command_menu,baseline,17920.0,partial,вниз
1786194978795,command_menu,baseline,17960.0,partial,вниз
1786194978795,command_menu,baseline,18000.0,partial,вниз
1786194978795,command_menu,baseline,18040.0,partial,вниз
1786194978795,command_menu,baseline,18080.0,partial,вниз
1786194978795,command_menu,baseline,18120.0,partial,вниз
1786194978795,command_menu,baseline,18160.0,partial,вниз
1786194978795,command_menu,baseline,18200.0,partial,вниз
1786194978795,command_menu,baseline,18240.0,partial,вниз
1786194978795,command_menu,baseline,18280.0,partial,вниз
1786194978795,command_menu,baseline,18320.0,partial,вниз
1786194978795,command_menu,baseline,18360.0,partial,вниз
1786194978795,command_menu,baseline,18400.0,partial,вниз
1786194978795,command_menu,baseline,18440.0,partial,вниз
1786194978795,command_menu,baseline,18480.0,partial,вниз
1786194978795,command_menu,baseline,18520.0,partial,вниз
1786194978795,command_menu,baseline,18560.0,partial,вниз
1786194978795,command_menu,baseline,18600.0,endpoint,вниз
1786194978795,command_menu,baseline,19080.0,partial,вниз
1786194978795,command_menu,baseline,19120.0,partial,вниз
1786194978795,command_menu,baseline,19160.0,partial,вниз
1786194978795,command_menu,baseline,19200.0,partial,вниз
1786194978795,command_menu,baseline,19240.0,partial,вниз
1786194978795,command_menu,baseline,19280.0,partial,вниз
1786194978795,command_menu,baseline,19320.0,partial,вниз
1786194978795,command_menu,baseline,19360.0,partial,вниз
1786194978795,command_menu,baseline,19400.0,partial,вниз
1786194978795,command_menu,baseline,19440.0,partial,вниз
1786194978795,command_menu,baseline,19480.0,partial,вниз
1786194978795,command_menu,baseline,19520.0,partial,вниз
1786194978795,command_menu,baseline,19560.0,partial,вниз
1786194978795,command_menu,baseline,19600.0,partial,вниз
1786194978795,command_menu,baseline,19640.0,partial,вниз
1786194978795,command_menu,baseline,19680.0,partial,вниз
1786194978795,command_menu,baseline,19720.0,partial,вниз
1786194978795,command_menu,baseline,19760.0,partial,вниз
1786194978795,command_menu,baseline,19800.0,endpoint,вниз
1786194978795,command_menu,baseline,20520.0,partial,вниз
1786194978795,command_menu,baseline,20560.0,partial,вниз
1786194978795,command_menu,baseline,20600.0,partial,вниз
1786194978795,command_menu,baseline,20640.0,partial,вниз
1786194978795,command_menu,baseline,20680.0,partial,вниз
1786194978795,command_menu,baseline,20720.0,partial,вниз
1786194978795,command_menu,baseline,20760.0,partial,вниз
1786194978795,command_menu,baseline,20800.0,partial,вниз
1786194978795,command_menu,baseline,20840.0,partial,вниз
1786194978795,command_menu,baseline,20880.0,partial,вниз
1786194978795,command_menu,baseline,20920.0,partial,вниз
1786194978795,command_menu,baseline,20960.0,partial,вниз
1786194978795,command_menu,baseline,21000.0,partial,вниз
1786194978795,command_menu,baseline,21040.0,partial,вниз
1786194978795,command_menu,baseline,21080.0,partial,вниз
1786194978795,command_menu,baseline,21120.0,partial,вниз
1786194978795,command_menu,baseline,21160.0,partial,вниз
1786194978795,command_menu,baseline,21200.0,partial,вниз
1786194978795,command_menu,baseline,21240.0,partial,вниз
1786194978795,command_menu,baseline,21280.0,partial,вниз
1786194978795,command_menu,baseline,21320.0,partial,вниз
1786194978795,command_menu,baseline,21360.0,partial,вниз
1786194978795,command_menu,baseline,21400.0,partial,вниз
1786194978795,command_menu,baseline,21440.0,partial,вниз
1786194978795,command_menu,baseline,21480.0,endpoint,вниз
1786194978795,command_menu,baseline,21720.0,partial,доступность
1786194978795,command_menu,baseline,21760.0,partial,доступность
1786194978795,command_menu,baseline,21800.0,partial,доступность
1786194978795,command_menu,baseline,21840.0,partial,доступность
1786194978795,command_menu,baseline,21880.0,partial,доступность
1786194978795,command_menu,baseline,21920.0,partial,доступность
1786194978795,command_menu,baseline,21960.0,partial,вверх
1786194978795,command_menu,baseline,22000.0,partial,вверх
1786194978795,command_menu,baseline,22040.0,partial,вверх
1786194978795,command_menu,baseline,22080.0,partial,вверх
1786194978795,command_menu,baseline,22120.0,partial,вверх
1786194978795,command_menu,baseline,22160.0,partial,вверх
1786194978795,command_menu,baseline,22200.0,partial,вверх
1786194978795,command_menu,baseline,22240.0,partial,вверх
1786194978795,command_menu,baseline,22280.0,partial,вверх
1786194978795,command_menu,baseline,22320.0,partial,вверх
1786194978795,command_menu,baseline,22360.0,partial,вверх
1786194978795,command_menu,baseline,22400.0,partial,вверх
1786194978795,command_menu,baseline,22440.0,partial,вверх
1786194978795,command_menu,baseline,22480.0,partial,вверх
1786194978795,command_menu,baseline,22520.0,partial,вверх
1786194978795,command_menu,baseline,22560.0,partial,вверх
1786194978795,command_menu,baseline,22600.0,partial,вверх
1786194978795,command_menu,baseline,22640.0,partial,вверх
1786194978795,command_menu,baseline,22680.0,endpoint,вверх
1786194978795,command_menu,baseline,22920.0,partial,доступность
1786194978795,command_menu,baseline,22960.0,partial,доступность
1786194978795,command_menu,baseline,23000.0,partial,доступность
1786194978795,command_menu,baseline,23040.0,partial,доступность
1786194978795,command_menu,baseline,23080.0,partial,доступность
1786194978795,command_menu,baseline,23120.0,partial,доступность
1786194978795,command_menu,baseline,23160.0,partial,вверх
1786194978795,command_menu,baseline,23200.0,partial,вверх
1786194978795,command_menu,baseline,23240.0,partial,вверх
1786194978795,command_menu,baseline,23280.0,partial,вверх
1786194978795,command_menu,baseline,23320.0,partial,вверх
1786194978795,command_menu,baseline,23360.0,partial,вверх
1786194978795,command_menu,baseline,23400.0,partial,вверх
1786194978795,command_menu,baseline,23440.0,partial,вверх
1786194978795,command_menu,baseline,23480.0,partial,вверх
1786194978795,command_menu,baseline,23520.0,partial,вверх
1786194978795,command_menu,baseline,23560.0,partial,вверх
1786194978795,command_menu,baseline,23600.0,partial,вверх
1786194978795,command_menu,baseline,23640.0,partial,вверх
1786194978795,command_menu,baseline,23680.0,partial,вверх
1786194978795,command_menu,baseline,23720.0,partial,вверх
1786194978795,command_menu,baseline,23760.0,partial,вверх
1786194978795,command_menu,baseline,23800.0,partial,вверх
1786194978795,command_menu,baseline,23840.0,partial,вверх
1786194978795,command_menu,baseline,23880.0,endpoint,вверх
1786194978795,command_menu,baseline,24840.0,partial,вверх
1786194978795,command_menu,baseline,24880.0,partial,вверх
1786194978795,command_menu,baseline,24920.0,partial,вверх
1786194978795,command_menu,baseline,24960.0,partial,вверх
1786194978795,command_menu,baseline,25000.0,partial,вверх
1786194978795,command_menu,baseline,25040.0,partial,вверх
1786194978795,command_menu,baseline,25080.0,partial,вверх
1786194978795,command_menu,baseline,25120.0,partial,вверх
1786194978795,command_menu,baseline,25160.0,partial,вверх
1786194978795,command_menu,baseline,25200.0,partial,вверх
1786194978795,command_menu,baseline,25240.0,partial,вверх
1786194978795,command_menu,baseline,25280.0,partial,вверх
1786194978795,command_menu,baseline,25320.0,partial,вверх
1786194978795,command_menu,baseline,25360.0,partial,вверх
1786194978795,command_menu,baseline,25400.0,partial,вверх
1786194978795,command_menu,baseline,25440.0,partial,вверх
1786194978795,command_menu,baseline,25480.0,partial,вверх
1786194978795,command_menu,baseline,25520.0,partial,вверх
1786194978795,command_menu,baseline,25560.0,endpoint,вверх
1786194978795,command_menu,baseline,26520.0,partial,вверх
1786194978795,command_menu,baseline,26560.0,partial,вверх
1786194978795,command_menu,baseline,26600.0,partial,вверх
1786194978795,command_menu,baseline,26640.0,partial,вверх
1786194978795,command_menu,baseline,26680.0,partial,вверх
1786194978795,command_menu,baseline,26720.0,partial,вверх
1786194978795,command_menu,baseline,26760.0,partial,вверх
1786194978795,command_menu,baseline,26800.0,partial,вверх
1786194978795,command_menu,baseline,26840.0,partial,вверх
1786194978795,command_menu,baseline,26880.0,partial,вверх
1786194978795,command_menu,baseline,26920.0,partial,вверх
1786194978795,command_menu,baseline,26960.0,partial,вверх
1786194978795,command_menu,baseline,27000.0,partial,вверх
1786194978795,command_menu,baseline,27040.0,partial,вверх
1786194978795,command_menu,baseline,27080.0,partial,вверх
1786194978795,command_menu,baseline,27120.0,partial,вверх
1786194978795,command_menu,baseline,27160.0,partial,вверх
1786194978795,command_menu,baseline,27200.0,partial,вверх
1786194978795,command_menu,baseline,27240.0,endpoint,вверх
1786194978795,command_menu,baseline,27720.0,partial,вниз
1786194978795,command_menu,baseline,27760.0,partial,вниз
1786194978795,command_menu,baseline,27800.0,partial,вниз
1786194978795,command_menu,baseline,27840.0,partial,вниз
1786194978795,command_menu,baseline,27880.0,partial,вниз
1786194978795,command_menu,baseline,27920.0,partial,вниз
1786194978795,command_menu,baseline,27960.0,partial,вниз
1786194978795,command_menu,baseline,28000.0,partial,вниз
1786194978795,command_menu,baseline,28040.0,partial,вниз
1786194978795,command_menu,baseline,28080.0,partial,вниз
1786194978795,command_menu,baseline,28120.0,partial,вниз
1786194978795,command_menu,baseline,28160.0,partial,вниз
1786194978795,command_menu,baseline,28200.0,partial,вниз
1786194978795,command_menu,baseline,28240.0,partial,вниз
1786194978795,command_menu,baseline,28280.0,partial,вниз
1786194978795,command_menu,baseline,28320.0,partial,вниз
1786194978795,command_menu,baseline,28360.0,partial,вниз
1786194978795,command_menu,baseline,28400.0,partial,вниз
1786194978795,command_menu,baseline,28440.0,partial,вниз
1786194978795,command_menu,baseline,28480.0,partial,вниз
1786194978795,command_menu,baseline,28520.0,partial,вниз
1786194978795,command_menu,baseline,28560.0,partial,вниз
1786194978795,command_menu,baseline,28600.0,partial,вниз
1786194978795,command_menu,baseline,28640.0,partial,вниз
1786194978795,command_menu,baseline,28680.0,endpoint,вниз
1786194978795,command_menu,baseline,28920.0,partial,печать
1786194978795,command_menu,baseline,28960.0,partial,печать
1786194978795,command_menu,baseline,29000.0,partial,печать
1786194978795,command_menu,baseline,29040.0,partial,печать
1786194978795,command_menu,baseline,29080.0,partial,печать
1786194978795,command_menu,baseline,29120.0,partial,печать
1786194978795,command_menu,baseline,29160.0,partial,печать
1786194978795,command_menu,baseline,29200.0,partial,печать
1786194978795,command_menu,baseline,29240.0,partial,печать
1786194978795,command_menu,baseline,29280.0,partial,печать
1786194978795,command_menu,baseline,29320.0,partial,печать
1786194978795,command_menu,baseline,29360.0,partial,печать
1786194978795,command_menu,baseline,29400.0,partial,печать
1786194978795,command_menu,baseline,29440.0,partial,печать
1786194978795,command_menu,baseline,29480.0,partial,печать
1786194978795,command_menu,baseline,29520.0,partial,печать
1786194978795,command_menu,baseline,29560.0,partial,печать
1786194978795,command_menu,baseline,29600.0,partial,печать
1786194978795,command_menu,baseline,29640.0,partial,печать
1786194978795,command_menu,baseline,29680.0,partial,печать
1786194978795,command_menu,baseline,29720.0,partial,печать
1786194978795,command_menu,baseline,29760.0,partial,печать
1786194978795,command_menu,baseline,29800.0,partial,печать
1786194978795,command_menu,baseline,29840.0,partial,печать
1786194978795,command_menu,baseline,29880.0,partial,печать
1786194978795,command_menu,baseline,29920.0,partial,печать
1786194978795,command_menu,baseline,29960.0,partial,печать
1786194978795,command_menu,baseline,30000.0,partial,печать
1786194978795,command_menu,baseline,30040.0,partial,печать
1786194978795,command_menu,baseline,30080.0,partial,печать
1786194978795,command_menu,baseline,30120.0,endpoint,печать
1786194978795,command_menu,baseline,39720.0,partial,доступность
1786194978795,command_menu,baseline,39760.0,partial,доступность
1786194978795,command_menu,baseline,39800.0,partial,доступность
1786194978795,command_menu,baseline,39840.0,partial,доступность
1786194978795,command_menu,baseline,39880.0,partial,доступность
1786194978795,command_menu,baseline,39920.0,partial,доступность
1786194978795,command_menu,baseline,63960.0,partial,вверх
1786194978795,command_menu,baseline,64000.0,partial,вверх
1786194978795,command_menu,baseline,64040.0,partial,вверх
1786194978795,command_menu,baseline,64080.0,partial,вверх
1786194978795,command_menu,baseline,64120.0,partial,вверх
1786194978795,command_menu,baseline,64160.0,partial,вверх
1786194978795,command_menu,baseline,85320.0,partial,доступность
1786194978795,command_menu,baseline,85360.0,partial,доступность
1786194978795,command_menu,baseline,85400.0,partial,доступность
1786194978795,command_menu,baseline,85440.0,partial,доступность
1786194978795,command_menu,baseline,85480.0,partial,доступность
1786194978795,command_menu,baseline,85520.0,partial,доступность
1786194978795,command_menu,baseline,85560.0,partial,доступность
1786194978795,command_menu,baseline,85600.0,partial,доступность
1786194978795,command_menu,baseline,85640.0,partial,доступность
1786194978795,command_menu,baseline,85680.0,partial,доступность
1786194978795,command_menu,baseline,85720.0,partial,доступность
1786194978795,command_menu,baseline,85760.0,partial,доступность
1786194978795,command_menu,baseline,85800.0,partial,доступность
1786194978795,command_menu,baseline,85840.0,partial,доступность
1786194978795,command_menu,baseline,85880.0,partial,доступность
1786194978795,command_menu,baseline,85920.0,partial,доступность
1786194978795,command_menu,baseline,85960.0,partial,доступность
1786194978795,command_menu,baseline,86000.0,partial,доступность
1786194978795,command_menu,baseline,86040.0,partial,доступность
1786194978795,command_menu,baseline,86080.0,partial,доступность
1786194978795,command_menu,baseline,86120.0,partial,доступность
1786194978795,command_menu,baseline,86160.0,partial,доступность
1786194978795,command_menu,baseline,86200.0,partial,доступность
1786194978795,command_menu,baseline,86240.0,partial,доступность
1786194978795,command_menu,baseline,86280.0,partial,доступность
1786194978795,command_menu,baseline,86320.0,partial,доступность
1786194978795,command_menu,baseline,86360.0,partial,доступность
1786194978795,command_menu,baseline,86400.0,partial,доступность
1786194978795,command_menu,baseline,86440.0,partial,доступность
1786194978795,command_menu,baseline,86480.0,partial,доступность
1786194978795,command_menu,baseline,86520.0,partial,доступность
1786194978795,command_menu,baseline,86560.0,partial,доступность
1786194978795,command_menu,baseline,86600.0,partial,доступность
1786194978795,command_menu,baseline,86640.0,partial,доступность
1786194978795,command_menu,baseline,86680.0,partial,доступность
1786194978795,command_menu,baseline,86720.0,partial,доступность
1786194978795,command_menu,baseline,86760.0,endpoint,доступность
1786194978795,command_menu,baseline,88680.0,partial,доступность
1786194978795,command_menu,baseline,88720.0,partial,доступность
1786194978795,command_menu,baseline,88760.0,partial,доступность
1786194978795,command_menu,baseline,88800.0,partial,доступность
1786194978795,command_menu,baseline,88840.0,partial,доступность
1786194978795,command_menu,baseline,88880.0,partial,доступность
1786194978795,command_menu,baseline,88920.0,partial,доступность
1786194978795,command_menu,baseline,88960.0,partial,доступность
1786194978795,command_menu,baseline,89000.0,partial,доступность
1786194978795,command_menu,baseline,89040.0,partial,доступность
1786194978795,command_menu,baseline,89080.0,partial,доступность
1786194978795,command_menu,baseline,89120.0,partial,доступность
1786194978795,command_menu,baseline,89160.0,partial,доступность
1786194978795,command_menu,baseline,89200.0,partial,доступность
1786194978795,command_menu,baseline,89240.0,partial,доступность
1786194978795,command_menu,baseline,89280.0,partial,доступность
1786194978795,command_menu,baseline,89320.0,partial,доступность
1786194978795,command_menu,baseline,89360.0,partial,доступность
1786194978795,command_menu,baseline,89400.0,partial,доступность
1786194978795,command_menu,baseline,89440.0,partial,доступность
1786194978795,command_menu,baseline,89480.0,partial,доступность
1786194978795,command_menu,baseline,89520.0,partial,доступность
1786194978795,command_menu,baseline,89560.0,partial,доступность
1786194978795,command_menu,baseline,89600.0,partial,доступность
1786194978795,command_menu,baseline,89640.0,partial,доступность
1786194978795,command_menu,baseline,89680.0,partial,доступность
1786194978795,command_menu,baseline,89720.0,partial,доступность
1786194978795,command_menu,baseline,89760.0,partial,доступность
1786194978795,command_menu,baseline,89800.0,partial,доступность
1786194978795,command_menu,baseline,89840.0,partial,доступность
1786194978795,command_menu,baseline,89880.0,endpoint,доступность
1786194978795,command_menu,baseline,91320.0,partial,доступность
1786194978795,command_menu,baseline,91360.0,partial,доступность
1786194978795,command_menu,baseline,91400.0,partial,доступность
1786194978795,command_menu,baseline,91440.0,partial,доступность
1786194978795,command_menu,baseline,91480.0,partial,доступность
1786194978795,command_menu,baseline,91520.0,partial,доступность
1786194978795,command_menu,baseline,91560.0,partial,доступность
1786194978795,command_menu,baseline,91600.0,partial,доступность
1786194978795,command_menu,baseline,91640.0,partial,доступность
1786194978795,command_menu,baseline,91680.0,partial,доступность
1786194978795,command_menu,baseline,91720.0,partial,доступность
1786194978795,command_menu,baseline,91760.0,partial,доступность
1786194978795,command_menu,baseline,91800.0,partial,доступность
1786194978795,command_menu,baseline,91840.0,partial,доступность
1786194978795,command_menu,baseline,91880.0,partial,доступность
1786194978795,command_menu,baseline,91920.0,partial,доступность
1786194978795,command_menu,baseline,91960.0,partial,доступность
1786194978795,command_menu,baseline,92000.0,partial,доступность
1786194978795,command_menu,baseline,92040.0,partial,доступность
1786194978795,command_menu,baseline,92080.0,partial,доступность
1786194978795,command_menu,baseline,92120.0,partial,доступность
1786194978795,command_menu,baseline,92160.0,partial,доступность
1786194978795,command_menu,baseline,92200.0,partial,доступность
1786194978795,command_menu,baseline,92240.0,partial,доступность
1786194978795,command_menu,baseline,92280.0,partial,доступность
1786194978795,command_menu,baseline,92320.0,partial,доступность
1786194978795,command_menu,baseline,92360.0,partial,доступность
1786194978795,command_menu,baseline,92400.0,partial,доступность
1786194978795,command_menu,baseline,92440.0,partial,доступность
1786194978795,command_menu,baseline,92480.0,partial,доступность
1786194978795,command_menu,baseline,92520.0,partial,доступность
1786194978795,command_menu,baseline,92560.0,partial,доступность
1786194978795,command_menu,baseline,92600.0,partial,доступность
1786194978795,command_menu,baseline,92640.0,partial,доступность
1786194978795,command_menu,baseline,92680.0,partial,доступность
1786194978795,command_menu,baseline,92720.0,partial,доступность
1786194978795,command_menu,baseline,92760.0,endpoint,доступность
1786194978795,command_menu,baseline,94200.0,partial,доступность
1786194978795,command_menu,baseline,94240.0,partial,доступность
1786194978795,command_menu,baseline,94280.0,partial,доступность
1786194978795,command_menu,baseline,94320.0,partial,доступность
1786194978795,command_menu,baseline,94360.0,partial,доступность
1786194978795,command_menu,baseline,94400.0,partial,доступность
1786194978795,command_menu,baseline,94440.0,partial,доступность
1786194978795,command_menu,baseline,94480.0,partial,доступность
1786194978795,command_menu,baseline,94520.0,partial,доступность
1786194978795,command_menu,baseline,94560.0,partial,доступность
1786194978795,command_menu,baseline,94600.0,partial,доступность
1786194978795,command_menu,baseline,94640.0,partial,доступность
1786194978795,command_menu,baseline,94680.0,partial,доступность
1786194978795,command_menu,baseline,94720.0,partial,доступность
1786194978795,command_menu,baseline,94760.0,partial,доступность
1786194978795,command_menu,baseline,94800.0,partial,доступность
1786194978795,command_menu,baseline,94840.0,partial,доступность
1786194978795,command_menu,baseline,94880.0,partial,доступность
1786194978795,command_menu,baseline,94920.0,partial,доступность
1786194978795,command_menu,baseline,94960.0,partial,доступность
1786194978795,command_menu,baseline,95000.0,partial,доступность
1786194978795,command_menu,baseline,95040.0,partial,доступность
1786194978795,command_menu,baseline,95080.0,partial,доступность
1786194978795,command_menu,baseline,95120.0,partial,доступность
1786194978795,command_menu,baseline,95160.0,partial,доступность
1786194978795,command_menu,baseline,95200.0,partial,доступность
1786194978795,command_menu,baseline,95240.0,partial,доступность
1786194978795,command_menu,baseline,95280.0,partial,доступность
1786194978795,command_menu,baseline,95320.0,partial,доступность
1786194978795,command_menu,baseline,95360.0,partial,доступность
1786194978795,command_menu,baseline,95400.0,partial,доступность
1786194978795,command_menu,baseline,95440.0,partial,доступность
1786194978795,command_menu,baseline,95480.0,partial,доступность
1786194978795,command_menu,baseline,95520.0,partial,доступность
1786194978795,command_menu,baseline,95560.0,partial,доступность
1786194978795,command_menu,baseline,95600.0,partial,доступность
1786194978795,command_menu,baseline,95640.0,endpoint,доступность
1786194978795,command_menu,baseline,97560.0,partial,доступность
1786194978795,command_menu,baseline,97600.0,partial,доступность
1786194978795,command_menu,baseline,97640.0,partial,доступность
1786194978795,command_menu,baseline,97680.0,partial,доступность
1786194978795,command_menu,baseline,97720.0,partial,доступность
1786194978795,command_menu,baseline,97760.0,partial,доступность
1786194978795,command_menu,baseline,97800.0,partial,доступность
1786194978795,command_menu,baseline,97840.0,partial,доступность
1786194978795,command_menu,baseline,97880.0,partial,доступность
1786194978795,command_menu,baseline,97920.0,partial,доступность
1786194978795,command_menu,baseline,97960.0,partial,доступность
1786194978795,command_menu,baseline,98000.0,partial,доступность
1786194978795,command_menu,baseline,98040.0,partial,доступность
1786194978795,command_menu,baseline,98080.0,partial,доступность
1786194978795,command_menu,baseline,98120.0,partial,доступность
1786194978795,command_menu,baseline,98160.0,partial,доступность
1786194978795,command_menu,baseline,98200.0,partial,доступность
1786194978795,command_menu,baseline,98240.0,partial,доступность
1786194978795,command_menu,baseline,98280.0,partial,доступность
1786194978795,command_menu,baseline,98320.0,partial,доступность
1786194978795,command_menu,baseline,98360.0,partial,доступность
1786194978795,command_menu,baseline,98400.0,partial,доступность
1786194978795,command_menu,baseline,98440.0,partial,доступность
1786194978795,command_menu,baseline,98480.0,partial,доступность
1786194978795,command_menu,baseline,98520.0,partial,доступность
1786194978795,command_menu,baseline,98560.0,partial,доступность
1786194978795,command_menu,baseline,98600.0,partial,доступность
1786194978795,command_menu,baseline,98640.0,partial,доступность
1786194978795,command_menu,baseline,98680.0,partial,доступность
1786194978795,command_menu,baseline,98720.0,partial,доступность
1786194978795,command_menu,baseline,98760.0,partial,доступность
1786194978795,command_menu,baseline,98800.0,partial,доступность
1786194978795,command_menu,baseline,98840.0,partial,доступность
1786194978795,command_menu,baseline,98880.0,partial,доступность
1786194978795,command_menu,baseline,98920.0,partial,доступность
1786194978795,command_menu,baseline,98960.0,partial,доступность
1786194978795,command_menu,baseline,99000.0,endpoint,доступность
1786194978795,command_menu,baseline,100920.0,partial,доступность
1786194978795,command_menu,baseline,100960.0,partial,доступность
1786194978795,command_menu,baseline,101000.0,partial,доступность
1786194978795,command_menu,baseline,101040.0,partial,доступность
1786194978795,command_menu,baseline,101080.0,partial,доступность
1786194978795,command_menu,baseline,101120.0,partial,доступность
1786194978795,command_menu,baseline,101160.0,partial,доступность
1786194978795,command_menu,baseline,101200.0,partial,доступность
1786194978795,command_menu,baseline,101240.0,partial,доступность
1786194978795,command_menu,baseline,101280.0,partial,доступность
1786194978795,command_menu,baseline,101320.0,partial,доступность
1786194978795,command_menu,baseline,101360.0,partial,доступность
1786194978795,command_menu,baseline,101400.0,partial,доступность
1786194978795,command_menu,baseline,101440.0,partial,доступность
1786194978795,command_menu,baseline,101480.0,partial,доступность
1786194978795,command_menu,baseline,101520.0,partial,доступность
1786194978795,command_menu,baseline,101560.0,partial,доступность
1786194978795,command_menu,baseline,101600.0,partial,доступность
1786194978795,command_menu,baseline,101640.0,partial,доступность
1786194978795,command_menu,baseline,101680.0,partial,доступность
1786194978795,command_menu,baseline,101720.0,partial,доступность
1786194978795,command_menu,baseline,101760.0,partial,доступность
1786194978795,command_menu,baseline,101800.0,partial,доступность
1786194978795,command_menu,baseline,101840.0,partial,доступность
1786194978795,command_menu,baseline,101880.0,partial,доступность
1786194978795,command_menu,baseline,101920.0,partial,доступность
1786194978795,command_menu,baseline,101960.0,partial,доступность
1786194978795,command_menu,baseline,102000.0,partial,доступность
1786194978795,command_menu,baseline,102040.0,partial,доступность
1786194978795,command_menu,baseline,102080.0,partial,доступность
1786194978795,command_menu,baseline,102120.0,endpoint,доступность
1786194978795,command_menu,baseline,105240.0,partial,доступность
1786194978795,command_menu,baseline,105280.0,partial,доступность
1786194978795,command_menu,baseline,105320.0,partial,доступность
1786194978795,command_menu,baseline,105360.0,partial,доступность
1786194978795,command_menu,baseline,105400.0,partial,доступность
1786194978795,command_menu,baseline,105440.0,partial,доступность
1786194978795,command_menu,baseline,105480.0,partial,доступность
1786194978795,command_menu,baseline,105520.0,partial,доступность
1786194978795,command_menu,baseline,105560.0,partial,доступность
1786194978795,command_menu,baseline,105600.0,partial,доступность
1786194978795,command_menu,baseline,105640.0,partial,доступность
1786194978795,command_menu,baseline,105680.0,partial,доступность
1786194978795,command_menu,baseline,105720.0,partial,доступность
1786194978795,command_menu,baseline,105760.0,partial,доступность
1786194978795,command_menu,baseline,105800.0,partial,доступность
1786194978795,command_menu,baseline,105840.0,partial,доступность
1786194978795,command_menu,baseline,105880.0,partial,доступность
1786194978795,command_menu,baseline,105920.0,partial,доступность
1786194978795,command_menu,baseline,105960.0,partial,доступность
1786194978795,command_menu,baseline,106000.0,partial,доступность
1786194978795,command_menu,baseline,106040.0,partial,доступность
1786194978795,command_menu,baseline,106080.0,partial,доступность
1786194978795,command_menu,baseline,106120.0,partial,доступность
1786194978795,command_menu,baseline,106160.0,partial,доступность
1786194978795,command_menu,baseline,106200.0,partial,доступность
1786194978795,command_menu,baseline,106240.0,partial,доступность
1786194978795,command_menu,baseline,106280.0,partial,доступность
1786194978795,command_menu,baseline,106320.0,partial,доступность
1786194978795,command_menu,baseline,106360.0,partial,доступность
1786194978795,command_menu,baseline,106400.0,partial,доступность
1786194978795,command_menu,baseline,106440.0,endpoint,доступность
1786194978795,free_text,baseline,18120.0,partial,вниз
1786194978795,free_text,baseline,18160.0,partial,вниз
1786194978795,free_text,baseline,18200.0,partial,вниз
1786194978795,free_text,baseline,18240.0,partial,вниз
1786194978795,free_text,baseline,18280.0,partial,вниз
1786194978795,free_text,baseline,18320.0,partial,вниз
1786194978795,free_text,baseline,18360.0,partial,вниз
1786194978795,free_text,baseline,18400.0,partial,вниз
1786194978795,free_text,baseline,18440.0,partial,вниз
1786194978795,free_text,baseline,18480.0,partial,вниз
1786194978795,free_text,baseline,18520.0,partial,вниз
1786194978795,free_text,baseline,18560.0,partial,вниз
1786194978795,free_text,baseline,18600.0,endpoint,вниз
1786194978795,free_text,baseline,19320.0,partial,вниз
1786194978795,free_text,baseline,19360.0,partial,вниз
1786194978795,free_text,baseline,19400.0,partial,вниз
1786194978795,free_text,baseline,19440.0,partial,вниз
1786194978795,free_text,baseline,19480.0,partial,вниз
1786194978795,free_text,baseline,19520.0,partial,вниз
1786194978795,free_text,baseline,19560.0,partial,вниз
1786194978795,free_text,baseline,19600.0,partial,вниз
1786194978795,free_text,baseline,19640.0,partial,вниз
1786194978795,free_text,baseline,19680.0,partial,вниз
1786194978795,free_text,baseline,19720.0,partial,вниз
1786194978795,free_text,baseline,19760.0,partial,вниз
1786194978795,free_text,baseline,19800.0,endpoint,вниз
1786194978795,free_text,baseline,20760.0,partial,вниз
1786194978795,free_text,baseline,20800.0,partial,вниз
1786194978795,free_text,baseline,20840.0,partial,вниз
1786194978795,free_text,baseline,20880.0,partial,вниз
1786194978795,free_text,baseline,20920.0,partial,вниз
1786194978795,free_text,baseline,20960.0,partial,вниз
1786194978795,free_text,baseline,21240.0,endpoint,вниз
1786194978795,free_text,baseline,27960.0,partial,вниз
1786194978795,free_text,baseline,28000.0,partial,вниз
1786194978795,free_text,baseline,28040.0,partial,вниз
1786194978795,free_text,baseline,28080.0,partial,вниз
1786194978795,free_text,baseline,28120.0,partial,вниз
1786194978795,free_text,baseline,28160.0,partial,вниз
1786194978795,free_text,baseline,28200.0,partial,вниз
1786194978795,free_text,baseline,28240.0,partial,вниз
1786194978795,free_text,baseline,28280.0,partial,вниз
1786194978795,free_text,baseline,28320.0,partial,вниз
1786194978795,free_text,baseline,28360.0,partial,вниз
1786194978795,free_text,baseline,28400.0,partial,вниз
1786194978795,free_text,baseline,28440.0,partial,вниз
1786194978795,free_text,baseline,28480.0,partial,вниз
1786194978795,free_text,baseline,28520.0,partial,вниз
1786194978795,free_text,baseline,28560.0,partial,вниз
1786194978795,free_text,baseline,28600.0,partial,вниз
1786194978795,free_text,baseline,28640.0,partial,вниз
1786194978795,free_text,baseline,28680.0,endpoint,вниз
1786194978795,free_text,baseline,29400.0,partial,печать
1786194978795,free_text,baseline,29440.0,partial,печать
1786194978795,free_text,baseline,29480.0,partial,печать
1786194978795,free_text,baseline,29520.0,partial,печать
1786194978795,free_text,baseline,29560.0,partial,печать
1786194978795,free_text,baseline,29600.0,partial,печать
1786194978795,free_text,baseline,29640.0,partial,печать
1786194978795,free_text,baseline,29680.0,partial,печать
1786194978795,free_text,baseline,29720.0,partial,печать
1786194978795,free_text,baseline,29760.0,partial,печать
1786194978795,free_text,baseline,29800.0,partial,печать
1786194978795,free_text,baseline,29840.0,partial,печать
1786194978795,free_text,baseline,29880.0,partial,печать
1786194978795,free_text,baseline,29920.0,partial,печать
1786194978795,free_text,baseline,29960.0,partial,печать
1786194978795,free_text,baseline,30000.0,partial,печать
1786194978795,free_text,baseline,30040.0,partial,печать
1786194978795,free_text,baseline,30080.0,partial,печать
1786194978795,free_text,baseline,30120.0,partial,печать
1786194978795,free_text,baseline,30160.0,partial,печать
1786194978795,free_text,baseline,30200.0,partial,печать
1786194978795,free_text,baseline,30240.0,partial,печать
1786194978795,free_text,baseline,30280.0,partial,печать
1786194978795,free_text,baseline,30320.0,partial,печать
1786194978795,free_text,baseline,30360.0,partial,печать
1786194978795,free_text,baseline,30400.0,partial,печать
1786194978795,free_text,baseline,30440.0,partial,печать
1786194978795,free_text,baseline,30480.0,partial,печать
1786194978795,free_text,baseline,30520.0,partial,печать
1786194978795,free_text,baseline,30560.0,partial,печать
1786194978795,free_text,baseline,30600.0,endpoint,печать
1786194978795,free_text,baseline,33000.0,partial,жёлтый
1786194978795,free_text,baseline,33040.0,partial,жёлтый
1786194978795,free_text,baseline,33080.0,partial,жёлтый
1786194978795,free_text,baseline,33120.0,partial,жёлтый
1786194978795,free_text,baseline,33160.0,partial,жёлтый
1786194978795,free_text,baseline,33200.0,partial,жёлтый
1786194978795,free_text,baseline,33240.0,partial,жёлтый
1786194978795,free_text,baseline,33280.0,partial,жёлтый
1786194978795,free_text,baseline,33320.0,partial,жёлтый
1786194978795,free_text,baseline,33360.0,partial,жёлтый
1786194978795,free_text,baseline,33400.0,partial,жёлтый
1786194978795,free_text,baseline,33440.0,partial,жёлтый
1786194978795,free_text,baseline,33480.0,partial,жёлтый
1786194978795,free_text,baseline,33520.0,partial,жёлтый
1786194978795,free_text,baseline,33560.0,partial,жёлтый
1786194978795,free_text,baseline,33600.0,partial,жёлтый
1786194978795,free_text,baseline,33640.0,partial,жёлтый
1786194978795,free_text,baseline,33680.0,partial,жёлтый
1786194978795,free_text,baseline,33720.0,partial,жёлтый
1786194978795,free_text,baseline,33760.0,partial,жёлтый
1786194978795,free_text,baseline,33800.0,partial,жёлтый
1786194978795,free_text,baseline,33840.0,partial,жёлтый
1786194978795,free_text,baseline,33880.0,partial,жёлтый
1786194978795,free_text,baseline,33920.0,partial,жёлтый
1786194978795,free_text,baseline,33960.0,partial,жёлтый
1786194978795,free_text,baseline,34000.0,partial,жёлтый
1786194978795,free_text,baseline,34040.0,partial,жёлтый
1786194978795,free_text,baseline,34080.0,partial,жёлтый
1786194978795,free_text,baseline,34120.0,partial,жёлтый
1786194978795,free_text,baseline,34160.0,partial,жёлтый
1786194978795,free_text,baseline,34200.0,endpoint,жёлтый
1786194978795,free_text,baseline,35880.0,partial,жёлтые
1786194978795,free_text,baseline,35920.0,partial,жёлтые
1786194978795,free_text,baseline,35960.0,partial,жёлтые
1786194978795,free_text,baseline,36000.0,partial,жёлтые
1786194978795,free_text,baseline,36040.0,partial,жёлтые
1786194978795,free_text,baseline,36080.0,partial,жёлтые
1786194978795,free_text,baseline,36120.0,partial,жёлтые
1786194978795,free_text,baseline,36160.0,partial,жёлтые
1786194978795,free_text,baseline,36200.0,partial,жёлтые
1786194978795,free_text,baseline,36240.0,partial,жёлтые
1786194978795,free_text,baseline,36280.0,partial,жёлтые
1786194978795,free_text,baseline,36320.0,partial,жёлтые
1786194978795,free_text,baseline,36360.0,partial,жёлтые
1786194978795,free_text,baseline,36400.0,partial,жёлтые
1786194978795,free_text,baseline,36440.0,partial,жёлтые
1786194978795,free_text,baseline,36480.0,partial,жёлтые
1786194978795,free_text,baseline,36520.0,partial,жёлтые
1786194978795,free_text,baseline,36560.0,partial,жёлтые
1786194978795,free_text,baseline,36600.0,partial,жёлтые
1786194978795,free_text,baseline,36640.0,partial,жёлтые
1786194978795,free_text,baseline,36680.0,partial,жёлтые
1786194978795,free_text,baseline,36720.0,partial,жёлтые
1786194978795,free_text,baseline,36760.0,partial,жёлтые
1786194978795,free_text,baseline,36800.0,partial,жёлтые
1786194978795,free_text,baseline,36840.0,endpoint,жёлтые
1786194978795,free_text,baseline,38280.0,partial,жёлтый
1786194978795,free_text,baseline,38320.0,partial,жёлтый
1786194978795,free_text,baseline,38360.0,partial,жёлтый
1786194978795,free_text,baseline,38400.0,partial,жёлтый
1786194978795,free_text,baseline,38440.0,partial,жёлтый
1786194978795,free_text,baseline,38480.0,partial,жёлтый
1786194978795,free_text,baseline,38520.0,partial,жёлтые
1786194978795,free_text,baseline,38560.0,partial,жёлтые
1786194978795,free_text,baseline,38600.0,partial,жёлтые
1786194978795,free_text,baseline,38640.0,partial,жёлтые
1786194978795,free_text,baseline,38680.0,partial,жёлтые
1786194978795,free_text,baseline,38720.0,partial,жёлтые
1786194978795,free_text,baseline,38760.0,partial,жёлтые
1786194978795,free_text,baseline,38800.0,partial,жёлтые
1786194978795,free_text,baseline,38840.0,partial,жёлтые
1786194978795,free_text,baseline,38880.0,partial,жёлтые
1786194978795,free_text,baseline,38920.0,partial,жёлтые
1786194978795,free_text,baseline,38960.0,partial,жёлтые
1786194978795,free_text,baseline,39000.0,partial,жёлтые
1786194978795,free_text,baseline,39040.0,partial,жёлтые
1786194978795,free_text,baseline,39080.0,partial,жёлтые
1786194978795,free_text,baseline,39120.0,partial,жёлтые
1786194978795,free_text,baseline,39160.0,partial,жёлтые
1786194978795,free_text,baseline,39200.0,partial,жёлтые
1786194978795,free_text,baseline,39240.0,partial,жёлтые
1786194978795,free_text,baseline,39280.0,partial,жёлтые
1786194978795,free_text,baseline,39320.0,partial,жёлтые
1786194978795,free_text,baseline,39360.0,partial,жёлтые
1786194978795,free_text,baseline,39400.0,partial,жёлтые
1786194978795,free_text,baseline,39440.0,partial,жёлтые
1786194978795,free_text,baseline,39480.0,endpoint,жёлтые
1786194978795,free_text,baseline,40440.0,partial,жёлтый
1786194978795,free_text,baseline,40480.0,partial,жёлтый
1786194978795,free_text,baseline,40520.0,partial,жёлтый
1786194978795,free_text,baseline,40560.0,partial,жёлтый
1786194978795,free_text,baseline,40600.0,partial,жёлтый
1786194978795,free_text,baseline,40640.0,partial,жёлтый
1786194978795,free_text,baseline,40680.0,partial,жёлтый
1786194978795,free_text,baseline,40720.0,partial,жёлтый
1786194978795,free_text,baseline,40760.0,partial,жёлтый
1786194978795,free_text,baseline,40800.0,partial,жёлтый
1786194978795,free_text,baseline,40840.0,partial,жёлтый
1786194978795,free_text,baseline,40880.0,partial,жёлтый
1786194978795,free_text,baseline,40920.0,partial,жёлтый
1786194978795,free_text,baseline,40960.0,partial,жёлтый
1786194978795,free_text,baseline,41000.0,partial,жёлтый
1786194978795,free_text,baseline,41040.0,partial,жёлтый
1786194978795,free_text,baseline,41080.0,partial,жёлтый
1786194978795,free_text,baseline,41120.0,partial,жёлтый
1786194978795,free_text,baseline,41160.0,partial,жёлтый
1786194978795,free_text,baseline,41200.0,partial,жёлтый
1786194978795,free_text,baseline,41240.0,partial,жёлтый
1786194978795,free_text,baseline,41280.0,partial,жёлтый
1786194978795,free_text,baseline,41320.0,partial,жёлтый
1786194978795,free_text,baseline,41360.0,partial,жёлтый
1786194978795,free_text,baseline,41400.0,endpoint,жёлтый
1786194978795,free_text,baseline,42360.0,partial,жёлтые
1786194978795,free_text,baseline,42400.0,partial,жёлтые
1786194978795,free_text,baseline,42440.0,partial,жёлтые
1786194978795,free_text,baseline,42480.0,partial,жёлтые
1786194978795,free_text,baseline,42520.0,partial,жёлтые
1786194978795,free_text,baseline,42560.0,partial,жёлтые
1786194978795,free_text,baseline,42600.0,partial,жёлтые
1786194978795,free_text,baseline,42640.0,partial,жёлтые
1786194978795,free_text,baseline,42680.0,partial,жёлтые
1786194978795,free_text,baseline,42720.0,partial,жёлтые
1786194978795,free_text,baseline,42760.0,partial,жёлтые
1786194978795,free_text,baseline,42800.0,partial,жёлтые
1786194978795,free_text,baseline,42840.0,partial,жёлтые
1786194978795,free_text,baseline,42880.0,partial,жёлтые
1786194978795,free_text,baseline,42920.0,partial,жёлтые
1786194978795,free_text,baseline,42960.0,partial,жёлтые
1786194978795,free_text,baseline,43000.0,partial,жёлтые
1786194978795,free_text,baseline,43040.0,partial,жёлтые
1786194978795,free_text,baseline,43080.0,partial,жёлтые
1786194978795,free_text,baseline,43120.0,partial,жёлтые
1786194978795,free_text,baseline,43160.0,partial,жёлтые
1786194978795,free_text,baseline,43200.0,partial,жёлтые
1786194978795,free_text,baseline,43240.0,partial,жёлтые
1786194978795,free_text,baseline,43280.0,partial,жёлтые
1786194978795,free_text,baseline,43320.0,endpoint,жёлтые
1786194978795,free_text,baseline,45240.0,partial,жёлтый
1786194978795,free_text,baseline,45280.0,partial,жёлтый
1786194978795,free_text,baseline,45320.0,partial,жёлтый
1786194978795,free_text,baseline,45360.0,partial,жёлтый
1786194978795,free_text,baseline,45400.0,partial,жёлтый
1786194978795,free_text,baseline,45440.0,partial,жёлтый
1786194978795,free_text,baseline,45480.0,partial,жёлтый
1786194978795,free_text,baseline,45520.0,partial,жёлтый
1786194978795,free_text,baseline,45560.0,partial,жёлтый
1786194978795,free_text,baseline,45600.0,partial,жёлтый
1786194978795,free_text,baseline,45640.0,partial,жёлтый
1786194978795,free_text,baseline,45680.0,partial,жёлтый
1786194978795,free_text,baseline,45720.0,partial,жёлтый
1786194978795,free_text,baseline,45760.0,partial,жёлтый
1786194978795,free_text,baseline,45800.0,partial,жёлтый
1786194978795,free_text,baseline,45840.0,partial,жёлтый
1786194978795,free_text,baseline,45880.0,partial,жёлтый
1786194978795,free_text,baseline,45920.0,partial,жёлтый
1786194978795,free_text,baseline,45960.0,partial,жёлтый
1786194978795,free_text,baseline,46000.0,partial,жёлтый
1786194978795,free_text,baseline,46040.0,partial,жёлтый
1786194978795,free_text,baseline,46080.0,partial,жёлтый
1786194978795,free_text,baseline,46120.0,partial,жёлтый
1786194978795,free_text,baseline,46160.0,partial,жёлтый
1786194978795,free_text,baseline,46200.0,partial,жёлтый
1786194978795,free_text,baseline,46240.0,partial,жёлтый
1786194978795,free_text,baseline,46280.0,partial,жёлтый
1786194978795,free_text,baseline,46320.0,partial,жёлтый
1786194978795,free_text,baseline,46360.0,partial,жёлтый
1786194978795,free_text,baseline,46400.0,partial,жёлтый
1786194978795,free_text,baseline,46440.0,endpoint,жёлтый
1786194978795,free_text,baseline,48840.0,partial,жёлтые
1786194978795,free_text,baseline,48880.0,partial,жёлтые
1786194978795,free_text,baseline,48920.0,partial,жёлтые
1786194978795,free_text,baseline,48960.0,partial,жёлтые
1786194978795,free_text,baseline,49000.0,partial,жёлтые
1786194978795,free_text,baseline,49040.0,partial,жёлтые
1786194978795,free_text,baseline,49080.0,partial,жёлтый
1786194978795,free_text,baseline,49120.0,partial,жёлтый
1786194978795,free_text,baseline,49160.0,partial,жёлтый
1786194978795,free_text,baseline,49200.0,partial,жёлтый
1786194978795,free_text,baseline,49240.0,partial,жёлтый
1786194978795,free_text,baseline,49280.0,partial,жёлтый
1786194978795,free_text,baseline,49320.0,partial,жёлтый
1786194978795,free_text,baseline,49360.0,partial,жёлтый
1786194978795,free_text,baseline,49400.0,partial,жёлтый
1786194978795,free_text,baseline,49440.0,partial,жёлтый
1786194978795,free_text,baseline,49480.0,partial,жёлтый
1786194978795,free_text,baseline,49520.0,partial,жёлтый
1786194978795,free_text,baseline,49560.0,partial,жёлтый
1786194978795,free_text,baseline,49600.0,partial,жёлтый
1786194978795,free_text,baseline,49640.0,partial,жёлтый
1786194978795,free_text,baseline,49680.0,partial,жёлтый
1786194978795,free_text,baseline,49720.0,partial,жёлтый
1786194978795,free_text,baseline,49760.0,partial,жёлтый
1786194978795,free_text,baseline,49800.0,partial,жёлтый
1786194978795,free_text,baseline,49840.0,partial,жёлтый
1786194978795,free_text,baseline,49880.0,partial,жёлтый
1786194978795,free_text,baseline,49920.0,partial,жёлтый
1786194978795,free_text,baseline,49960.0,partial,жёлтый
1786194978795,free_text,baseline,50000.0,partial,жёлтый
1786194978795,free_text,baseline,50040.0,endpoint,жёлтый
1786194978795,free_text,baseline,51960.0,partial,жёлтый
1786194978795,free_text,baseline,52000.0,partial,жёлтый
1786194978795,free_text,baseline,52040.0,partial,жёлтый
1786194978795,free_text,baseline,52080.0,partial,жёлтый
1786194978795,free_text,baseline,52120.0,partial,жёлтый
1786194978795,free_text,baseline,52160.0,partial,жёлтый
1786194978795,free_text,baseline,52200.0,partial,жёлтый
1786194978795,free_text,baseline,52240.0,partial,жёлтый
1786194978795,free_text,baseline,52280.0,partial,жёлтый
1786194978795,free_text,baseline,52320.0,partial,жёлтый
1786194978795,free_text,baseline,52360.0,partial,жёлтый
1786194978795,free_text,baseline,52400.0,partial,жёлтый
1786194978795,free_text,baseline,52440.0,partial,жёлтый
1786194978795,free_text,baseline,52480.0,partial,жёлтый
1786194978795,free_text,baseline,52520.0,partial,жёлтый
1786194978795,free_text,baseline,52560.0,partial,жёлтый
1786194978795,free_text,baseline,52600.0,partial,жёлтый
1786194978795,free_text,baseline,52640.0,partial,жёлтый
1786194978795,free_text,baseline,52680.0,partial,жёлтый
1786194978795,free_text,baseline,52720.0,partial,жёлтый
1786194978795,free_text,baseline,52760.0,partial,жёлтый
1786194978795,free_text,baseline,52800.0,partial,жёлтый
1786194978795,free_text,baseline,52840.0,partial,жёлтый
1786194978795,free_text,baseline,52880.0,partial,жёлтый
1786194978795,free_text,baseline,52920.0,partial,жёлтый
1786194978795,free_text,baseline,52960.0,partial,жёлтый
1786194978795,free_text,baseline,53000.0,partial,жёлтый
1786194978795,free_text,baseline,53040.0,partial,жёлтый
1786194978795,free_text,baseline,53080.0,partial,жёлтый
1786194978795,free_text,baseline,53120.0,partial,жёлтый
1786194978795,free_text,baseline,53160.0,endpoint,жёлтый
1786194978795,free_text,baseline,58920.0,partial,жёлтый
1786194978795,free_text,baseline,58960.0,partial,жёлтый
1786194978795,free_text,baseline,59000.0,partial,жёлтый
1786194978795,free_text,baseline,59040.0,partial,жёлтый
1786194978795,free_text,baseline,59080.0,partial,жёлтый
1786194978795,free_text,baseline,59120.0,partial,жёлтый
1786194978795,free_text,baseline,59160.0,partial,жёлтый
1786194978795,free_text,baseline,59200.0,partial,жёлтый
1786194978795,free_text,baseline,59240.0,partial,жёлтый
1786194978795,free_text,baseline,59280.0,partial,жёлтый
1786194978795,free_text,baseline,59320.0,partial,жёлтый
1786194978795,free_text,baseline,59360.0,partial,жёлтый
1786194978795,free_text,baseline,59400.0,partial,жёлтый
1786194978795,free_text,baseline,59440.0,partial,жёлтый
1786194978795,free_text,baseline,59480.0,partial,жёлтый
1786194978795,free_text,baseline,59520.0,partial,жёлтый
1786194978795,free_text,baseline,59560.0,partial,жёлтый
1786194978795,free_text,baseline,59600.0,partial,жёлтый
1786194978795,free_text,baseline,59640.0,partial,жёлтый
1786194978795,free_text,baseline,59680.0,partial,жёлтый
1786194978795,free_text,baseline,59720.0,partial,жёлтый
1786194978795,free_text,baseline,59760.0,partial,жёлтый
1786194978795,free_text,baseline,59800.0,partial,жёлтый
1786194978795,free_text,baseline,59840.0,partial,жёлтый
1786194978795,free_text,baseline,59880.0,partial,жёлтый
1786194978795,free_text,baseline,59920.0,partial,жёлтый
1786194978795,free_text,baseline,59960.0,partial,жёлтый
1786194978795,free_text,baseline,60000.0,partial,жёлтый
1786194978795,free_text,baseline,60040.0,partial,жёлтый
1786194978795,free_text,baseline,60080.0,partial,жёлтый
1786194978795,free_text,baseline,60120.0,endpoint,жёлтый
1786194978795,free_text,baseline,61320.0,partial,жёлтый
1786194978795,free_text,baseline,61360.0,partial,жёлтый
1786194978795,free_text,baseline,61400.0,partial,жёлтый
1786194978795,free_text,baseline,61440.0,partial,жёлтый
1786194978795,free_text,baseline,61480.0,partial,жёлтый
1786194978795,free_text,baseline,61520.0,partial,жёлтый
1786194978795,free_text,baseline,61560.0,partial,жёлтый
1786194978795,free_text,baseline,61600.0,partial,жёлтый
1786194978795,free_text,baseline,61640.0,partial,жёлтый
1786194978795,free_text,baseline,61680.0,partial,жёлтый
1786194978795,free_text,baseline,61720.0,partial,жёлтый
1786194978795,free_text,baseline,61760.0,partial,жёлтый
1786194978795,free_text,baseline,61800.0,partial,жёлтый
1786194978795,free_text,baseline,61840.0,partial,жёлтый
1786194978795,free_text,baseline,61880.0,partial,жёлтый
1786194978795,free_text,baseline,61920.0,partial,жёлтый
1786194978795,free_text,baseline,61960.0,partial,жёлтый
1786194978795,free_text,baseline,62000.0,partial,жёлтый
1786194978795,free_text,baseline,62040.0,partial,жёлтый
1786194978795,free_text,baseline,62080.0,partial,жёлтый
1786194978795,free_text,baseline,62120.0,partial,жёлтый
1786194978795,free_text,baseline,62160.0,partial,жёлтый
1786194978795,free_text,baseline,62200.0,partial,жёлтый
1786194978795,free_text,baseline,62240.0,partial,жёлтый
1786194978795,free_text,baseline,62280.0,partial,жёлтый
1786194978795,free_text,baseline,62320.0,partial,жёлтый
1786194978795,free_text,baseline,62360.0,partial,жёлтый
1786194978795,free_text,baseline,62400.0,partial,жёлтый
1786194978795,free_text,baseline,62440.0,partial,жёлтый
1786194978795,free_text,baseline,62480.0,partial,жёлтый
1786194978795,free_text,baseline,62520.0,endpoint,жёлтый
1786194978795,free_text,baseline,64200.0,partial,белый
1786194978795,free_text,baseline,64240.0,partial,белый
1786194978795,free_text,baseline,64280.0,partial,белый
1786194978795,free_text,baseline,64320.0,partial,белый
1786194978795,free_text,baseline,64360.0,partial,белый
1786194978795,free_text,baseline,64400.0,partial,белый
1786194978795,free_text,baseline,64440.0,partial,белый
1786194978795,free_text,baseline,64480.0,partial,белый
1786194978795,free_text,baseline,64520.0,partial,белый
1786194978795,free_text,baseline,64560.0,partial,белый
1786194978795,free_text,baseline,64600.0,partial,белый
1786194978795,free_text,baseline,64640.0,partial,белый
1786194978795,free_text,baseline,64680.0,partial,белый
1786194978795,free_text,baseline,64720.0,partial,белый
1786194978795,free_text,baseline,64760.0,partial,белый
1786194978795,free_text,baseline,64800.0,partial,белый
1786194978795,free_text,baseline,64840.0,partial,белый
1786194978795,free_text,baseline,64880.0,partial,белый
1786194978795,free_text,baseline,64920.0,partial,белый
1786194978795,free_text,baseline,64960.0,partial,белый
1786194978795,free_text,baseline,65000.0,partial,белый
1786194978795,free_text,baseline,65040.0,partial,белый
1786194978795,free_text,baseline,65080.0,partial,белый
1786194978795,free_text,baseline,65120.0,partial,белый
1786194978795,free_text,baseline,65160.0,partial,белый
1786194978795,free_text,baseline,65200.0,partial,белый
1786194978795,free_text,baseline,65240.0,partial,белый
1786194978795,free_text,baseline,65280.0,partial,белый
1786194978795,free_text,baseline,65320.0,partial,белый
1786194978795,free_text,baseline,65360.0,partial,белый
1786194978795,free_text,baseline,65400.0,endpoint,белый
1786194978795,free_text,baseline,67560.0,partial,жёлтые
1786194978795,free_text,baseline,67600.0,partial,жёлтые
1786194978795,free_text,baseline,67640.0,partial,жёлтые
1786194978795,free_text,baseline,67680.0,partial,жёлтые
1786194978795,free_text,baseline,67720.0,partial,жёлтые
1786194978795,free_text,baseline,67760.0,partial,жёлтые
1786194978795,free_text,baseline,67800.0,partial,жёлтый
1786194978795,free_text,baseline,67840.0,partial,жёлтый
1786194978795,free_text,baseline,67880.0,partial,жёлтый
1786194978795,free_text,baseline,67920.0,partial,жёлтый
1786194978795,free_text,baseline,67960.0,partial,жёлтый
1786194978795,free_text,baseline,68000.0,partial,жёлтый
1786194978795,free_text,baseline,68040.0,partial,жёлтый
1786194978795,free_text,baseline,68080.0,partial,жёлтый
1786194978795,free_text,baseline,68120.0,partial,жёлтый
1786194978795,free_text,baseline,68160.0,partial,жёлтый
1786194978795,free_text,baseline,68200.0,partial,жёлтый
1786194978795,free_text,baseline,68240.0,partial,жёлтый
1786194978795,free_text,baseline,68280.0,partial,жёлтый
1786194978795,free_text,baseline,68320.0,partial,жёлтый
1786194978795,free_text,baseline,68360.0,partial,жёлтый
1786194978795,free_text,baseline,68400.0,partial,жёлтый
1786194978795,free_text,baseline,68440.0,partial,жёлтый
1786194978795,free_text,baseline,68480.0,partial,жёлтый
1786194978795,free_text,baseline,68520.0,partial,жёлтый
1786194978795,free_text,baseline,68560.0,partial,жёлтый
1786194978795,free_text,baseline,68600.0,partial,жёлтый
1786194978795,free_text,baseline,68640.0,partial,жёлтый
1786194978795,free_text,baseline,68680.0,partial,жёлтый
1786194978795,free_text,baseline,68720.0,partial,жёлтый
1786194978795,free_text,baseline,68760.0,endpoint,жёлтый
1786194978795,free_text,baseline,74280.0,partial,назад
1786194978795,free_text,baseline,74320.0,partial,назад
1786194978795,free_text,baseline,74360.0,partial,назад
1786194978795,free_text,baseline,74400.0,partial,назад
1786194978795,free_text,baseline,74440.0,partial,назад
1786194978795,free_text,baseline,74480.0,partial,назад
1786194978795,free_text,baseline,74520.0,partial,назад
1786194978795,free_text,baseline,74560.0,partial,назад
1786194978795,free_text,baseline,74600.0,partial,назад
1786194978795,free_text,baseline,74640.0,partial,назад
1786194978795,free_text,baseline,74680.0,partial,назад
1786194978795,free_text,baseline,74720.0,partial,назад
1786194978795,free_text,baseline,74760.0,partial,назад
1786194978795,free_text,baseline,74800.0,partial,назад
1786194978795,free_text,baseline,74840.0,partial,назад
1786194978795,free_text,baseline,74880.0,partial,назад
1786194978795,free_text,baseline,74920.0,partial,назад
1786194978795,free_text,baseline,74960.0,partial,назад
1786194978795,free_text,baseline,75000.0,endpoint,назад
1786194978795,free_text,baseline,77880.0,partial,назад
1786194978795,free_text,baseline,77920.0,partial,назад
1786194978795,free_text,baseline,77960.0,partial,назад
1786194978795,free_text,baseline,78000.0,partial,назад
1786194978795,free_text,baseline,78040.0,partial,назад
1786194978795,free_text,baseline,78080.0,partial,назад
1786194978795,free_text,baseline,78120.0,partial,назад
1786194978795,free_text,baseline,78160.0,partial,назад
1786194978795,free_text,baseline,78200.0,partial,назад
1786194978795,free_text,baseline,78240.0,partial,назад
1786194978795,free_text,baseline,78280.0,partial,назад
1786194978795,free_text,baseline,78320.0,partial,назад
1786194978795,free_text,baseline,78360.0,endpoint,назад
1786194978795,free_text,baseline,82920.0,partial,назад
1786194978795,free_text,baseline,82960.0,partial,назад
1786194978795,free_text,baseline,83000.0,partial,назад
1786194978795,free_text,baseline,83040.0,partial,назад
1786194978795,free_text,baseline,83080.0,partial,назад
1786194978795,free_text,baseline,83120.0,partial,назад
1786194978795,free_text,baseline,83160.0,partial,назад
1786194978795,free_text,baseline,83200.0,partial,назад
1786194978795,free_text,baseline,83240.0,partial,назад
1786194978795,free_text,baseline,83280.0,partial,назад
1786194978795,free_text,baseline,83320.0,partial,назад
1786194978795,free_text,baseline,83360.0,partial,назад
1786194978795,free_text,baseline,83400.0,endpoint,назад
1786194978795,free_text,baseline,86040.0,partial,доступность
1786194978795,free_text,baseline,86080.0,partial,доступность
1786194978795,free_text,baseline,86120.0,partial,доступность
1786194978795,free_text,baseline,86160.0,partial,доступность
1786194978795,free_text,baseline,86200.0,partial,доступность
1786194978795,free_text,baseline,86240.0,partial,доступность
1786194978795,free_text,baseline,86280.0,partial,доступность
1786194978795,free_text,baseline,86320.0,partial,доступность
1786194978795,free_text,baseline,86360.0,partial,доступность
1786194978795,free_text,baseline,86400.0,partial,доступность
1786194978795,free_text,baseline,86440.0,partial,доступность
1786194978795,free_text,baseline,86480.0,partial,доступность
1786194978795,free_text,baseline,86520.0,partial,доступность
1786194978795,free_text,baseline,86560.0,partial,доступность
1786194978795,free_text,baseline,86600.0,partial,доступность
1786194978795,free_text,baseline,86640.0,partial,доступность
1786194978795,free_text,baseline,86680.0,partial,доступность
1786194978795,free_text,baseline,86720.0,partial,доступность
1786194978795,free_text,baseline,86760.0,partial,доступность
1786194978795,free_text,baseline,86800.0,partial,доступность
1786194978795,free_text,baseline,86840.0,partial,доступность
1786194978795,free_text,baseline,86880.0,partial,доступность
1786194978795,free_text,baseline,86920.0,partial,доступность
1786194978795,free_text,baseline,86960.0,partial,доступность
1786194978795,free_text,baseline,87000.0,partial,доступность
1786194978795,free_text,baseline,87040.0,partial,доступность
1786194978795,free_text,baseline,87080.0,partial,доступность
1786194978795,free_text,baseline,87120.0,partial,доступность
1786194978795,free_text,baseline,87160.0,partial,доступность
1786194978795,free_text,baseline,87200.0,partial,доступность
1786194978795,free_text,baseline,87240.0,endpoint,доступность
1786194978795,free_text,baseline,89400.0,partial,доступность
1786194978795,free_text,baseline,89440.0,partial,доступность
1786194978795,free_text,baseline,89480.0,partial,доступность
1786194978795,free_text,baseline,89520.0,partial,доступность
1786194978795,free_text,baseline,89560.0,partial,доступность
1786194978795,free_text,baseline,89600.0,partial,доступность
1786194978795,free_text,baseline,89640.0,partial,доступность
1786194978795,free_text,baseline,89680.0,partial,доступность
1786194978795,free_text,baseline,89720.0,partial,доступность
1786194978795,free_text,baseline,89760.0,partial,доступность
1786194978795,free_text,baseline,89800.0,partial,доступность
1786194978795,free_text,baseline,89840.0,partial,доступность
1786194978795,free_text,baseline,89880.0,partial,доступность
1786194978795,free_text,baseline,89920.0,partial,доступность
1786194978795,free_text,baseline,89960.0,partial,доступность
1786194978795,free_text,baseline,90000.0,partial,доступность
1786194978795,free_text,baseline,90040.0,partial,доступность
1786194978795,free_text,baseline,90080.0,partial,доступность
1786194978795,free_text,baseline,90120.0,partial,доступность
1786194978795,free_text,baseline,90160.0,partial,доступность
1786194978795,free_text,baseline,90200.0,partial,доступность
1786194978795,free_text,baseline,90240.0,partial,доступность
1786194978795,free_text,baseline,90280.0,partial,доступность
1786194978795,free_text,baseline,90320.0,partial,доступность
1786194978795,free_text,baseline,90360.0,endpoint,доступность
1786194978795,free_text,baseline,92040.0,partial,доступность
1786194978795,free_text,baseline,92080.0,partial,доступность
1786194978795,free_text,baseline,92120.0,partial,доступность
1786194978795,free_text,baseline,92160.0,partial,доступность
1786194978795,free_text,baseline,92200.0,partial,доступность
1786194978795,free_text,baseline,92240.0,partial,доступность
1786194978795,free_text,baseline,92280.0,partial,доступность
1786194978795,free_text,baseline,92320.0,partial,доступность
1786194978795,free_text,baseline,92360.0,partial,доступность
1786194978795,free_text,baseline,92400.0,partial,доступность
1786194978795,free_text,baseline,92440.0,partial,доступность
1786194978795,free_text,baseline,92480.0,partial,доступность
1786194978795,free_text,baseline,92520.0,partial,доступность
1786194978795,free_text,baseline,92560.0,partial,доступность
1786194978795,free_text,baseline,92600.0,partial,доступность
1786194978795,free_text,baseline,92640.0,partial,доступность
1786194978795,free_text,baseline,92680.0,partial,доступность
1786194978795,free_text,baseline,92720.0,partial,доступность
1786194978795,free_text,baseline,92760.0,partial,доступность
1786194978795,free_text,baseline,92800.0,partial,доступность
1786194978795,free_text,baseline,92840.0,partial,доступность
1786194978795,free_text,baseline,92880.0,partial,доступность
1786194978795,free_text,baseline,92920.0,partial,доступность
1786194978795,free_text,baseline,92960.0,partial,доступность
1786194978795,free_text,baseline,93000.0,partial,доступность
1786194978795,free_text,baseline,93040.0,partial,доступность
1786194978795,free_text,baseline,93080.0,partial,доступность
1786194978795,free_text,baseline,93120.0,partial,доступность
1786194978795,free_text,baseline,93160.0,partial,доступность
1786194978795,free_text,baseline,93200.0,partial,доступность
1786194978795,free_text,baseline,93240.0,endpoint,доступность
1786194978795,free_text,baseline,94920.0,partial,доступность
1786194978795,free_text,baseline,94960.0,partial,доступность
1786194978795,free_text,baseline,95000.0,partial,доступность
1786194978795,free_text,baseline,95040.0,partial,доступность
1786194978795,free_text,baseline,95080.0,partial,доступность
1786194978795,free_text,baseline,95120.0,partial,доступность
1786194978795,free_text,baseline,95160.0,partial,доступность
1786194978795,free_text,baseline,95200.0,partial,доступность
1786194978795,free_text,baseline,95240.0,partial,доступность
1786194978795,free_text,baseline,95280.0,partial,доступность
1786194978795,free_text,baseline,95320.0,partial,доступность
1786194978795,free_text,baseline,95360.0,partial,доступность
1786194978795,free_text,baseline,95400.0,partial,доступность
1786194978795,free_text,baseline,95440.0,partial,доступность
1786194978795,free_text,baseline,95480.0,partial,доступность
1786194978795,free_text,baseline,95520.0,partial,доступность
1786194978795,free_text,baseline,95560.0,partial,доступность
1786194978795,free_text,baseline,95600.0,partial,доступность
1786194978795,free_text,baseline,95640.0,partial,доступность
1786194978795,free_text,baseline,95680.0,partial,доступность
1786194978795,free_text,baseline,95720.0,partial,доступность
1786194978795,free_text,baseline,95760.0,partial,доступность
1786194978795,free_text,baseline,95800.0,partial,доступность
1786194978795,free_text,baseline,95840.0,partial,доступность
1786194978795,free_text,baseline,95880.0,partial,доступность
1786194978795,free_text,baseline,95920.0,partial,доступность
1786194978795,free_text,baseline,95960.0,partial,доступность
1786194978795,free_text,baseline,96000.0,partial,доступность
1786194978795,free_text,baseline,96040.0,partial,доступность
1786194978795,free_text,baseline,96080.0,partial,доступность
1786194978795,free_text,baseline,96120.0,endpoint,доступность
1786194978795,free_text,baseline,98280.0,partial,доступность
1786194978795,free_text,baseline,98320.0,partial,доступность
1786194978795,free_text,baseline,98360.0,partial,доступность
1786194978795,free_text,baseline,98400.0,partial,доступность
1786194978795,free_text,baseline,98440.0,partial,доступность
1786194978795,free_text,baseline,98480.0,partial,доступность
1786194978795,free_text,baseline,98520.0,partial,доступность
1786194978795,free_text,baseline,98560.0,partial,доступность
1786194978795,free_text,baseline,98600.0,partial,доступность
1786194978795,free_text,baseline,98640.0,partial,доступность
1786194978795,free_text,baseline,98680.0,partial,доступность
1786194978795,free_text,baseline,98720.0,partial,доступность
1786194978795,free_text,baseline,98760.0,partial,доступность
1786194978795,free_text,baseline,98800.0,partial,доступность
1786194978795,free_text,baseline,98840.0,partial,доступность
1786194978795,free_text,baseline,98880.0,partial,доступность
1786194978795,free_text,baseline,98920.0,partial,доступность
1786194978795,free_text,baseline,98960.0,partial,доступность
1786194978795,free_text,baseline,99000.0,partial,доступность
1786194978795,free_text,baseline,99040.0,partial,доступность
1786194978795,free_text,baseline,99080.0,partial,доступность
1786194978795,free_text,baseline,99120.0,partial,доступность
1786194978795,free_text,baseline,99160.0,partial,доступность
1786194978795,free_text,baseline,99200.0,partial,доступность
1786194978795,free_text,baseline,99240.0,partial,доступность
1786194978795,free_text,baseline,99280.0,partial,доступность
1786194978795,free_text,baseline,99320.0,partial,доступность
1786194978795,free_text,baseline,99360.0,partial,доступность
1786194978795,free_text,baseline,99400.0,partial,доступность
1786194978795,free_text,baseline,99440.0,partial,доступность
1786194978795,free_text,baseline,99480.0,endpoint,доступность
1786194978795,free_text,baseline,101400.0,partial,доступность
1786194978795,free_text,baseline,101440.0,partial,доступность
1786194978795,free_text,baseline,101480.0,partial,доступность
1786194978795,free_text,baseline,101520.0,partial,доступность
1786194978795,free_text,baseline,101560.0,partial,доступность
1786194978795,free_text,baseline,101600.0,partial,доступность
1786194978795,free_text,baseline,101640.0,partial,доступность
1786194978795,free_text,baseline,101680.0,partial,доступность
1786194978795,free_text,baseline,101720.0,partial,доступность
1786194978795,free_text,baseline,101760.0,partial,доступность
1786194978795,free_text,baseline,101800.0,partial,доступность
1786194978795,free_text,baseline,101840.0,partial,доступность
1786194978795,free_text,baseline,101880.0,partial,доступность
1786194978795,free_text,baseline,101920.0,partial,доступность
1786194978795,free_text,baseline,101960.0,partial,доступность
1786194978795,free_text,baseline,102000.0,partial,доступность
1786194978795,free_text,baseline,102040.0,partial,доступность
1786194978795,free_text,baseline,102080.0,partial,доступность
1786194978795,free_text,baseline,102120.0,partial,доступность
1786194978795,free_text,baseline,102160.0,partial,доступность
1786194978795,free_text,baseline,102200.0,partial,доступность
1786194978795,free_text,baseline,102240.0,partial,доступность
1786194978795,free_text,baseline,102280.0,partial,доступность
1786194978795,free_text,baseline,102320.0,partial,доступность
1786194978795,free_text,baseline,102360.0,partial,доступность
1786194978795,free_text,baseline,102400.0,partial,доступность
1786194978795,free_text,baseline,102440.0,partial,доступность
1786194978795,free_text,baseline,102480.0,partial,доступность
1786194978795,free_text,baseline,102520.0,partial,доступность
1786194978795,free_text,baseline,102560.0,partial,доступность
1786194978795,free_text,baseline,102600.0,endpoint,доступность
1786194978795,free_text,baseline,105960.0,partial,доступность
1786194978795,free_text,baseline,106000.0,partial,доступность
1786194978795,free_text,baseline,106040.0,partial,доступность
1786194978795,free_text,baseline,106080.0,partial,доступность
1786194978795,free_text,baseline,106120.0,partial,доступность
1786194978795,free_text,baseline,106160.0,partial,доступность
1786194978795,free_text,baseline,106200.0,partial,доступность
1786194978795,free_text,baseline,106240.0,partial,доступность
1786194978795,free_text,baseline,106280.0,partial,доступность
1786194978795,free_text,baseline,106320.0,partial,доступность
1786194978795,free_text,baseline,106360.0,partial,доступность
1786194978795,free_text,baseline,106400.0,partial,доступность
1786194978795,free_text,baseline,106440.0,partial,доступность
1786194978795,free_text,baseline,106480.0,partial,доступность
1786194978795,free_text,baseline,106520.0,partial,доступность
1786194978795,free_text,baseline,106560.0,partial,доступность
1786194978795,free_text,baseline,106600.0,partial,доступность
1786194978795,free_text,baseline,106640.0,partial,доступность
1786194978795,free_text,baseline,106680.0,partial,доступность
1786194978795,free_text,baseline,106720.0,partial,доступность
1786194978795,free_text,baseline,106760.0,partial,доступность
1786194978795,free_text,baseline,106800.0,partial,доступность
1786194978795,free_text,baseline,106840.0,partial,доступность
1786194978795,free_text,baseline,106880.0,partial,доступность
1786194978795,free_text,baseline,106920.0,partial,доступность
1786194978795,free_text,baseline,106960.0,partial,доступность
1786194978795,free_text,baseline,107000.0,partial,доступность
1786194978795,free_text,baseline,107040.0,partial,доступность
1786194978795,free_text,baseline,107080.0,partial,доступность
1786194978795,free_text,baseline,107120.0,partial,доступность
1786194978795,free_text,baseline,107160.0,endpoint,доступность
1786194978795,free_text,baseline,137400.0,partial,список
1786194978795,free_text,baseline,137440.0,partial,список
1786194978795,free_text,baseline,137480.0,partial,список
1786194978795,free_text,baseline,137520.0,partial,список
1786194978795,free_text,baseline,137560.0,partial,список
1786194978795,free_text,baseline,137600.0,partial,список
1786194978795,free_text,baseline,137640.0,partial,список
1786194978795,free_text,baseline,137680.0,partial,список
1786194978795,free_text,baseline,137720.0,partial,список
1786194978795,free_text,baseline,137760.0,partial,список
1786194978795,free_text,baseline,137800.0,partial,список
1786194978795,free_text,baseline,137840.0,partial,список
1786194978795,free_text,baseline,137880.0,partial,список
1786194978795,free_text,baseline,137920.0,partial,список
1786194978795,free_text,baseline,137960.0,partial,список
1786194978795,free_text,baseline,138000.0,partial,список
1786194978795,free_text,baseline,138040.0,partial,список
1786194978795,free_text,baseline,138080.0,partial,список
1786194978795,free_text,baseline,138120.0,partial,список
1786194978795,free_text,baseline,138160.0,partial,список
1786194978795,free_text,baseline,138200.0,partial,список
1786194978795,free_text,baseline,138240.0,partial,список
1786194978795,free_text,baseline,138280.0,partial,список
1786194978795,free_text,baseline,138320.0,partial,список
1786194978795,free_text,baseline,138360.0,partial,список
1786194978795,free_text,baseline,138400.0,partial,список
1786194978795,free_text,baseline,138440.0,partial,список
1786194978795,free_text,baseline,138480.0,partial,список
1786194978795,free_text,baseline,138520.0,partial,список
1786194978795,free_text,baseline,138560.0,partial,список
1786194978795,free_text,baseline,138600.0,partial,список
1786194978795,free_text,baseline,138640.0,partial,список
1786194978795,free_text,baseline,138680.0,partial,список
1786194978795,free_text,baseline,138720.0,partial,список
1786194978795,free_text,baseline,138760.0,partial,список
1786194978795,free_text,baseline,138800.0,partial,список
1786194978795,free_text,baseline,138840.0,endpoint,список
1786194978795,free_text,baseline,140760.0,partial,молочную
1786194978795,free_text,baseline,140800.0,partial,молочную
1786194978795,free_text,baseline,140840.0,partial,молочную
1786194978795,free_text,baseline,140880.0,partial,молочную
1786194978795,free_text,baseline,140920.0,partial,молочную
1786194978795,free_text,baseline,140960.0,partial,молочную
1786194978795,free_text,baseline,141000.0,partial,молочная
1786194978795,free_text,baseline,141040.0,partial,молочная
1786194978795,free_text,baseline,141080.0,partial,молочная
1786194978795,free_text,baseline,141120.0,partial,молочная
1786194978795,free_text,baseline,141160.0,partial,молочная
1786194978795,free_text,baseline,141200.0,partial,молочная
1786194978795,free_text,baseline,141240.0,partial,молочная
1786194978795,free_text,baseline,141280.0,partial,молочная
1786194978795,free_text,baseline,141320.0,partial,молочная
1786194978795,free_text,baseline,141360.0,partial,молочная
1786194978795,free_text,baseline,141400.0,partial,молочная
1786194978795,free_text,baseline,141440.0,partial,молочная
1786194978795,free_text,baseline,141480.0,partial,молочная
1786194978795,free_text,baseline,141520.0,partial,молочная
1786194978795,free_text,baseline,141560.0,partial,молочная
1786194978795,free_text,baseline,141600.0,partial,молочная
1786194978795,free_text,baseline,141640.0,partial,молочная
1786194978795,free_text,baseline,141680.0,partial,молочная
1786194978795,free_text,baseline,141720.0,partial,молочная
1786194978795,free_text,baseline,141760.0,partial,молочная
1786194978795,free_text,baseline,141800.0,partial,молочная
1786194978795,free_text,baseline,141840.0,partial,молочная
1786194978795,free_text,baseline,141880.0,partial,молочная
1786194978795,free_text,baseline,141920.0,partial,молочная
1786194978795,free_text,baseline,141960.0,endpoint,молочная
1786194978795,free_text,baseline,146760.0,partial,молочная
1786194978795,free_text,baseline,146800.0,partial,молочная
1786194978795,free_text,baseline,146840.0,partial,молочная
1786194978795,free_text,baseline,146880.0,partial,молочная
1786194978795,free_text,baseline,146920.0,partial,молочная
1786194978795,free_text,baseline,146960.0,partial,молочная
1786194978795,free_text,baseline,147000.0,partial,молочная
1786194978795,free_text,baseline,147040.0,partial,молочная
1786194978795,free_text,baseline,147080.0,partial,молочная
1786194978795,free_text,baseline,147120.0,partial,молочная
1786194978795,free_text,baseline,147160.0,partial,молочная
1786194978795,free_text,baseline,147200.0,partial,молочная
1786194978795,free_text,baseline,147240.0,partial,молочная
1786194978795,free_text,baseline,147280.0,partial,молочная
1786194978795,free_text,baseline,147320.0,partial,молочная
1786194978795,free_text,baseline,147360.0,partial,молочная
1786194978795,free_text,baseline,147400.0,partial,молочная
1786194978795,free_text,baseline,147440.0,partial,молочная
1786194978795,free_text,baseline,147480.0,partial,молочная
1786194978795,free_text,baseline,147520.0,partial,молочная
1786194978795,free_text,baseline,147560.0,partial,молочная
1786194978795,free_text,baseline,147600.0,partial,молочная
1786194978795,free_text,baseline,147640.0,partial,молочная
1786194978795,free_text,baseline,147680.0,partial,молочная
1786194978795,free_text,baseline,147720.0,endpoint,молочная
1786194978795,free_text,baseline,162120.0,partial,ну коровка
1786194978795,free_text,baseline,162160.0,partial,ну коровка
1786194978795,free_text,baseline,162200.0,partial,ну коровка
1786194978795,free_text,baseline,162240.0,partial,ну коровка
1786194978795,free_text,baseline,162280.0,partial,ну коровка
1786194978795,free_text,baseline,162320.0,partial,ну коровка
1786194978795,free_text,baseline,162360.0,partial,ну коровка
1786194978795,free_text,baseline,162400.0,partial,ну коровка
1786194978795,free_text,baseline,162440.0,partial,ну коровка
1786194978795,free_text,baseline,162480.0,partial,ну коровка
1786194978795,free_text,baseline,162520.0,partial,ну коровка
1786194978795,free_text,baseline,162560.0,partial,ну коровка
1786194978795,free_text,baseline,162600.0,partial,ну коровка
1786194978795,free_text,baseline,162640.0,partial,ну коровка
1786194978795,free_text,baseline,162680.0,partial,ну коровка
1786194978795,free_text,baseline,162720.0,partial,ну коровка
1786194978795,free_text,baseline,162760.0,partial,ну коровка
1786194978795,free_text,baseline,162800.0,partial,ну коровка
1786194978795,free_text,baseline,162840.0,endpoint,ну коровка
1786194978795,free_text,baseline,166680.0,partial,коровка
1786194978795,free_text,baseline,166720.0,partial,коровка
1786194978795,free_text,baseline,166760.0,partial,коровка
1786194978795,free_text,baseline,166800.0,partial,коровка
1786194978795,free_text,baseline,166840.0,partial,коровка
1786194978795,free_text,baseline,166880.0,partial,коровка
1786194978795,free_text,baseline,166920.0,partial,коровка
1786194978795,free_text,baseline,166960.0,partial,коровка
1786194978795,free_text,baseline,167000.0,partial,коровка
1786194978795,free_text,baseline,167040.0,partial,коровка
1786194978795,free_text,baseline,167080.0,partial,коровка
1786194978795,free_text,baseline,167120.0,partial,коровка
1786194978795,free_text,baseline,167160.0,partial,коровка
1786194978795,free_text,baseline,167200.0,partial,коровка
1786194978795,free_text,baseline,167240.0,partial,коровка
1786194978795,free_text,baseline,167280.0,partial,коровка
1786194978795,free_text,baseline,167320.0,partial,коровка
1786194978795,free_text,baseline,167360.0,partial,коровка
1786194978795,free_text,baseline,167400.0,endpoint,коровка
1786194978795,free_text,baseline,168840.0,partial,коровка
1786194978795,free_text,baseline,168880.0,partial,коровка
1786194978795,free_text,baseline,168920.0,partial,коровка
1786194978795,free_text,baseline,168960.0,partial,коровка
1786194978795,free_text,baseline,169000.0,partial,коровка
1786194978795,free_text,baseline,169040.0,partial,коровка
1786194978795,free_text,baseline,169080.0,partial,коровка
1786194978795,free_text,baseline,169120.0,partial,коровка
1786194978795,free_text,baseline,169160.0,partial,коровка
1786194978795,free_text,baseline,169200.0,partial,коровка
1786194978795,free_text,baseline,169240.0,partial,коровка
1786194978795,free_text,baseline,169280.0,partial,коровка
1786194978795,free_text,baseline,169320.0,partial,коровка
1786194978795,free_text,baseline,169360.0,partial,коровка
1786194978795,free_text,baseline,169400.0,partial,коровка
1786194978795,free_text,baseline,169440.0,partial,коровка
1786194978795,free_text,baseline,169480.0,partial,коровка
1786194978795,free_text,baseline,169520.0,partial,коровка
1786194978795,free_text,baseline,169560.0,endpoint,коровка
1786194978795,command_menu,webrtc_ns_low,17880.0,partial,вниз
1786194978795,command_menu,webrtc_ns_low,17920.0,partial,вниз
1786194978795,command_menu,webrtc_ns_low,17960.0,partial,вниз
1786194978795,command_menu,webrtc_ns_low,18000.0,partial,вниз
1786194978795,command_menu,webrtc_ns_low,18040.0,partial,вниз
1786194978795,command_menu,webrtc_ns_low,18080.0,partial,вниз
1786194978795,command_menu,webrtc_ns_low,18120.0,partial,вниз
1786194978795,command_menu,webrtc_ns_low,18160.0,partial,вниз
1786194978795,command_menu,webrtc_ns_low,18200.0,partial,вниз
1786194978795,command_menu,webrtc_ns_low,18240.0,partial,вниз
1786194978795,command_menu,webrtc_ns_low,18280.0,partial,вниз
1786194978795,command_menu,webrtc_ns_low,18320.0,partial,вниз
1786194978795,command_menu,webrtc_ns_low,18360.0,partial,вниз
1786194978795,command_menu,webrtc_ns_low,18400.0,partial,вниз
1786194978795,command_menu,webrtc_ns_low,18440.0,partial,вниз
1786194978795,command_menu,webrtc_ns_low,18480.0,partial,вниз
1786194978795,command_menu,webrtc_ns_low,18520.0,partial,вниз
1786194978795,command_menu,webrtc_ns_low,18560.0,partial,вниз
1786194978795,command_menu,webrtc_ns_low,18600.0,endpoint,вниз
1786194978795,command_menu,webrtc_ns_low,19080.0,partial,вниз
1786194978795,command_menu,webrtc_ns_low,19120.0,partial,вниз
1786194978795,command_menu,webrtc_ns_low,19160.0,partial,вниз
1786194978795,command_menu,webrtc_ns_low,19200.0,partial,вниз
1786194978795,command_menu,webrtc_ns_low,19240.0,partial,вниз
1786194978795,command_menu,webrtc_ns_low,19280.0,partial,вниз
1786194978795,command_menu,webrtc_ns_low,19320.0,partial,вниз
1786194978795,command_menu,webrtc_ns_low,19360.0,partial,вниз
1786194978795,command_menu,webrtc_ns_low,19400.0,partial,вниз
1786194978795,command_menu,webrtc_ns_low,19440.0,partial,вниз
1786194978795,command_menu,webrtc_ns_low,19480.0,partial,вниз
1786194978795,command_menu,webrtc_ns_low,19520.0,partial,вниз
1786194978795,command_menu,webrtc_ns_low,19560.0,partial,вниз
1786194978795,command_menu,webrtc_ns_low,19600.0,partial,вниз
1786194978795,command_menu,webrtc_ns_low,19640.0,partial,вниз
1786194978795,command_menu,webrtc_ns_low,19680.0,partial,вниз
1786194978795,command_menu,webrtc_ns_low,19720.0,partial,вниз
1786194978795,command_menu,webrtc_ns_low,19760.0,partial,вниз
1786194978795,command_menu,webrtc_ns_low,19800.0,partial,вниз
1786194978795,command_menu,webrtc_ns_low,19840.0,partial,вниз
1786194978795,command_menu,webrtc_ns_low,19880.0,partial,вниз
1786194978795,command_menu,webrtc_ns_low,19920.0,partial,вниз
1786194978795,command_menu,webrtc_ns_low,19960.0,partial,вниз
1786194978795,command_menu,webrtc_ns_low,20000.0,partial,вниз
1786194978795,command_menu,webrtc_ns_low,20040.0,endpoint,вниз
1786194978795,command_menu,webrtc_ns_low,20520.0,partial,вниз
1786194978795,command_menu,webrtc_ns_low,20560.0,partial,вниз
1786194978795,command_menu,webrtc_ns_low,20600.0,partial,вниз
1786194978795,command_menu,webrtc_ns_low,20640.0,partial,вниз
1786194978795,command_menu,webrtc_ns_low,20680.0,partial,вниз
1786194978795,command_menu,webrtc_ns_low,20720.0,partial,вниз
1786194978795,command_menu,webrtc_ns_low,20760.0,partial,вниз
1786194978795,command_menu,webrtc_ns_low,20800.0,partial,вниз
1786194978795,command_menu,webrtc_ns_low,20840.0,partial,вниз
1786194978795,command_menu,webrtc_ns_low,20880.0,partial,вниз
1786194978795,command_menu,webrtc_ns_low,20920.0,partial,вниз
1786194978795,command_menu,webrtc_ns_low,20960.0,partial,вниз
1786194978795,command_menu,webrtc_ns_low,21000.0,partial,вниз
1786194978795,command_menu,webrtc_ns_low,21040.0,partial,вниз
1786194978795,command_menu,webrtc_ns_low,21080.0,partial,вниз
1786194978795,command_menu,webrtc_ns_low,21120.0,partial,вниз
1786194978795,command_menu,webrtc_ns_low,21160.0,partial,вниз
1786194978795,command_menu,webrtc_ns_low,21200.0,partial,вниз
1786194978795,command_menu,webrtc_ns_low,21240.0,partial,вниз
1786194978795,command_menu,webrtc_ns_low,21280.0,partial,вниз
1786194978795,command_menu,webrtc_ns_low,21320.0,partial,вниз
1786194978795,command_menu,webrtc_ns_low,21360.0,partial,вниз
1786194978795,command_menu,webrtc_ns_low,21400.0,partial,вниз
1786194978795,command_menu,webrtc_ns_low,21440.0,partial,вниз
1786194978795,command_menu,webrtc_ns_low,21480.0,endpoint,вниз
1786194978795,command_menu,webrtc_ns_low,21960.0,partial,вверх
1786194978795,command_menu,webrtc_ns_low,22000.0,partial,вверх
1786194978795,command_menu,webrtc_ns_low,22040.0,partial,вверх
1786194978795,command_menu,webrtc_ns_low,22080.0,partial,вверх
1786194978795,command_menu,webrtc_ns_low,22120.0,partial,вверх
1786194978795,command_menu,webrtc_ns_low,22160.0,partial,вверх
1786194978795,command_menu,webrtc_ns_low,22200.0,partial,вверх
1786194978795,command_menu,webrtc_ns_low,22240.0,partial,вверх
1786194978795,command_menu,webrtc_ns_low,22280.0,partial,вверх
1786194978795,command_menu,webrtc_ns_low,22320.0,partial,вверх
1786194978795,command_menu,webrtc_ns_low,22360.0,partial,вверх
1786194978795,command_menu,webrtc_ns_low,22400.0,partial,вверх
1786194978795,command_menu,webrtc_ns_low,22440.0,partial,вверх
1786194978795,command_menu,webrtc_ns_low,22480.0,partial,вверх
1786194978795,command_menu,webrtc_ns_low,22520.0,partial,вверх
1786194978795,command_menu,webrtc_ns_low,22560.0,partial,вверх
1786194978795,command_menu,webrtc_ns_low,22600.0,partial,вверх
1786194978795,command_menu,webrtc_ns_low,22640.0,partial,вверх
1786194978795,command_menu,webrtc_ns_low,22680.0,endpoint,вверх
1786194978795,command_menu,webrtc_ns_low,22920.0,partial,доступность
1786194978795,command_menu,webrtc_ns_low,22960.0,partial,доступность
1786194978795,command_menu,webrtc_ns_low,23000.0,partial,доступность
1786194978795,command_menu,webrtc_ns_low,23040.0,partial,доступность
1786194978795,command_menu,webrtc_ns_low,23080.0,partial,доступность
1786194978795,command_menu,webrtc_ns_low,23120.0,partial,доступность
1786194978795,command_menu,webrtc_ns_low,23160.0,partial,вверх
1786194978795,command_menu,webrtc_ns_low,23200.0,partial,вверх
1786194978795,command_menu,webrtc_ns_low,23240.0,partial,вверх
1786194978795,command_menu,webrtc_ns_low,23280.0,partial,вверх
1786194978795,command_menu,webrtc_ns_low,23320.0,partial,вверх
1786194978795,command_menu,webrtc_ns_low,23360.0,partial,вверх
1786194978795,command_menu,webrtc_ns_low,23400.0,partial,вверх
1786194978795,command_menu,webrtc_ns_low,23440.0,partial,вверх
1786194978795,command_menu,webrtc_ns_low,23480.0,partial,вверх
1786194978795,command_menu,webrtc_ns_low,23520.0,partial,вверх
1786194978795,command_menu,webrtc_ns_low,23560.0,partial,вверх
1786194978795,command_menu,webrtc_ns_low,23600.0,partial,вверх
1786194978795,command_menu,webrtc_ns_low,23640.0,partial,вверх
1786194978795,command_menu,webrtc_ns_low,23680.0,partial,вверх
1786194978795,command_menu,webrtc_ns_low,23720.0,partial,вверх
1786194978795,command_menu,webrtc_ns_low,23760.0,partial,вверх
1786194978795,command_menu,webrtc_ns_low,23800.0,partial,вверх
1786194978795,command_menu,webrtc_ns_low,23840.0,partial,вверх
1786194978795,command_menu,webrtc_ns_low,23880.0,endpoint,вверх
1786194978795,command_menu,webrtc_ns_low,24840.0,partial,вверх
1786194978795,command_menu,webrtc_ns_low,24880.0,partial,вверх
1786194978795,command_menu,webrtc_ns_low,24920.0,partial,вверх
1786194978795,command_menu,webrtc_ns_low,24960.0,partial,вверх
1786194978795,command_menu,webrtc_ns_low,25000.0,partial,вверх
1786194978795,command_menu,webrtc_ns_low,25040.0,partial,вверх
1786194978795,command_menu,webrtc_ns_low,25080.0,partial,вверх
1786194978795,command_menu,webrtc_ns_low,25120.0,partial,вверх
1786194978795,command_menu,webrtc_ns_low,25160.0,partial,вверх
1786194978795,command_menu,webrtc_ns_low,25200.0,partial,вверх
1786194978795,command_menu,webrtc_ns_low,25240.0,partial,вверх
1786194978795,command_menu,webrtc_ns_low,25280.0,partial,вверх
1786194978795,command_menu,webrtc_ns_low,25320.0,partial,вверх
1786194978795,command_menu,webrtc_ns_low,25360.0,partial,вверх
1786194978795,command_menu,webrtc_ns_low,25400.0,partial,вверх
1786194978795,command_menu,webrtc_ns_low,25440.0,partial,вверх
1786194978795,command_menu,webrtc_ns_low,25480.0,partial,вверх
1786194978795,command_menu,webrtc_ns_low,25520.0,partial,вверх
1786194978795,command_menu,webrtc_ns_low,25560.0,endpoint,вверх
1786194978795,command_menu,webrtc_ns_low,26520.0,partial,вверх
1786194978795,command_menu,webrtc_ns_low,26560.0,partial,вверх
1786194978795,command_menu,webrtc_ns_low,26600.0,partial,вверх
1786194978795,command_menu,webrtc_ns_low,26640.0,partial,вверх
1786194978795,command_menu,webrtc_ns_low,26680.0,partial,вверх
1786194978795,command_menu,webrtc_ns_low,26720.0,partial,вверх
1786194978795,command_menu,webrtc_ns_low,26760.0,partial,вверх
1786194978795,command_menu,webrtc_ns_low,26800.0,partial,вверх
1786194978795,command_menu,webrtc_ns_low,26840.0,partial,вверх
1786194978795,command_menu,webrtc_ns_low,26880.0,partial,вверх
1786194978795,command_menu,webrtc_ns_low,26920.0,partial,вверх
1786194978795,command_menu,webrtc_ns_low,26960.0,partial,вверх
1786194978795,command_menu,webrtc_ns_low,27000.0,partial,вверх
1786194978795,command_menu,webrtc_ns_low,27040.0,partial,вверх
1786194978795,command_menu,webrtc_ns_low,27080.0,partial,вверх
1786194978795,command_menu,webrtc_ns_low,27120.0,partial,вверх
1786194978795,command_menu,webrtc_ns_low,27160.0,partial,вверх
1786194978795,command_menu,webrtc_ns_low,27200.0,partial,вверх
1786194978795,command_menu,webrtc_ns_low,27240.0,endpoint,вверх
1786194978795,command_menu,webrtc_ns_low,27720.0,partial,вниз
1786194978795,command_menu,webrtc_ns_low,27760.0,partial,вниз
1786194978795,command_menu,webrtc_ns_low,27800.0,partial,вниз
1786194978795,command_menu,webrtc_ns_low,27840.0,partial,вниз
1786194978795,command_menu,webrtc_ns_low,27880.0,partial,вниз
1786194978795,command_menu,webrtc_ns_low,27920.0,partial,вниз
1786194978795,command_menu,webrtc_ns_low,27960.0,partial,вниз
1786194978795,command_menu,webrtc_ns_low,28000.0,partial,вниз
1786194978795,command_menu,webrtc_ns_low,28040.0,partial,вниз
1786194978795,command_menu,webrtc_ns_low,28080.0,partial,вниз
1786194978795,command_menu,webrtc_ns_low,28120.0,partial,вниз
1786194978795,command_menu,webrtc_ns_low,28160.0,partial,вниз
1786194978795,command_menu,webrtc_ns_low,28200.0,partial,вниз
1786194978795,command_menu,webrtc_ns_low,28240.0,partial,вниз
1786194978795,command_menu,webrtc_ns_low,28280.0,partial,вниз
1786194978795,command_menu,webrtc_ns_low,28320.0,partial,вниз
1786194978795,command_menu,webrtc_ns_low,28360.0,partial,вниз
1786194978795,command_menu,webrtc_ns_low,28400.0,partial,вниз
1786194978795,command_menu,webrtc_ns_low,28440.0,partial,вниз
1786194978795,command_menu,webrtc_ns_low,28480.0,partial,вниз
1786194978795,command_menu,webrtc_ns_low,28520.0,partial,вниз
1786194978795,command_menu,webrtc_ns_low,28560.0,partial,вниз
1786194978795,command_menu,webrtc_ns_low,28600.0,partial,вниз
1786194978795,command_menu,webrtc_ns_low,28640.0,partial,вниз
1786194978795,command_menu,webrtc_ns_low,28680.0,endpoint,вниз
1786194978795,command_menu,webrtc_ns_low,28920.0,partial,печать
1786194978795,command_menu,webrtc_ns_low,28960.0,partial,печать
1786194978795,command_menu,webrtc_ns_low,29000.0,partial,печать
1786194978795,command_menu,webrtc_ns_low,29040.0,partial,печать
1786194978795,command_menu,webrtc_ns_low,29080.0,partial,печать
1786194978795,command_menu,webrtc_ns_low,29120.0,partial,печать
1786194978795,command_menu,webrtc_ns_low,29160.0,partial,печать
1786194978795,command_menu,webrtc_ns_low,29200.0,partial,печать
1786194978795,command_menu,webrtc_ns_low,29240.0,partial,печать
1786194978795,command_menu,webrtc_ns_low,29280.0,partial,печать
1786194978795,command_menu,webrtc_ns_low,29320.0,partial,печать
1786194978795,command_menu,webrtc_ns_low,29360.0,partial,печать
1786194978795,command_menu,webrtc_ns_low,29400.0,partial,печать
1786194978795,command_menu,webrtc_ns_low,29440.0,partial,печать
1786194978795,command_menu,webrtc_ns_low,29480.0,partial,печать
1786194978795,command_menu,webrtc_ns_low,29520.0,partial,печать
1786194978795,command_menu,webrtc_ns_low,29560.0,partial,печать
1786194978795,command_menu,webrtc_ns_low,29600.0,partial,печать
1786194978795,command_menu,webrtc_ns_low,29640.0,partial,печать
1786194978795,command_menu,webrtc_ns_low,29680.0,partial,печать
1786194978795,command_menu,webrtc_ns_low,29720.0,partial,печать
1786194978795,command_menu,webrtc_ns_low,29760.0,partial,печать
1786194978795,command_menu,webrtc_ns_low,29800.0,partial,печать
1786194978795,command_menu,webrtc_ns_low,29840.0,partial,печать
1786194978795,command_menu,webrtc_ns_low,29880.0,partial,печать
1786194978795,command_menu,webrtc_ns_low,29920.0,partial,печать
1786194978795,command_menu,webrtc_ns_low,29960.0,partial,печать
1786194978795,command_menu,webrtc_ns_low,30000.0,partial,печать
1786194978795,command_menu,webrtc_ns_low,30040.0,partial,печать
1786194978795,command_menu,webrtc_ns_low,30080.0,partial,печать
1786194978795,command_menu,webrtc_ns_low,30120.0,endpoint,печать
1786194978795,command_menu,webrtc_ns_low,44760.0,partial,доступность
1786194978795,command_menu,webrtc_ns_low,44800.0,partial,доступность
1786194978795,command_menu,webrtc_ns_low,44840.0,partial,доступность
1786194978795,command_menu,webrtc_ns_low,44880.0,partial,доступность
1786194978795,command_menu,webrtc_ns_low,44920.0,partial,доступность
1786194978795,command_menu,webrtc_ns_low,44960.0,partial,доступность
1786194978795,command_menu,webrtc_ns_low,61080.0,partial,доступность
1786194978795,command_menu,webrtc_ns_low,61120.0,partial,доступность
1786194978795,command_menu,webrtc_ns_low,61160.0,partial,доступность
1786194978795,command_menu,webrtc_ns_low,61200.0,partial,доступность
1786194978795,command_menu,webrtc_ns_low,61240.0,partial,доступность
1786194978795,command_menu,webrtc_ns_low,61280.0,partial,доступность
1786194978795,command_menu,webrtc_ns_low,63960.0,partial,печать
1786194978795,command_menu,webrtc_ns_low,64000.0,partial,печать
1786194978795,command_menu,webrtc_ns_low,64040.0,partial,печать
1786194978795,command_menu,webrtc_ns_low,64080.0,partial,печать
1786194978795,command_menu,webrtc_ns_low,64120.0,partial,печать
1786194978795,command_menu,webrtc_ns_low,64160.0,partial,печать
1786194978795,command_menu,webrtc_ns_low,85320.0,partial,доступность
1786194978795,command_menu,webrtc_ns_low,85360.0,partial,доступность
1786194978795,command_menu,webrtc_ns_low,85400.0,partial,доступность
1786194978795,command_menu,webrtc_ns_low,85440.0,partial,доступность
1786194978795,command_menu,webrtc_ns_low,85480.0,partial,доступность
1786194978795,command_menu,webrtc_ns_low,85520.0,partial,доступность
1786194978795,command_menu,webrtc_ns_low,85560.0,partial,доступность
1786194978795,command_menu,webrtc_ns_low,85600.0,partial,доступность
1786194978795,command_menu,webrtc_ns_low,85640.0,partial,доступность
1786194978795,command_menu,webrtc_ns_low,85680.0,partial,доступность
1786194978795,command_menu,webrtc_ns_low,85720.0,partial,доступность
1786194978795,command_menu,webrtc_ns_low,85760.0,partial,доступность
1786194978795,command_menu,webrtc_ns_low,85800.0,partial,доступность
1786194978795,command_menu,webrtc_ns_low,85840.0,partial,доступность
1786194978795,command_menu,webrtc_ns_low,85880.0,partial,доступность
1786194978795,command_menu,webrtc_ns_low,85920.0,partial,доступность
1786194978795,command_menu,webrtc_ns_low,85960.0,partial,доступность
1786194978795,command_menu,webrtc_ns_low,86000.0,partial,доступность
1786194978795,command_menu,webrtc_ns_low,86040.0,partial,доступность
1786194978795,command_menu,webrtc_ns_low,86080.0,partial,доступность
1786194978795,command_menu,webrtc_ns_low,86120.0,partial,доступность
1786194978795,command_menu,webrtc_ns_low,86160.0,partial,доступность
1786194978795,command_menu,webrtc_ns_low,86200.0,partial,доступность
1786194978795,command_menu,webrtc_ns_low,86240.0,partial,доступность
1786194978795,command_menu,webrtc_ns_low,86280.0,partial,доступность
1786194978795,command_menu,webrtc_ns_low,86320.0,partial,доступность
1786194978795,command_menu,webrtc_ns_low,86360.0,partial,доступность
1786194978795,command_menu,webrtc_ns_low,86400.0,partial,доступность
1786194978795,command_menu,webrtc_ns_low,86440.0,partial,доступность
1786194978795,command_menu,webrtc_ns_low,86480.0,partial,доступность
1786194978795,command_menu,webrtc_ns_low,86520.0,partial,доступность
1786194978795,command_menu,webrtc_ns_low,86560.0,partial,доступность
1786194978795,command_menu,webrtc_ns_low,86600.0,partial,доступность
1786194978795,command_menu,webrtc_ns_low,86640.0,partial,доступность
1786194978795,command_menu,webrtc_ns_low,86680.0,partial,доступность
1786194978795,command_menu,webrtc_ns_low,86720.0,partial,доступность
1786194978795,command_menu,webrtc_ns_low,86760.0,endpoint,доступность
1786194978795,command_menu,webrtc_ns_low,88680.0,partial,доступность
1786194978795,command_menu,webrtc_ns_low,88720.0,partial,доступность
1786194978795,command_menu,webrtc_ns_low,88760.0,partial,доступность
1786194978795,command_menu,webrtc_ns_low,88800.0,partial,доступность
1786194978795,command_menu,webrtc_ns_low,88840.0,partial,доступность
1786194978795,command_menu,webrtc_ns_low,88880.0,partial,доступность
1786194978795,command_menu,webrtc_ns_low,88920.0,partial,доступность
1786194978795,command_menu,webrtc_ns_low,88960.0,partial,доступность
1786194978795,command_menu,webrtc_ns_low,89000.0,partial,доступность
1786194978795,command_menu,webrtc_ns_low,89040.0,partial,доступность
1786194978795,command_menu,webrtc_ns_low,89080.0,partial,доступность
1786194978795,command_menu,webrtc_ns_low,89120.0,partial,доступность
1786194978795,command_menu,webrtc_ns_low,89160.0,partial,доступность
1786194978795,command_menu,webrtc_ns_low,89200.0,partial,доступность
1786194978795,command_menu,webrtc_ns_low,89240.0,partial,доступность
1786194978795,command_menu,webrtc_ns_low,89280.0,partial,доступность
1786194978795,command_menu,webrtc_ns_low,89320.0,partial,доступность
1786194978795,command_menu,webrtc_ns_low,89360.0,partial,доступность
1786194978795,command_menu,webrtc_ns_low,89400.0,partial,доступность
1786194978795,command_menu,webrtc_ns_low,89440.0,partial,доступность
1786194978795,command_menu,webrtc_ns_low,89480.0,partial,доступность
1786194978795,command_menu,webrtc_ns_low,89520.0,partial,доступность
1786194978795,command_menu,webrtc_ns_low,89560.0,partial,доступность
1786194978795,command_menu,webrtc_ns_low,89600.0,partial,доступность
1786194978795,command_menu,webrtc_ns_low,89640.0,partial,доступность
1786194978795,command_menu,webrtc_ns_low,89680.0,partial,доступность
1786194978795,command_menu,webrtc_ns_low,89720.0,partial,доступность
1786194978795,command_menu,webrtc_ns_low,89760.0,partial,доступность
1786194978795,command_menu,webrtc_ns_low,89800.0,partial,доступность
1786194978795,command_menu,webrtc_ns_low,89840.0,partial,доступность
1786194978795,command_menu,webrtc_ns_low,89880.0,endpoint,доступность
1786194978795,command_menu,webrtc_ns_low,91320.0,partial,доступность
1786194978795,command_menu,webrtc_ns_low,91360.0,partial,доступность
1786194978795,command_menu,webrtc_ns_low,91400.0,partial,доступность
1786194978795,command_menu,webrtc_ns_low,91440.0,partial,доступность
1786194978795,command_menu,webrtc_ns_low,91480.0,partial,доступность
1786194978795,command_menu,webrtc_ns_low,91520.0,partial,доступность
1786194978795,command_menu,webrtc_ns_low,91560.0,partial,доступность
1786194978795,command_menu,webrtc_ns_low,91600.0,partial,доступность
1786194978795,command_menu,webrtc_ns_low,91640.0,partial,доступность
1786194978795,command_menu,webrtc_ns_low,91680.0,partial,доступность
1786194978795,command_menu,webrtc_ns_low,91720.0,partial,доступность
1786194978795,command_menu,webrtc_ns_low,91760.0,partial,доступность
1786194978795,command_menu,webrtc_ns_low,91800.0,partial,доступность
1786194978795,command_menu,webrtc_ns_low,91840.0,partial,доступность
1786194978795,command_menu,webrtc_ns_low,91880.0,partial,доступность
1786194978795,command_menu,webrtc_ns_low,91920.0,partial,доступность
1786194978795,command_menu,webrtc_ns_low,91960.0,partial,доступность
1786194978795,command_menu,webrtc_ns_low,92000.0,partial,доступность
1786194978795,command_menu,webrtc_ns_low,92040.0,partial,доступность
1786194978795,command_menu,webrtc_ns_low,92080.0,partial,доступность
1786194978795,command_menu,webrtc_ns_low,92120.0,partial,доступность
1786194978795,command_menu,webrtc_ns_low,92160.0,partial,доступность
1786194978795,command_menu,webrtc_ns_low,92200.0,partial,доступность
1786194978795,command_menu,webrtc_ns_low,92240.0,partial,доступность
1786194978795,command_menu,webrtc_ns_low,92280.0,partial,доступность
1786194978795,command_menu,webrtc_ns_low,92320.0,partial,доступность
1786194978795,command_menu,webrtc_ns_low,92360.0,partial,доступность
1786194978795,command_menu,webrtc_ns_low,92400.0,partial,доступность
1786194978795,command_menu,webrtc_ns_low,92440.0,partial,доступность
1786194978795,command_menu,webrtc_ns_low,92480.0,partial,доступность
1786194978795,command_menu,webrtc_ns_low,92520.0,partial,доступность
1786194978795,command_menu,webrtc_ns_low,92560.0,partial,доступность
1786194978795,command_menu,webrtc_ns_low,92600.0,partial,доступность
1786194978795,command_menu,webrtc_ns_low,92640.0,partial,доступность
1786194978795,command_menu,webrtc_ns_low,92680.0,partial,доступность
1786194978795,command_menu,webrtc_ns_low,92720.0,partial,доступность
1786194978795,command_menu,webrtc_ns_low,92760.0,endpoint,доступность
1786194978795,command_menu,webrtc_ns_low,94200.0,partial,доступность
1786194978795,command_menu,webrtc_ns_low,94240.0,partial,доступность
1786194978795,command_menu,webrtc_ns_low,94280.0,partial,доступность
1786194978795,command_menu,webrtc_ns_low,94320.0,partial,доступность
1786194978795,command_menu,webrtc_ns_low,94360.0,partial,доступность
1786194978795,command_menu,webrtc_ns_low,94400.0,partial,доступность
1786194978795,command_menu,webrtc_ns_low,94440.0,partial,доступность
1786194978795,command_menu,webrtc_ns_low,94480.0,partial,доступность
1786194978795,command_menu,webrtc_ns_low,94520.0,partial,доступность
1786194978795,command_menu,webrtc_ns_low,94560.0,partial,доступность
1786194978795,command_menu,webrtc_ns_low,94600.0,partial,доступность
1786194978795,command_menu,webrtc_ns_low,94640.0,partial,доступность
1786194978795,command_menu,webrtc_ns_low,94680.0,partial,доступность
1786194978795,command_menu,webrtc_ns_low,94720.0,partial,доступность
1786194978795,command_menu,webrtc_ns_low,94760.0,partial,доступность
1786194978795,command_menu,webrtc_ns_low,94800.0,partial,доступность
1786194978795,command_menu,webrtc_ns_low,94840.0,partial,доступность
1786194978795,command_menu,webrtc_ns_low,94880.0,partial,доступность
1786194978795,command_menu,webrtc_ns_low,94920.0,partial,доступность
1786194978795,command_menu,webrtc_ns_low,94960.0,partial,доступность
1786194978795,command_menu,webrtc_ns_low,95000.0,partial,доступность
1786194978795,command_menu,webrtc_ns_low,95040.0,partial,доступность
1786194978795,command_menu,webrtc_ns_low,95080.0,partial,доступность
1786194978795,command_menu,webrtc_ns_low,95120.0,partial,доступность
1786194978795,command_menu,webrtc_ns_low,95160.0,partial,доступность
1786194978795,command_menu,webrtc_ns_low,95200.0,partial,доступность
1786194978795,command_menu,webrtc_ns_low,95240.0,partial,доступность
1786194978795,command_menu,webrtc_ns_low,95280.0,partial,доступность
1786194978795,command_menu,webrtc_ns_low,95320.0,partial,доступность
1786194978795,command_menu,webrtc_ns_low,95360.0,partial,доступность
1786194978795,command_menu,webrtc_ns_low,95400.0,partial,доступность
1786194978795,command_menu,webrtc_ns_low,95440.0,partial,доступность
1786194978795,command_menu,webrtc_ns_low,95480.0,partial,доступность
1786194978795,command_menu,webrtc_ns_low,95520.0,partial,доступность
1786194978795,command_menu,webrtc_ns_low,95560.0,partial,доступность
1786194978795,command_menu,webrtc_ns_low,95600.0,partial,доступность
1786194978795,command_menu,webrtc_ns_low,95640.0,endpoint,доступность
1786194978795,command_menu,webrtc_ns_low,97560.0,partial,доступность
1786194978795,command_menu,webrtc_ns_low,97600.0,partial,доступность
1786194978795,command_menu,webrtc_ns_low,97640.0,partial,доступность
1786194978795,command_menu,webrtc_ns_low,97680.0,partial,доступность
1786194978795,command_menu,webrtc_ns_low,97720.0,partial,доступность
1786194978795,command_menu,webrtc_ns_low,97760.0,partial,доступность
1786194978795,command_menu,webrtc_ns_low,97800.0,partial,доступность
1786194978795,command_menu,webrtc_ns_low,97840.0,partial,доступность
1786194978795,command_menu,webrtc_ns_low,97880.0,partial,доступность
1786194978795,command_menu,webrtc_ns_low,97920.0,partial,доступность
1786194978795,command_menu,webrtc_ns_low,97960.0,partial,доступность
1786194978795,command_menu,webrtc_ns_low,98000.0,partial,доступность
1786194978795,command_menu,webrtc_ns_low,98040.0,partial,доступность
1786194978795,command_menu,webrtc_ns_low,98080.0,partial,доступность
1786194978795,command_menu,webrtc_ns_low,98120.0,partial,доступность
1786194978795,command_menu,webrtc_ns_low,98160.0,partial,доступность
1786194978795,command_menu,webrtc_ns_low,98200.0,partial,доступность
1786194978795,command_menu,webrtc_ns_low,98240.0,partial,доступность
1786194978795,command_menu,webrtc_ns_low,98280.0,partial,доступность
1786194978795,command_menu,webrtc_ns_low,98320.0,partial,доступность
1786194978795,command_menu,webrtc_ns_low,98360.0,partial,доступность
1786194978795,command_menu,webrtc_ns_low,98400.0,partial,доступность
1786194978795,command_menu,webrtc_ns_low,98440.0,partial,доступность
1786194978795,command_menu,webrtc_ns_low,98480.0,partial,доступность
1786194978795,command_menu,webrtc_ns_low,98520.0,partial,доступность
1786194978795,command_menu,webrtc_ns_low,98560.0,partial,доступность
1786194978795,command_menu,webrtc_ns_low,98600.0,partial,доступность
1786194978795,command_menu,webrtc_ns_low,98640.0,partial,доступность
1786194978795,command_menu,webrtc_ns_low,98680.0,partial,доступность
1786194978795,command_menu,webrtc_ns_low,98720.0,partial,доступность
1786194978795,command_menu,webrtc_ns_low,98760.0,partial,доступность
1786194978795,command_menu,webrtc_ns_low,98800.0,partial,доступность
1786194978795,command_menu,webrtc_ns_low,98840.0,partial,доступность
1786194978795,command_menu,webrtc_ns_low,98880.0,partial,доступность
1786194978795,command_menu,webrtc_ns_low,98920.0,partial,доступность
1786194978795,command_menu,webrtc_ns_low,98960.0,partial,доступность
1786194978795,command_menu,webrtc_ns_low,99000.0,endpoint,доступность
1786194978795,command_menu,webrtc_ns_low,100920.0,partial,доступность
1786194978795,command_menu,webrtc_ns_low,100960.0,partial,доступность
1786194978795,command_menu,webrtc_ns_low,101000.0,partial,доступность
1786194978795,command_menu,webrtc_ns_low,101040.0,partial,доступность
1786194978795,command_menu,webrtc_ns_low,101080.0,partial,доступность
1786194978795,command_menu,webrtc_ns_low,101120.0,partial,доступность
1786194978795,command_menu,webrtc_ns_low,101160.0,partial,доступность
1786194978795,command_menu,webrtc_ns_low,101200.0,partial,доступность
1786194978795,command_menu,webrtc_ns_low,101240.0,partial,доступность
1786194978795,command_menu,webrtc_ns_low,101280.0,partial,доступность
1786194978795,command_menu,webrtc_ns_low,101320.0,partial,доступность
1786194978795,command_menu,webrtc_ns_low,101360.0,partial,доступность
1786194978795,command_menu,webrtc_ns_low,101400.0,partial,доступность
1786194978795,command_menu,webrtc_ns_low,101440.0,partial,доступность
1786194978795,command_menu,webrtc_ns_low,101480.0,partial,доступность
1786194978795,command_menu,webrtc_ns_low,101520.0,partial,доступность
1786194978795,command_menu,webrtc_ns_low,101560.0,partial,доступность
1786194978795,command_menu,webrtc_ns_low,101600.0,partial,доступность
1786194978795,command_menu,webrtc_ns_low,101640.0,partial,доступность
1786194978795,command_menu,webrtc_ns_low,101680.0,partial,доступность
1786194978795,command_menu,webrtc_ns_low,101720.0,partial,доступность
1786194978795,command_menu,webrtc_ns_low,101760.0,partial,доступность
1786194978795,command_menu,webrtc_ns_low,101800.0,partial,доступность
1786194978795,command_menu,webrtc_ns_low,101840.0,partial,доступность
1786194978795,command_menu,webrtc_ns_low,101880.0,partial,доступность
1786194978795,command_menu,webrtc_ns_low,101920.0,partial,доступность
1786194978795,command_menu,webrtc_ns_low,101960.0,partial,доступность
1786194978795,command_menu,webrtc_ns_low,102000.0,partial,доступность
1786194978795,command_menu,webrtc_ns_low,102040.0,partial,доступность
1786194978795,command_menu,webrtc_ns_low,102080.0,partial,доступность
1786194978795,command_menu,webrtc_ns_low,102120.0,endpoint,доступность
1786194978795,command_menu,webrtc_ns_low,105240.0,partial,доступность
1786194978795,command_menu,webrtc_ns_low,105280.0,partial,доступность
1786194978795,command_menu,webrtc_ns_low,105320.0,partial,доступность
1786194978795,command_menu,webrtc_ns_low,105360.0,partial,доступность
1786194978795,command_menu,webrtc_ns_low,105400.0,partial,доступность
1786194978795,command_menu,webrtc_ns_low,105440.0,partial,доступность
1786194978795,command_menu,webrtc_ns_low,105480.0,partial,доступность
1786194978795,command_menu,webrtc_ns_low,105520.0,partial,доступность
1786194978795,command_menu,webrtc_ns_low,105560.0,partial,доступность
1786194978795,command_menu,webrtc_ns_low,105600.0,partial,доступность
1786194978795,command_menu,webrtc_ns_low,105640.0,partial,доступность
1786194978795,command_menu,webrtc_ns_low,105680.0,partial,доступность
1786194978795,command_menu,webrtc_ns_low,105720.0,partial,доступность
1786194978795,command_menu,webrtc_ns_low,105760.0,partial,доступность
1786194978795,command_menu,webrtc_ns_low,105800.0,partial,доступность
1786194978795,command_menu,webrtc_ns_low,105840.0,partial,доступность
1786194978795,command_menu,webrtc_ns_low,105880.0,partial,доступность
1786194978795,command_menu,webrtc_ns_low,105920.0,partial,доступность
1786194978795,command_menu,webrtc_ns_low,105960.0,partial,доступность
1786194978795,command_menu,webrtc_ns_low,106000.0,partial,доступность
1786194978795,command_menu,webrtc_ns_low,106040.0,partial,доступность
1786194978795,command_menu,webrtc_ns_low,106080.0,partial,доступность
1786194978795,command_menu,webrtc_ns_low,106120.0,partial,доступность
1786194978795,command_menu,webrtc_ns_low,106160.0,partial,доступность
1786194978795,command_menu,webrtc_ns_low,106200.0,partial,доступность
1786194978795,command_menu,webrtc_ns_low,106240.0,partial,доступность
1786194978795,command_menu,webrtc_ns_low,106280.0,partial,доступность
1786194978795,command_menu,webrtc_ns_low,106320.0,partial,доступность
1786194978795,command_menu,webrtc_ns_low,106360.0,partial,доступность
1786194978795,command_menu,webrtc_ns_low,106400.0,partial,доступность
1786194978795,command_menu,webrtc_ns_low,106440.0,endpoint,доступность
1786194978795,command_menu,webrtc_ns_low,137400.0,partial,печать
1786194978795,command_menu,webrtc_ns_low,137440.0,partial,печать
1786194978795,command_menu,webrtc_ns_low,137480.0,partial,печать
1786194978795,command_menu,webrtc_ns_low,137520.0,partial,печать
1786194978795,command_menu,webrtc_ns_low,137560.0,partial,печать
1786194978795,command_menu,webrtc_ns_low,137600.0,partial,печать
1786194978795,free_text,webrtc_ns_low,18120.0,partial,вниз
1786194978795,free_text,webrtc_ns_low,18160.0,partial,вниз
1786194978795,free_text,webrtc_ns_low,18200.0,partial,вниз
1786194978795,free_text,webrtc_ns_low,18240.0,partial,вниз
1786194978795,free_text,webrtc_ns_low,18280.0,partial,вниз
1786194978795,free_text,webrtc_ns_low,18320.0,partial,вниз
1786194978795,free_text,webrtc_ns_low,18360.0,partial,вниз
1786194978795,free_text,webrtc_ns_low,18400.0,partial,вниз
1786194978795,free_text,webrtc_ns_low,18440.0,partial,вниз
1786194978795,free_text,webrtc_ns_low,18480.0,partial,вниз
1786194978795,free_text,webrtc_ns_low,18520.0,partial,вниз
1786194978795,free_text,webrtc_ns_low,18560.0,partial,вниз
1786194978795,free_text,webrtc_ns_low,18600.0,endpoint,вниз
1786194978795,free_text,webrtc_ns_low,19320.0,partial,вниз
1786194978795,free_text,webrtc_ns_low,19360.0,partial,вниз
1786194978795,free_text,webrtc_ns_low,19400.0,partial,вниз
1786194978795,free_text,webrtc_ns_low,19440.0,partial,вниз
1786194978795,free_text,webrtc_ns_low,19480.0,partial,вниз
1786194978795,free_text,webrtc_ns_low,19520.0,partial,вниз
1786194978795,free_text,webrtc_ns_low,19560.0,partial,вниз
1786194978795,free_text,webrtc_ns_low,19600.0,partial,вниз
1786194978795,free_text,webrtc_ns_low,19640.0,partial,вниз
1786194978795,free_text,webrtc_ns_low,19680.0,partial,вниз
1786194978795,free_text,webrtc_ns_low,19720.0,partial,вниз
1786194978795,free_text,webrtc_ns_low,19760.0,partial,вниз
1786194978795,free_text,webrtc_ns_low,19800.0,endpoint,вниз
1786194978795,free_text,webrtc_ns_low,20760.0,partial,вниз
1786194978795,free_text,webrtc_ns_low,20800.0,partial,вниз
1786194978795,free_text,webrtc_ns_low,20840.0,partial,вниз
1786194978795,free_text,webrtc_ns_low,20880.0,partial,вниз
1786194978795,free_text,webrtc_ns_low,20920.0,partial,вниз
1786194978795,free_text,webrtc_ns_low,20960.0,partial,вниз
1786194978795,free_text,webrtc_ns_low,21000.0,partial,вниз
1786194978795,free_text,webrtc_ns_low,21040.0,partial,вниз
1786194978795,free_text,webrtc_ns_low,21080.0,partial,вниз
1786194978795,free_text,webrtc_ns_low,21120.0,partial,вниз
1786194978795,free_text,webrtc_ns_low,21160.0,partial,вниз
1786194978795,free_text,webrtc_ns_low,21200.0,partial,вниз
1786194978795,free_text,webrtc_ns_low,21240.0,partial,вниз
1786194978795,free_text,webrtc_ns_low,21280.0,partial,вниз
1786194978795,free_text,webrtc_ns_low,21320.0,partial,вниз
1786194978795,free_text,webrtc_ns_low,21360.0,partial,вниз
1786194978795,free_text,webrtc_ns_low,21400.0,partial,вниз
1786194978795,free_text,webrtc_ns_low,21440.0,partial,вниз
1786194978795,free_text,webrtc_ns_low,21480.0,endpoint,вниз
1786194978795,free_text,webrtc_ns_low,27960.0,partial,вниз
1786194978795,free_text,webrtc_ns_low,28000.0,partial,вниз
1786194978795,free_text,webrtc_ns_low,28040.0,partial,вниз
1786194978795,free_text,webrtc_ns_low,28080.0,partial,вниз
1786194978795,free_text,webrtc_ns_low,28120.0,partial,вниз
1786194978795,free_text,webrtc_ns_low,28160.0,partial,вниз
1786194978795,free_text,webrtc_ns_low,28200.0,partial,вниз
1786194978795,free_text,webrtc_ns_low,28240.0,partial,вниз
1786194978795,free_text,webrtc_ns_low,28280.0,partial,вниз
1786194978795,free_text,webrtc_ns_low,28320.0,partial,вниз
1786194978795,free_text,webrtc_ns_low,28360.0,partial,вниз
1786194978795,free_text,webrtc_ns_low,28400.0,partial,вниз
1786194978795,free_text,webrtc_ns_low,28440.0,partial,вниз
1786194978795,free_text,webrtc_ns_low,28480.0,partial,вниз
1786194978795,free_text,webrtc_ns_low,28520.0,partial,вниз
1786194978795,free_text,webrtc_ns_low,28560.0,partial,вниз
1786194978795,free_text,webrtc_ns_low,28600.0,partial,вниз
1786194978795,free_text,webrtc_ns_low,28640.0,partial,вниз
1786194978795,free_text,webrtc_ns_low,28680.0,endpoint,вниз
1786194978795,free_text,webrtc_ns_low,29400.0,partial,печать
1786194978795,free_text,webrtc_ns_low,29440.0,partial,печать
1786194978795,free_text,webrtc_ns_low,29480.0,partial,печать
1786194978795,free_text,webrtc_ns_low,29520.0,partial,печать
1786194978795,free_text,webrtc_ns_low,29560.0,partial,печать
1786194978795,free_text,webrtc_ns_low,29600.0,partial,печать
1786194978795,free_text,webrtc_ns_low,29640.0,partial,печать
1786194978795,free_text,webrtc_ns_low,29680.0,partial,печать
1786194978795,free_text,webrtc_ns_low,29720.0,partial,печать
1786194978795,free_text,webrtc_ns_low,29760.0,partial,печать
1786194978795,free_text,webrtc_ns_low,29800.0,partial,печать
1786194978795,free_text,webrtc_ns_low,29840.0,partial,печать
1786194978795,free_text,webrtc_ns_low,29880.0,partial,печать
1786194978795,free_text,webrtc_ns_low,29920.0,partial,печать
1786194978795,free_text,webrtc_ns_low,29960.0,partial,печать
1786194978795,free_text,webrtc_ns_low,30000.0,partial,печать
1786194978795,free_text,webrtc_ns_low,30040.0,partial,печать
1786194978795,free_text,webrtc_ns_low,30080.0,partial,печать
1786194978795,free_text,webrtc_ns_low,30120.0,partial,печать
1786194978795,free_text,webrtc_ns_low,30160.0,partial,печать
1786194978795,free_text,webrtc_ns_low,30200.0,partial,печать
1786194978795,free_text,webrtc_ns_low,30240.0,partial,печать
1786194978795,free_text,webrtc_ns_low,30280.0,partial,печать
1786194978795,free_text,webrtc_ns_low,30320.0,partial,печать
1786194978795,free_text,webrtc_ns_low,30360.0,partial,печать
1786194978795,free_text,webrtc_ns_low,30400.0,partial,печать
1786194978795,free_text,webrtc_ns_low,30440.0,partial,печать
1786194978795,free_text,webrtc_ns_low,30480.0,partial,печать
1786194978795,free_text,webrtc_ns_low,30520.0,partial,печать
1786194978795,free_text,webrtc_ns_low,30560.0,partial,печать
1786194978795,free_text,webrtc_ns_low,30600.0,endpoint,печать
1786194978795,free_text,webrtc_ns_low,33000.0,partial,жёлтый
1786194978795,free_text,webrtc_ns_low,33040.0,partial,жёлтый
1786194978795,free_text,webrtc_ns_low,33080.0,partial,жёлтый
1786194978795,free_text,webrtc_ns_low,33120.0,partial,жёлтый
1786194978795,free_text,webrtc_ns_low,33160.0,partial,жёлтый
1786194978795,free_text,webrtc_ns_low,33200.0,partial,жёлтый
1786194978795,free_text,webrtc_ns_low,33240.0,partial,жёлтый
1786194978795,free_text,webrtc_ns_low,33280.0,partial,жёлтый
1786194978795,free_text,webrtc_ns_low,33320.0,partial,жёлтый
1786194978795,free_text,webrtc_ns_low,33360.0,partial,жёлтый
1786194978795,free_text,webrtc_ns_low,33400.0,partial,жёлтый
1786194978795,free_text,webrtc_ns_low,33440.0,partial,жёлтый
1786194978795,free_text,webrtc_ns_low,33480.0,partial,жёлтый
1786194978795,free_text,webrtc_ns_low,33520.0,partial,жёлтый
1786194978795,free_text,webrtc_ns_low,33560.0,partial,жёлтый
1786194978795,free_text,webrtc_ns_low,33600.0,partial,жёлтый
1786194978795,free_text,webrtc_ns_low,33640.0,partial,жёлтый
1786194978795,free_text,webrtc_ns_low,33680.0,partial,жёлтый
1786194978795,free_text,webrtc_ns_low,33720.0,partial,жёлтый
1786194978795,free_text,webrtc_ns_low,33760.0,partial,жёлтый
1786194978795,free_text,webrtc_ns_low,33800.0,partial,жёлтый
1786194978795,free_text,webrtc_ns_low,33840.0,partial,жёлтый
1786194978795,free_text,webrtc_ns_low,33880.0,partial,жёлтый
1786194978795,free_text,webrtc_ns_low,33920.0,partial,жёлтый
1786194978795,free_text,webrtc_ns_low,33960.0,partial,жёлтый
1786194978795,free_text,webrtc_ns_low,34000.0,partial,жёлтый
1786194978795,free_text,webrtc_ns_low,34040.0,partial,жёлтый
1786194978795,free_text,webrtc_ns_low,34080.0,partial,жёлтый
1786194978795,free_text,webrtc_ns_low,34120.0,partial,жёлтый
1786194978795,free_text,webrtc_ns_low,34160.0,partial,жёлтый
1786194978795,free_text,webrtc_ns_low,34200.0,endpoint,жёлтый
1786194978795,free_text,webrtc_ns_low,35880.0,partial,жёлтые
1786194978795,free_text,webrtc_ns_low,35920.0,partial,жёлтые
1786194978795,free_text,webrtc_ns_low,35960.0,partial,жёлтые
1786194978795,free_text,webrtc_ns_low,36000.0,partial,жёлтые
1786194978795,free_text,webrtc_ns_low,36040.0,partial,жёлтые
1786194978795,free_text,webrtc_ns_low,36080.0,partial,жёлтые
1786194978795,free_text,webrtc_ns_low,36120.0,partial,жёлтые
1786194978795,free_text,webrtc_ns_low,36160.0,partial,жёлтые
1786194978795,free_text,webrtc_ns_low,36200.0,partial,жёлтые
1786194978795,free_text,webrtc_ns_low,36240.0,partial,жёлтые
1786194978795,free_text,webrtc_ns_low,36280.0,partial,жёлтые
1786194978795,free_text,webrtc_ns_low,36320.0,partial,жёлтые
1786194978795,free_text,webrtc_ns_low,36360.0,partial,жёлтые
1786194978795,free_text,webrtc_ns_low,36400.0,partial,жёлтые
1786194978795,free_text,webrtc_ns_low,36440.0,partial,жёлтые
1786194978795,free_text,webrtc_ns_low,36480.0,partial,жёлтые
1786194978795,free_text,webrtc_ns_low,36520.0,partial,жёлтые
1786194978795,free_text,webrtc_ns_low,36560.0,partial,жёлтые
1786194978795,free_text,webrtc_ns_low,36600.0,partial,жёлтые
1786194978795,free_text,webrtc_ns_low,36640.0,partial,жёлтые
1786194978795,free_text,webrtc_ns_low,36680.0,partial,жёлтые
1786194978795,free_text,webrtc_ns_low,36720.0,partial,жёлтые
1786194978795,free_text,webrtc_ns_low,36760.0,partial,жёлтые
1786194978795,free_text,webrtc_ns_low,36800.0,partial,жёлтые
1786194978795,free_text,webrtc_ns_low,36840.0,endpoint,жёлтые
1786194978795,free_text,webrtc_ns_low,38280.0,partial,жёлтый
1786194978795,free_text,webrtc_ns_low,38320.0,partial,жёлтый
1786194978795,free_text,webrtc_ns_low,38360.0,partial,жёлтый
1786194978795,free_text,webrtc_ns_low,38400.0,partial,жёлтый
1786194978795,free_text,webrtc_ns_low,38440.0,partial,жёлтый
1786194978795,free_text,webrtc_ns_low,38480.0,partial,жёлтый
1786194978795,free_text,webrtc_ns_low,38520.0,partial,жёлтые
1786194978795,free_text,webrtc_ns_low,38560.0,partial,жёлтые
1786194978795,free_text,webrtc_ns_low,38600.0,partial,жёлтые
1786194978795,free_text,webrtc_ns_low,38640.0,partial,жёлтые
1786194978795,free_text,webrtc_ns_low,38680.0,partial,жёлтые
1786194978795,free_text,webrtc_ns_low,38720.0,partial,жёлтые
1786194978795,free_text,webrtc_ns_low,38760.0,partial,жёлтые
1786194978795,free_text,webrtc_ns_low,38800.0,partial,жёлтые
1786194978795,free_text,webrtc_ns_low,38840.0,partial,жёлтые
1786194978795,free_text,webrtc_ns_low,38880.0,partial,жёлтые
1786194978795,free_text,webrtc_ns_low,38920.0,partial,жёлтые
1786194978795,free_text,webrtc_ns_low,38960.0,partial,жёлтые
1786194978795,free_text,webrtc_ns_low,39000.0,partial,жёлтые
1786194978795,free_text,webrtc_ns_low,39040.0,partial,жёлтые
1786194978795,free_text,webrtc_ns_low,39080.0,partial,жёлтые
1786194978795,free_text,webrtc_ns_low,39120.0,partial,жёлтые
1786194978795,free_text,webrtc_ns_low,39160.0,partial,жёлтые
1786194978795,free_text,webrtc_ns_low,39200.0,partial,жёлтые
1786194978795,free_text,webrtc_ns_low,39240.0,partial,жёлтые
1786194978795,free_text,webrtc_ns_low,39280.0,partial,жёлтые
1786194978795,free_text,webrtc_ns_low,39320.0,partial,жёлтые
1786194978795,free_text,webrtc_ns_low,39360.0,partial,жёлтые
1786194978795,free_text,webrtc_ns_low,39400.0,partial,жёлтые
1786194978795,free_text,webrtc_ns_low,39440.0,partial,жёлтые
1786194978795,free_text,webrtc_ns_low,39480.0,endpoint,жёлтые
1786194978795,free_text,webrtc_ns_low,40440.0,partial,жёлтый
1786194978795,free_text,webrtc_ns_low,40480.0,partial,жёлтый
1786194978795,free_text,webrtc_ns_low,40520.0,partial,жёлтый
1786194978795,free_text,webrtc_ns_low,40560.0,partial,жёлтый
1786194978795,free_text,webrtc_ns_low,40600.0,partial,жёлтый
1786194978795,free_text,webrtc_ns_low,40640.0,partial,жёлтый
1786194978795,free_text,webrtc_ns_low,40680.0,partial,жёлтый
1786194978795,free_text,webrtc_ns_low,40720.0,partial,жёлтый
1786194978795,free_text,webrtc_ns_low,40760.0,partial,жёлтый
1786194978795,free_text,webrtc_ns_low,40800.0,partial,жёлтый
1786194978795,free_text,webrtc_ns_low,40840.0,partial,жёлтый
1786194978795,free_text,webrtc_ns_low,40880.0,partial,жёлтый
1786194978795,free_text,webrtc_ns_low,40920.0,partial,жёлтый
1786194978795,free_text,webrtc_ns_low,40960.0,partial,жёлтый
1786194978795,free_text,webrtc_ns_low,41000.0,partial,жёлтый
1786194978795,free_text,webrtc_ns_low,41040.0,partial,жёлтый
1786194978795,free_text,webrtc_ns_low,41080.0,partial,жёлтый
1786194978795,free_text,webrtc_ns_low,41120.0,partial,жёлтый
1786194978795,free_text,webrtc_ns_low,41160.0,partial,жёлтый
1786194978795,free_text,webrtc_ns_low,41200.0,partial,жёлтый
1786194978795,free_text,webrtc_ns_low,41240.0,partial,жёлтый
1786194978795,free_text,webrtc_ns_low,41280.0,partial,жёлтый
1786194978795,free_text,webrtc_ns_low,41320.0,partial,жёлтый
1786194978795,free_text,webrtc_ns_low,41360.0,partial,жёлтый
1786194978795,free_text,webrtc_ns_low,41400.0,endpoint,жёлтый
1786194978795,free_text,webrtc_ns_low,42360.0,partial,жёлтые
1786194978795,free_text,webrtc_ns_low,42400.0,partial,жёлтые
1786194978795,free_text,webrtc_ns_low,42440.0,partial,жёлтые
1786194978795,free_text,webrtc_ns_low,42480.0,partial,жёлтые
1786194978795,free_text,webrtc_ns_low,42520.0,partial,жёлтые
1786194978795,free_text,webrtc_ns_low,42560.0,partial,жёлтые
1786194978795,free_text,webrtc_ns_low,42600.0,partial,жёлтые
1786194978795,free_text,webrtc_ns_low,42640.0,partial,жёлтые
1786194978795,free_text,webrtc_ns_low,42680.0,partial,жёлтые
1786194978795,free_text,webrtc_ns_low,42720.0,partial,жёлтые
1786194978795,free_text,webrtc_ns_low,42760.0,partial,жёлтые
1786194978795,free_text,webrtc_ns_low,42800.0,partial,жёлтые
1786194978795,free_text,webrtc_ns_low,42840.0,partial,жёлтые
1786194978795,free_text,webrtc_ns_low,42880.0,partial,жёлтые
1786194978795,free_text,webrtc_ns_low,42920.0,partial,жёлтые
1786194978795,free_text,webrtc_ns_low,42960.0,partial,жёлтые
1786194978795,free_text,webrtc_ns_low,43000.0,partial,жёлтые
1786194978795,free_text,webrtc_ns_low,43040.0,partial,жёлтые
1786194978795,free_text,webrtc_ns_low,43080.0,partial,жёлтые
1786194978795,free_text,webrtc_ns_low,43120.0,partial,жёлтые
1786194978795,free_text,webrtc_ns_low,43160.0,partial,жёлтые
1786194978795,free_text,webrtc_ns_low,43200.0,partial,жёлтые
1786194978795,free_text,webrtc_ns_low,43240.0,partial,жёлтые
1786194978795,free_text,webrtc_ns_low,43280.0,partial,жёлтые
1786194978795,free_text,webrtc_ns_low,45240.0,partial,жёлтые
1786194978795,free_text,webrtc_ns_low,45280.0,partial,жёлтые
1786194978795,free_text,webrtc_ns_low,45320.0,partial,жёлтые
1786194978795,free_text,webrtc_ns_low,45360.0,partial,жёлтые
1786194978795,free_text,webrtc_ns_low,45400.0,partial,жёлтые
1786194978795,free_text,webrtc_ns_low,45440.0,partial,жёлтые
1786194978795,free_text,webrtc_ns_low,45480.0,partial,жёлтый
1786194978795,free_text,webrtc_ns_low,45520.0,partial,жёлтый
1786194978795,free_text,webrtc_ns_low,45560.0,partial,жёлтый
1786194978795,free_text,webrtc_ns_low,45600.0,partial,жёлтый
1786194978795,free_text,webrtc_ns_low,45640.0,partial,жёлтый
1786194978795,free_text,webrtc_ns_low,45680.0,partial,жёлтый
1786194978795,free_text,webrtc_ns_low,45720.0,partial,жёлтый
1786194978795,free_text,webrtc_ns_low,45760.0,partial,жёлтый
1786194978795,free_text,webrtc_ns_low,45800.0,partial,жёлтый
1786194978795,free_text,webrtc_ns_low,45840.0,partial,жёлтый
1786194978795,free_text,webrtc_ns_low,45880.0,partial,жёлтый
1786194978795,free_text,webrtc_ns_low,45920.0,partial,жёлтый
1786194978795,free_text,webrtc_ns_low,45960.0,partial,жёлтый
1786194978795,free_text,webrtc_ns_low,46000.0,partial,жёлтый
1786194978795,free_text,webrtc_ns_low,46040.0,partial,жёлтый
1786194978795,free_text,webrtc_ns_low,46080.0,partial,жёлтый
1786194978795,free_text,webrtc_ns_low,46120.0,partial,жёлтый
1786194978795,free_text,webrtc_ns_low,46160.0,partial,жёлтый
1786194978795,free_text,webrtc_ns_low,46200.0,partial,жёлтый
1786194978795,free_text,webrtc_ns_low,46240.0,partial,жёлтый
1786194978795,free_text,webrtc_ns_low,46280.0,partial,жёлтый
1786194978795,free_text,webrtc_ns_low,46320.0,partial,жёлтый
1786194978795,free_text,webrtc_ns_low,46360.0,partial,жёлтый
1786194978795,free_text,webrtc_ns_low,46400.0,partial,жёлтый
1786194978795,free_text,webrtc_ns_low,46440.0,endpoint,жёлтый
1786194978795,free_text,webrtc_ns_low,49080.0,partial,жёлтый
1786194978795,free_text,webrtc_ns_low,49120.0,partial,жёлтый
1786194978795,free_text,webrtc_ns_low,49160.0,partial,жёлтый
1786194978795,free_text,webrtc_ns_low,49200.0,partial,жёлтый
1786194978795,free_text,webrtc_ns_low,49240.0,partial,жёлтый
1786194978795,free_text,webrtc_ns_low,49280.0,partial,жёлтый
1786194978795,free_text,webrtc_ns_low,49320.0,partial,жёлтый
1786194978795,free_text,webrtc_ns_low,49360.0,partial,жёлтый
1786194978795,free_text,webrtc_ns_low,49400.0,partial,жёлтый
1786194978795,free_text,webrtc_ns_low,49440.0,partial,жёлтый
1786194978795,free_text,webrtc_ns_low,49480.0,partial,жёлтый
1786194978795,free_text,webrtc_ns_low,49520.0,partial,жёлтый
1786194978795,free_text,webrtc_ns_low,49560.0,partial,жёлтый
1786194978795,free_text,webrtc_ns_low,49600.0,partial,жёлтый
1786194978795,free_text,webrtc_ns_low,49640.0,partial,жёлтый
1786194978795,free_text,webrtc_ns_low,49680.0,partial,жёлтый
1786194978795,free_text,webrtc_ns_low,49720.0,partial,жёлтый
1786194978795,free_text,webrtc_ns_low,49760.0,partial,жёлтый
1786194978795,free_text,webrtc_ns_low,49800.0,partial,жёлтый
1786194978795,free_text,webrtc_ns_low,49840.0,partial,жёлтый
1786194978795,free_text,webrtc_ns_low,49880.0,partial,жёлтый
1786194978795,free_text,webrtc_ns_low,49920.0,partial,жёлтый
1786194978795,free_text,webrtc_ns_low,49960.0,partial,жёлтый
1786194978795,free_text,webrtc_ns_low,50000.0,partial,жёлтый
1786194978795,free_text,webrtc_ns_low,50040.0,endpoint,жёлтый
1786194978795,free_text,webrtc_ns_low,51960.0,partial,жёлтый
1786194978795,free_text,webrtc_ns_low,52000.0,partial,жёлтый
1786194978795,free_text,webrtc_ns_low,52040.0,partial,жёлтый
1786194978795,free_text,webrtc_ns_low,52080.0,partial,жёлтый
1786194978795,free_text,webrtc_ns_low,52120.0,partial,жёлтый
1786194978795,free_text,webrtc_ns_low,52160.0,partial,жёлтый
1786194978795,free_text,webrtc_ns_low,52200.0,partial,жёлтый
1786194978795,free_text,webrtc_ns_low,52240.0,partial,жёлтый
1786194978795,free_text,webrtc_ns_low,52280.0,partial,жёлтый
1786194978795,free_text,webrtc_ns_low,52320.0,partial,жёлтый
1786194978795,free_text,webrtc_ns_low,52360.0,partial,жёлтый
1786194978795,free_text,webrtc_ns_low,52400.0,partial,жёлтый
1786194978795,free_text,webrtc_ns_low,52440.0,partial,жёлтый
1786194978795,free_text,webrtc_ns_low,52480.0,partial,жёлтый
1786194978795,free_text,webrtc_ns_low,52520.0,partial,жёлтый
1786194978795,free_text,webrtc_ns_low,52560.0,partial,жёлтый
1786194978795,free_text,webrtc_ns_low,52600.0,partial,жёлтый
1786194978795,free_text,webrtc_ns_low,52640.0,partial,жёлтый
1786194978795,free_text,webrtc_ns_low,52680.0,partial,жёлтый
1786194978795,free_text,webrtc_ns_low,52720.0,partial,жёлтый
1786194978795,free_text,webrtc_ns_low,52760.0,partial,жёлтый
1786194978795,free_text,webrtc_ns_low,52800.0,partial,жёлтый
1786194978795,free_text,webrtc_ns_low,52840.0,partial,жёлтый
1786194978795,free_text,webrtc_ns_low,52880.0,partial,жёлтый
1786194978795,free_text,webrtc_ns_low,52920.0,partial,жёлтый
1786194978795,free_text,webrtc_ns_low,52960.0,partial,жёлтый
1786194978795,free_text,webrtc_ns_low,53000.0,partial,жёлтый
1786194978795,free_text,webrtc_ns_low,53040.0,partial,жёлтый
1786194978795,free_text,webrtc_ns_low,53080.0,partial,жёлтый
1786194978795,free_text,webrtc_ns_low,53120.0,partial,жёлтый
1786194978795,free_text,webrtc_ns_low,53160.0,endpoint,жёлтый
1786194978795,free_text,webrtc_ns_low,59160.0,partial,жёлтый
1786194978795,free_text,webrtc_ns_low,59200.0,partial,жёлтый
1786194978795,free_text,webrtc_ns_low,59240.0,partial,жёлтый
1786194978795,free_text,webrtc_ns_low,59280.0,partial,жёлтый
1786194978795,free_text,webrtc_ns_low,59320.0,partial,жёлтый
1786194978795,free_text,webrtc_ns_low,59360.0,partial,жёлтый
1786194978795,free_text,webrtc_ns_low,59400.0,partial,жёлтый
1786194978795,free_text,webrtc_ns_low,59440.0,partial,жёлтый
1786194978795,free_text,webrtc_ns_low,59480.0,partial,жёлтый
1786194978795,free_text,webrtc_ns_low,59520.0,partial,жёлтый
1786194978795,free_text,webrtc_ns_low,59560.0,partial,жёлтый
1786194978795,free_text,webrtc_ns_low,59600.0,partial,жёлтый
1786194978795,free_text,webrtc_ns_low,59640.0,partial,жёлтый
1786194978795,free_text,webrtc_ns_low,59680.0,partial,жёлтый
1786194978795,free_text,webrtc_ns_low,59720.0,partial,жёлтый
1786194978795,free_text,webrtc_ns_low,59760.0,partial,жёлтый
1786194978795,free_text,webrtc_ns_low,59800.0,partial,жёлтый
1786194978795,free_text,webrtc_ns_low,59840.0,partial,жёлтый
1786194978795,free_text,webrtc_ns_low,59880.0,partial,жёлтый
1786194978795,free_text,webrtc_ns_low,59920.0,partial,жёлтый
1786194978795,free_text,webrtc_ns_low,59960.0,partial,жёлтый
1786194978795,free_text,webrtc_ns_low,60000.0,partial,жёлтый
1786194978795,free_text,webrtc_ns_low,60040.0,partial,жёлтый
1786194978795,free_text,webrtc_ns_low,60080.0,partial,жёлтый
1786194978795,free_text,webrtc_ns_low,60120.0,endpoint,жёлтый
1786194978795,free_text,webrtc_ns_low,61560.0,partial,жёлтый
1786194978795,free_text,webrtc_ns_low,61600.0,partial,жёлтый
1786194978795,free_text,webrtc_ns_low,61640.0,partial,жёлтый
1786194978795,free_text,webrtc_ns_low,61680.0,partial,жёлтый
1786194978795,free_text,webrtc_ns_low,61720.0,partial,жёлтый
1786194978795,free_text,webrtc_ns_low,61760.0,partial,жёлтый
1786194978795,free_text,webrtc_ns_low,61800.0,partial,жёлтый
1786194978795,free_text,webrtc_ns_low,61840.0,partial,жёлтый
1786194978795,free_text,webrtc_ns_low,61880.0,partial,жёлтый
1786194978795,free_text,webrtc_ns_low,61920.0,partial,жёлтый
1786194978795,free_text,webrtc_ns_low,61960.0,partial,жёлтый
1786194978795,free_text,webrtc_ns_low,62000.0,partial,жёлтый
1786194978795,free_text,webrtc_ns_low,62040.0,partial,жёлтый
1786194978795,free_text,webrtc_ns_low,62080.0,partial,жёлтый
1786194978795,free_text,webrtc_ns_low,62120.0,partial,жёлтый
1786194978795,free_text,webrtc_ns_low,62160.0,partial,жёлтый
1786194978795,free_text,webrtc_ns_low,62200.0,partial,жёлтый
1786194978795,free_text,webrtc_ns_low,62240.0,partial,жёлтый
1786194978795,free_text,webrtc_ns_low,62280.0,partial,жёлтый
1786194978795,free_text,webrtc_ns_low,62320.0,partial,жёлтый
1786194978795,free_text,webrtc_ns_low,62360.0,partial,жёлтый
1786194978795,free_text,webrtc_ns_low,62400.0,partial,жёлтый
1786194978795,free_text,webrtc_ns_low,62440.0,partial,жёлтый
1786194978795,free_text,webrtc_ns_low,62480.0,partial,жёлтый
1786194978795,free_text,webrtc_ns_low,62520.0,endpoint,жёлтый
1786194978795,free_text,webrtc_ns_low,64200.0,partial,белый
1786194978795,free_text,webrtc_ns_low,64240.0,partial,белый
1786194978795,free_text,webrtc_ns_low,64280.0,partial,белый
1786194978795,free_text,webrtc_ns_low,64320.0,partial,белый
1786194978795,free_text,webrtc_ns_low,64360.0,partial,белый
1786194978795,free_text,webrtc_ns_low,64400.0,partial,белый
1786194978795,free_text,webrtc_ns_low,64440.0,partial,белый
1786194978795,free_text,webrtc_ns_low,64480.0,partial,белый
1786194978795,free_text,webrtc_ns_low,64520.0,partial,белый
1786194978795,free_text,webrtc_ns_low,64560.0,partial,белый
1786194978795,free_text,webrtc_ns_low,64600.0,partial,белый
1786194978795,free_text,webrtc_ns_low,64640.0,partial,белый
1786194978795,free_text,webrtc_ns_low,64680.0,partial,белый
1786194978795,free_text,webrtc_ns_low,64720.0,partial,белый
1786194978795,free_text,webrtc_ns_low,64760.0,partial,белый
1786194978795,free_text,webrtc_ns_low,64800.0,partial,белый
1786194978795,free_text,webrtc_ns_low,64840.0,partial,белый
1786194978795,free_text,webrtc_ns_low,64880.0,partial,белый
1786194978795,free_text,webrtc_ns_low,64920.0,partial,белый
1786194978795,free_text,webrtc_ns_low,64960.0,partial,белый
1786194978795,free_text,webrtc_ns_low,65000.0,partial,белый
1786194978795,free_text,webrtc_ns_low,65040.0,partial,белый
1786194978795,free_text,webrtc_ns_low,65080.0,partial,белый
1786194978795,free_text,webrtc_ns_low,65120.0,partial,белый
1786194978795,free_text,webrtc_ns_low,65160.0,partial,белый
1786194978795,free_text,webrtc_ns_low,65200.0,partial,белый
1786194978795,free_text,webrtc_ns_low,65240.0,partial,белый
1786194978795,free_text,webrtc_ns_low,65280.0,partial,белый
1786194978795,free_text,webrtc_ns_low,65320.0,partial,белый
1786194978795,free_text,webrtc_ns_low,65360.0,partial,белый
1786194978795,free_text,webrtc_ns_low,65400.0,endpoint,белый
1786194978795,free_text,webrtc_ns_low,67560.0,partial,жёлтые
1786194978795,free_text,webrtc_ns_low,67600.0,partial,жёлтые
1786194978795,free_text,webrtc_ns_low,67640.0,partial,жёлтые
1786194978795,free_text,webrtc_ns_low,67680.0,partial,жёлтые
1786194978795,free_text,webrtc_ns_low,67720.0,partial,жёлтые
1786194978795,free_text,webrtc_ns_low,67760.0,partial,жёлтые
1786194978795,free_text,webrtc_ns_low,67800.0,partial,жёлтый
1786194978795,free_text,webrtc_ns_low,67840.0,partial,жёлтый
1786194978795,free_text,webrtc_ns_low,67880.0,partial,жёлтый
1786194978795,free_text,webrtc_ns_low,67920.0,partial,жёлтый
1786194978795,free_text,webrtc_ns_low,67960.0,partial,жёлтый
1786194978795,free_text,webrtc_ns_low,68000.0,partial,жёлтый
1786194978795,free_text,webrtc_ns_low,68040.0,partial,жёлтый
1786194978795,free_text,webrtc_ns_low,68080.0,partial,жёлтый
1786194978795,free_text,webrtc_ns_low,68120.0,partial,жёлтый
1786194978795,free_text,webrtc_ns_low,68160.0,partial,жёлтый
1786194978795,free_text,webrtc_ns_low,68200.0,partial,жёлтый
1786194978795,free_text,webrtc_ns_low,68240.0,partial,жёлтый
1786194978795,free_text,webrtc_ns_low,68280.0,partial,жёлтый
1786194978795,free_text,webrtc_ns_low,68320.0,partial,жёлтый
1786194978795,free_text,webrtc_ns_low,68360.0,partial,жёлтый
1786194978795,free_text,webrtc_ns_low,68400.0,partial,жёлтый
1786194978795,free_text,webrtc_ns_low,68440.0,partial,жёлтый
1786194978795,free_text,webrtc_ns_low,68480.0,partial,жёлтый
1786194978795,free_text,webrtc_ns_low,68520.0,partial,жёлтый
1786194978795,free_text,webrtc_ns_low,68560.0,partial,жёлтый
1786194978795,free_text,webrtc_ns_low,68600.0,partial,жёлтый
1786194978795,free_text,webrtc_ns_low,68640.0,partial,жёлтый
1786194978795,free_text,webrtc_ns_low,68680.0,partial,жёлтый
1786194978795,free_text,webrtc_ns_low,68720.0,partial,жёлтый
1786194978795,free_text,webrtc_ns_low,68760.0,endpoint,жёлтый
1786194978795,free_text,webrtc_ns_low,74280.0,partial,назад
1786194978795,free_text,webrtc_ns_low,74320.0,partial,назад
1786194978795,free_text,webrtc_ns_low,74360.0,partial,назад
1786194978795,free_text,webrtc_ns_low,74400.0,partial,назад
1786194978795,free_text,webrtc_ns_low,74440.0,partial,назад
1786194978795,free_text,webrtc_ns_low,74480.0,partial,назад
1786194978795,free_text,webrtc_ns_low,74520.0,partial,назад
1786194978795,free_text,webrtc_ns_low,74560.0,partial,назад
1786194978795,free_text,webrtc_ns_low,74600.0,partial,назад
1786194978795,free_text,webrtc_ns_low,74640.0,partial,назад
1786194978795,free_text,webrtc_ns_low,74680.0,partial,назад
1786194978795,free_text,webrtc_ns_low,74720.0,partial,назад
1786194978795,free_text,webrtc_ns_low,74760.0,partial,назад
1786194978795,free_text,webrtc_ns_low,74800.0,partial,назад
1786194978795,free_text,webrtc_ns_low,74840.0,partial,назад
1786194978795,free_text,webrtc_ns_low,74880.0,partial,назад
1786194978795,free_text,webrtc_ns_low,74920.0,partial,назад
1786194978795,free_text,webrtc_ns_low,74960.0,partial,назад
1786194978795,free_text,webrtc_ns_low,75000.0,endpoint,назад
1786194978795,free_text,webrtc_ns_low,77880.0,partial,назад
1786194978795,free_text,webrtc_ns_low,77920.0,partial,назад
1786194978795,free_text,webrtc_ns_low,77960.0,partial,назад
1786194978795,free_text,webrtc_ns_low,78000.0,partial,назад
1786194978795,free_text,webrtc_ns_low,78040.0,partial,назад
1786194978795,free_text,webrtc_ns_low,78080.0,partial,назад
1786194978795,free_text,webrtc_ns_low,78120.0,partial,назад
1786194978795,free_text,webrtc_ns_low,78160.0,partial,назад
1786194978795,free_text,webrtc_ns_low,78200.0,partial,назад
1786194978795,free_text,webrtc_ns_low,78240.0,partial,назад
1786194978795,free_text,webrtc_ns_low,78280.0,partial,назад
1786194978795,free_text,webrtc_ns_low,78320.0,partial,назад
1786194978795,free_text,webrtc_ns_low,78360.0,endpoint,назад
1786194978795,free_text,webrtc_ns_low,82920.0,partial,назад
1786194978795,free_text,webrtc_ns_low,82960.0,partial,назад
1786194978795,free_text,webrtc_ns_low,83000.0,partial,назад
1786194978795,free_text,webrtc_ns_low,83040.0,partial,назад
1786194978795,free_text,webrtc_ns_low,83080.0,partial,назад
1786194978795,free_text,webrtc_ns_low,83120.0,partial,назад
1786194978795,free_text,webrtc_ns_low,83160.0,partial,назад
1786194978795,free_text,webrtc_ns_low,83200.0,partial,назад
1786194978795,free_text,webrtc_ns_low,83240.0,partial,назад
1786194978795,free_text,webrtc_ns_low,83280.0,partial,назад
1786194978795,free_text,webrtc_ns_low,83320.0,partial,назад
1786194978795,free_text,webrtc_ns_low,83360.0,partial,назад
1786194978795,free_text,webrtc_ns_low,83400.0,endpoint,назад
1786194978795,free_text,webrtc_ns_low,86040.0,partial,доступность
1786194978795,free_text,webrtc_ns_low,86080.0,partial,доступность
1786194978795,free_text,webrtc_ns_low,86120.0,partial,доступность
1786194978795,free_text,webrtc_ns_low,86160.0,partial,доступность
1786194978795,free_text,webrtc_ns_low,86200.0,partial,доступность
1786194978795,free_text,webrtc_ns_low,86240.0,partial,доступность
1786194978795,free_text,webrtc_ns_low,86280.0,partial,доступность
1786194978795,free_text,webrtc_ns_low,86320.0,partial,доступность
1786194978795,free_text,webrtc_ns_low,86360.0,partial,доступность
1786194978795,free_text,webrtc_ns_low,86400.0,partial,доступность
1786194978795,free_text,webrtc_ns_low,86440.0,partial,доступность
1786194978795,free_text,webrtc_ns_low,86480.0,partial,доступность
1786194978795,free_text,webrtc_ns_low,86520.0,partial,доступность
1786194978795,free_text,webrtc_ns_low,86560.0,partial,доступность
1786194978795,free_text,webrtc_ns_low,86600.0,partial,доступность
1786194978795,free_text,webrtc_ns_low,86640.0,partial,доступность
1786194978795,free_text,webrtc_ns_low,86680.0,partial,доступность
1786194978795,free_text,webrtc_ns_low,86720.0,partial,доступность
1786194978795,free_text,webrtc_ns_low,86760.0,partial,доступность
1786194978795,free_text,webrtc_ns_low,86800.0,partial,доступность
1786194978795,free_text,webrtc_ns_low,86840.0,partial,доступность
1786194978795,free_text,webrtc_ns_low,86880.0,partial,доступность
1786194978795,free_text,webrtc_ns_low,86920.0,partial,доступность
1786194978795,free_text,webrtc_ns_low,86960.0,partial,доступность
1786194978795,free_text,webrtc_ns_low,87000.0,partial,доступность
1786194978795,free_text,webrtc_ns_low,87040.0,partial,доступность
1786194978795,free_text,webrtc_ns_low,87080.0,partial,доступность
1786194978795,free_text,webrtc_ns_low,87120.0,partial,доступность
1786194978795,free_text,webrtc_ns_low,87160.0,partial,доступность
1786194978795,free_text,webrtc_ns_low,87200.0,partial,доступность
1786194978795,free_text,webrtc_ns_low,87240.0,endpoint,доступность
1786194978795,free_text,webrtc_ns_low,89400.0,partial,доступность
1786194978795,free_text,webrtc_ns_low,89440.0,partial,доступность
1786194978795,free_text,webrtc_ns_low,89480.0,partial,доступность
1786194978795,free_text,webrtc_ns_low,89520.0,partial,доступность
1786194978795,free_text,webrtc_ns_low,89560.0,partial,доступность
1786194978795,free_text,webrtc_ns_low,89600.0,partial,доступность
1786194978795,free_text,webrtc_ns_low,89640.0,partial,доступность
1786194978795,free_text,webrtc_ns_low,89680.0,partial,доступность
1786194978795,free_text,webrtc_ns_low,89720.0,partial,доступность
1786194978795,free_text,webrtc_ns_low,89760.0,partial,доступность
1786194978795,free_text,webrtc_ns_low,89800.0,partial,доступность
1786194978795,free_text,webrtc_ns_low,89840.0,partial,доступность
1786194978795,free_text,webrtc_ns_low,89880.0,partial,доступность
1786194978795,free_text,webrtc_ns_low,89920.0,partial,доступность
1786194978795,free_text,webrtc_ns_low,89960.0,partial,доступность
1786194978795,free_text,webrtc_ns_low,90000.0,partial,доступность
1786194978795,free_text,webrtc_ns_low,90040.0,partial,доступность
1786194978795,free_text,webrtc_ns_low,90080.0,partial,доступность
1786194978795,free_text,webrtc_ns_low,90120.0,partial,доступность
1786194978795,free_text,webrtc_ns_low,90160.0,partial,доступность
1786194978795,free_text,webrtc_ns_low,90200.0,partial,доступность
1786194978795,free_text,webrtc_ns_low,90240.0,partial,доступность
1786194978795,free_text,webrtc_ns_low,90280.0,partial,доступность
1786194978795,free_text,webrtc_ns_low,90320.0,partial,доступность
1786194978795,free_text,webrtc_ns_low,90360.0,endpoint,доступность
1786194978795,free_text,webrtc_ns_low,92040.0,partial,доступность
1786194978795,free_text,webrtc_ns_low,92080.0,partial,доступность
1786194978795,free_text,webrtc_ns_low,92120.0,partial,доступность
1786194978795,free_text,webrtc_ns_low,92160.0,partial,доступность
1786194978795,free_text,webrtc_ns_low,92200.0,partial,доступность
1786194978795,free_text,webrtc_ns_low,92240.0,partial,доступность
1786194978795,free_text,webrtc_ns_low,92280.0,partial,доступность
1786194978795,free_text,webrtc_ns_low,92320.0,partial,доступность
1786194978795,free_text,webrtc_ns_low,92360.0,partial,доступность
1786194978795,free_text,webrtc_ns_low,92400.0,partial,доступность
1786194978795,free_text,webrtc_ns_low,92440.0,partial,доступность
1786194978795,free_text,webrtc_ns_low,92480.0,partial,доступность
1786194978795,free_text,webrtc_ns_low,92520.0,partial,доступность
1786194978795,free_text,webrtc_ns_low,92560.0,partial,доступность
1786194978795,free_text,webrtc_ns_low,92600.0,partial,доступность
1786194978795,free_text,webrtc_ns_low,92640.0,partial,доступность
1786194978795,free_text,webrtc_ns_low,92680.0,partial,доступность
1786194978795,free_text,webrtc_ns_low,92720.0,partial,доступность
1786194978795,free_text,webrtc_ns_low,92760.0,partial,доступность
1786194978795,free_text,webrtc_ns_low,92800.0,partial,доступность
1786194978795,free_text,webrtc_ns_low,92840.0,partial,доступность
1786194978795,free_text,webrtc_ns_low,92880.0,partial,доступность
1786194978795,free_text,webrtc_ns_low,92920.0,partial,доступность
1786194978795,free_text,webrtc_ns_low,92960.0,partial,доступность
1786194978795,free_text,webrtc_ns_low,93000.0,partial,доступность
1786194978795,free_text,webrtc_ns_low,93040.0,partial,доступность
1786194978795,free_text,webrtc_ns_low,93080.0,partial,доступность
1786194978795,free_text,webrtc_ns_low,93120.0,partial,доступность
1786194978795,free_text,webrtc_ns_low,93160.0,partial,доступность
1786194978795,free_text,webrtc_ns_low,93200.0,partial,доступность
1786194978795,free_text,webrtc_ns_low,93240.0,endpoint,доступность
1786194978795,free_text,webrtc_ns_low,94920.0,partial,доступность
1786194978795,free_text,webrtc_ns_low,94960.0,partial,доступность
1786194978795,free_text,webrtc_ns_low,95000.0,partial,доступность
1786194978795,free_text,webrtc_ns_low,95040.0,partial,доступность
1786194978795,free_text,webrtc_ns_low,95080.0,partial,доступность
1786194978795,free_text,webrtc_ns_low,95120.0,partial,доступность
1786194978795,free_text,webrtc_ns_low,95160.0,partial,доступность
1786194978795,free_text,webrtc_ns_low,95200.0,partial,доступность
1786194978795,free_text,webrtc_ns_low,95240.0,partial,доступность
1786194978795,free_text,webrtc_ns_low,95280.0,partial,доступность
1786194978795,free_text,webrtc_ns_low,95320.0,partial,доступность
1786194978795,free_text,webrtc_ns_low,95360.0,partial,доступность
1786194978795,free_text,webrtc_ns_low,95400.0,partial,доступность
1786194978795,free_text,webrtc_ns_low,95440.0,partial,доступность
1786194978795,free_text,webrtc_ns_low,95480.0,partial,доступность
1786194978795,free_text,webrtc_ns_low,95520.0,partial,доступность
1786194978795,free_text,webrtc_ns_low,95560.0,partial,доступность
1786194978795,free_text,webrtc_ns_low,95600.0,partial,доступность
1786194978795,free_text,webrtc_ns_low,95640.0,partial,доступность
1786194978795,free_text,webrtc_ns_low,95680.0,partial,доступность
1786194978795,free_text,webrtc_ns_low,95720.0,partial,доступность
1786194978795,free_text,webrtc_ns_low,95760.0,partial,доступность
1786194978795,free_text,webrtc_ns_low,95800.0,partial,доступность
1786194978795,free_text,webrtc_ns_low,95840.0,partial,доступность
1786194978795,free_text,webrtc_ns_low,95880.0,partial,доступность
1786194978795,free_text,webrtc_ns_low,95920.0,partial,доступность
1786194978795,free_text,webrtc_ns_low,95960.0,partial,доступность
1786194978795,free_text,webrtc_ns_low,96000.0,partial,доступность
1786194978795,free_text,webrtc_ns_low,96040.0,partial,доступность
1786194978795,free_text,webrtc_ns_low,96080.0,partial,доступность
1786194978795,free_text,webrtc_ns_low,96120.0,endpoint,доступность
1786194978795,free_text,webrtc_ns_low,98280.0,partial,доступность
1786194978795,free_text,webrtc_ns_low,98320.0,partial,доступность
1786194978795,free_text,webrtc_ns_low,98360.0,partial,доступность
1786194978795,free_text,webrtc_ns_low,98400.0,partial,доступность
1786194978795,free_text,webrtc_ns_low,98440.0,partial,доступность
1786194978795,free_text,webrtc_ns_low,98480.0,partial,доступность
1786194978795,free_text,webrtc_ns_low,98520.0,partial,доступность
1786194978795,free_text,webrtc_ns_low,98560.0,partial,доступность
1786194978795,free_text,webrtc_ns_low,98600.0,partial,доступность
1786194978795,free_text,webrtc_ns_low,98640.0,partial,доступность
1786194978795,free_text,webrtc_ns_low,98680.0,partial,доступность
1786194978795,free_text,webrtc_ns_low,98720.0,partial,доступность
1786194978795,free_text,webrtc_ns_low,98760.0,partial,доступность
1786194978795,free_text,webrtc_ns_low,98800.0,partial,доступность
1786194978795,free_text,webrtc_ns_low,98840.0,partial,доступность
1786194978795,free_text,webrtc_ns_low,98880.0,partial,доступность
1786194978795,free_text,webrtc_ns_low,98920.0,partial,доступность
1786194978795,free_text,webrtc_ns_low,98960.0,partial,доступность
1786194978795,free_text,webrtc_ns_low,99000.0,partial,доступность
1786194978795,free_text,webrtc_ns_low,99040.0,partial,доступность
1786194978795,free_text,webrtc_ns_low,99080.0,partial,доступность
1786194978795,free_text,webrtc_ns_low,99120.0,partial,доступность
1786194978795,free_text,webrtc_ns_low,99160.0,partial,доступность
1786194978795,free_text,webrtc_ns_low,99200.0,partial,доступность
1786194978795,free_text,webrtc_ns_low,99240.0,partial,доступность
1786194978795,free_text,webrtc_ns_low,99280.0,partial,доступность
1786194978795,free_text,webrtc_ns_low,99320.0,partial,доступность
1786194978795,free_text,webrtc_ns_low,99360.0,partial,доступность
1786194978795,free_text,webrtc_ns_low,99400.0,partial,доступность
1786194978795,free_text,webrtc_ns_low,99440.0,partial,доступность
1786194978795,free_text,webrtc_ns_low,99480.0,endpoint,доступность
1786194978795,free_text,webrtc_ns_low,101400.0,partial,доступность
1786194978795,free_text,webrtc_ns_low,101440.0,partial,доступность
1786194978795,free_text,webrtc_ns_low,101480.0,partial,доступность
1786194978795,free_text,webrtc_ns_low,101520.0,partial,доступность
1786194978795,free_text,webrtc_ns_low,101560.0,partial,доступность
1786194978795,free_text,webrtc_ns_low,101600.0,partial,доступность
1786194978795,free_text,webrtc_ns_low,101640.0,partial,доступность
1786194978795,free_text,webrtc_ns_low,101680.0,partial,доступность
1786194978795,free_text,webrtc_ns_low,101720.0,partial,доступность
1786194978795,free_text,webrtc_ns_low,101760.0,partial,доступность
1786194978795,free_text,webrtc_ns_low,101800.0,partial,доступность
1786194978795,free_text,webrtc_ns_low,101840.0,partial,доступность
1786194978795,free_text,webrtc_ns_low,101880.0,partial,доступность
1786194978795,free_text,webrtc_ns_low,101920.0,partial,доступность
1786194978795,free_text,webrtc_ns_low,101960.0,partial,доступность
1786194978795,free_text,webrtc_ns_low,102000.0,partial,доступность
1786194978795,free_text,webrtc_ns_low,102040.0,partial,доступность
1786194978795,free_text,webrtc_ns_low,102080.0,partial,доступность
1786194978795,free_text,webrtc_ns_low,102120.0,partial,доступность
1786194978795,free_text,webrtc_ns_low,102160.0,partial,доступность
1786194978795,free_text,webrtc_ns_low,102200.0,partial,доступность
1786194978795,free_text,webrtc_ns_low,102240.0,partial,доступность
1786194978795,free_text,webrtc_ns_low,102280.0,partial,доступность
1786194978795,free_text,webrtc_ns_low,102320.0,partial,доступность
1786194978795,free_text,webrtc_ns_low,102360.0,partial,доступность
1786194978795,free_text,webrtc_ns_low,102400.0,partial,доступность
1786194978795,free_text,webrtc_ns_low,102440.0,partial,доступность
1786194978795,free_text,webrtc_ns_low,102480.0,partial,доступность
1786194978795,free_text,webrtc_ns_low,102520.0,partial,доступность
1786194978795,free_text,webrtc_ns_low,102560.0,partial,доступность
1786194978795,free_text,webrtc_ns_low,102600.0,endpoint,доступность
1786194978795,free_text,webrtc_ns_low,105960.0,partial,доступность
1786194978795,free_text,webrtc_ns_low,106000.0,partial,доступность
1786194978795,free_text,webrtc_ns_low,106040.0,partial,доступность
1786194978795,free_text,webrtc_ns_low,106080.0,partial,доступность
1786194978795,free_text,webrtc_ns_low,106120.0,partial,доступность
1786194978795,free_text,webrtc_ns_low,106160.0,partial,доступность
1786194978795,free_text,webrtc_ns_low,106200.0,partial,доступность
1786194978795,free_text,webrtc_ns_low,106240.0,partial,доступность
1786194978795,free_text,webrtc_ns_low,106280.0,partial,доступность
1786194978795,free_text,webrtc_ns_low,106320.0,partial,доступность
1786194978795,free_text,webrtc_ns_low,106360.0,partial,доступность
1786194978795,free_text,webrtc_ns_low,106400.0,partial,доступность
1786194978795,free_text,webrtc_ns_low,106440.0,partial,доступность
1786194978795,free_text,webrtc_ns_low,106480.0,partial,доступность
1786194978795,free_text,webrtc_ns_low,106520.0,partial,доступность
1786194978795,free_text,webrtc_ns_low,106560.0,partial,доступность
1786194978795,free_text,webrtc_ns_low,106600.0,partial,доступность
1786194978795,free_text,webrtc_ns_low,106640.0,partial,доступность
1786194978795,free_text,webrtc_ns_low,106680.0,partial,доступность
1786194978795,free_text,webrtc_ns_low,106720.0,partial,доступность
1786194978795,free_text,webrtc_ns_low,106760.0,partial,доступность
1786194978795,free_text,webrtc_ns_low,106800.0,partial,доступность
1786194978795,free_text,webrtc_ns_low,106840.0,partial,доступность
1786194978795,free_text,webrtc_ns_low,106880.0,partial,доступность
1786194978795,free_text,webrtc_ns_low,106920.0,partial,доступность
1786194978795,free_text,webrtc_ns_low,106960.0,partial,доступность
1786194978795,free_text,webrtc_ns_low,107000.0,partial,доступность
1786194978795,free_text,webrtc_ns_low,107040.0,partial,доступность
1786194978795,free_text,webrtc_ns_low,107080.0,partial,доступность
1786194978795,free_text,webrtc_ns_low,107120.0,partial,доступность
1786194978795,free_text,webrtc_ns_low,107160.0,endpoint,доступность
1786194978795,free_text,webrtc_ns_low,137400.0,partial,список
1786194978795,free_text,webrtc_ns_low,137440.0,partial,список
1786194978795,free_text,webrtc_ns_low,137480.0,partial,список
1786194978795,free_text,webrtc_ns_low,137520.0,partial,список
1786194978795,free_text,webrtc_ns_low,137560.0,partial,список
1786194978795,free_text,webrtc_ns_low,137600.0,partial,список
1786194978795,free_text,webrtc_ns_low,137640.0,partial,список
1786194978795,free_text,webrtc_ns_low,137680.0,partial,список
1786194978795,free_text,webrtc_ns_low,137720.0,partial,список
1786194978795,free_text,webrtc_ns_low,137760.0,partial,список
1786194978795,free_text,webrtc_ns_low,137800.0,partial,список
1786194978795,free_text,webrtc_ns_low,137840.0,partial,список
1786194978795,free_text,webrtc_ns_low,137880.0,partial,список
1786194978795,free_text,webrtc_ns_low,137920.0,partial,список
1786194978795,free_text,webrtc_ns_low,137960.0,partial,список
1786194978795,free_text,webrtc_ns_low,138000.0,partial,список
1786194978795,free_text,webrtc_ns_low,138040.0,partial,список
1786194978795,free_text,webrtc_ns_low,138080.0,partial,список
1786194978795,free_text,webrtc_ns_low,138120.0,partial,список
1786194978795,free_text,webrtc_ns_low,138160.0,partial,список
1786194978795,free_text,webrtc_ns_low,138200.0,partial,список
1786194978795,free_text,webrtc_ns_low,138240.0,partial,список
1786194978795,free_text,webrtc_ns_low,138280.0,partial,список
1786194978795,free_text,webrtc_ns_low,138320.0,partial,список
1786194978795,free_text,webrtc_ns_low,138360.0,partial,список
1786194978795,free_text,webrtc_ns_low,138400.0,partial,список
1786194978795,free_text,webrtc_ns_low,138440.0,partial,список
1786194978795,free_text,webrtc_ns_low,138480.0,partial,список
1786194978795,free_text,webrtc_ns_low,138520.0,partial,список
1786194978795,free_text,webrtc_ns_low,138560.0,partial,список
1786194978795,free_text,webrtc_ns_low,138600.0,partial,список
1786194978795,free_text,webrtc_ns_low,138640.0,partial,список
1786194978795,free_text,webrtc_ns_low,138680.0,partial,список
1786194978795,free_text,webrtc_ns_low,138720.0,partial,список
1786194978795,free_text,webrtc_ns_low,138760.0,partial,список
1786194978795,free_text,webrtc_ns_low,138800.0,partial,список
1786194978795,free_text,webrtc_ns_low,138840.0,endpoint,список
1786194978795,free_text,webrtc_ns_low,140760.0,partial,молочная
1786194978795,free_text,webrtc_ns_low,140800.0,partial,молочная
1786194978795,free_text,webrtc_ns_low,140840.0,partial,молочная
1786194978795,free_text,webrtc_ns_low,140880.0,partial,молочная
1786194978795,free_text,webrtc_ns_low,140920.0,partial,молочная
1786194978795,free_text,webrtc_ns_low,140960.0,partial,молочная
1786194978795,free_text,webrtc_ns_low,141000.0,partial,молочная
1786194978795,free_text,webrtc_ns_low,141040.0,partial,молочная
1786194978795,free_text,webrtc_ns_low,141080.0,partial,молочная
1786194978795,free_text,webrtc_ns_low,141120.0,partial,молочная
1786194978795,free_text,webrtc_ns_low,141160.0,partial,молочная
1786194978795,free_text,webrtc_ns_low,141200.0,partial,молочная
1786194978795,free_text,webrtc_ns_low,141240.0,partial,молочная
1786194978795,free_text,webrtc_ns_low,141280.0,partial,молочная
1786194978795,free_text,webrtc_ns_low,141320.0,partial,молочная
1786194978795,free_text,webrtc_ns_low,141360.0,partial,молочная
1786194978795,free_text,webrtc_ns_low,141400.0,partial,молочная
1786194978795,free_text,webrtc_ns_low,141440.0,partial,молочная
1786194978795,free_text,webrtc_ns_low,141480.0,partial,молочная
1786194978795,free_text,webrtc_ns_low,141520.0,partial,молочная
1786194978795,free_text,webrtc_ns_low,141560.0,partial,молочная
1786194978795,free_text,webrtc_ns_low,141600.0,partial,молочная
1786194978795,free_text,webrtc_ns_low,141640.0,partial,молочная
1786194978795,free_text,webrtc_ns_low,141680.0,partial,молочная
1786194978795,free_text,webrtc_ns_low,141720.0,partial,молочная
1786194978795,free_text,webrtc_ns_low,141760.0,partial,молочная
1786194978795,free_text,webrtc_ns_low,141800.0,partial,молочная
1786194978795,free_text,webrtc_ns_low,141840.0,partial,молочная
1786194978795,free_text,webrtc_ns_low,141880.0,partial,молочная
1786194978795,free_text,webrtc_ns_low,141920.0,partial,молочная
1786194978795,free_text,webrtc_ns_low,141960.0,endpoint,молочная
1786194978795,free_text,webrtc_ns_low,146760.0,partial,молочная
1786194978795,free_text,webrtc_ns_low,146800.0,partial,молочная
1786194978795,free_text,webrtc_ns_low,146840.0,partial,молочная
1786194978795,free_text,webrtc_ns_low,146880.0,partial,молочная
1786194978795,free_text,webrtc_ns_low,146920.0,partial,молочная
1786194978795,free_text,webrtc_ns_low,146960.0,partial,молочная
1786194978795,free_text,webrtc_ns_low,147000.0,partial,молочная
1786194978795,free_text,webrtc_ns_low,147040.0,partial,молочная
1786194978795,free_text,webrtc_ns_low,147080.0,partial,молочная
1786194978795,free_text,webrtc_ns_low,147120.0,partial,молочная
1786194978795,free_text,webrtc_ns_low,147160.0,partial,молочная
1786194978795,free_text,webrtc_ns_low,147200.0,partial,молочная
1786194978795,free_text,webrtc_ns_low,147240.0,partial,молочная
1786194978795,free_text,webrtc_ns_low,147280.0,partial,молочная
1786194978795,free_text,webrtc_ns_low,147320.0,partial,молочная
1786194978795,free_text,webrtc_ns_low,147360.0,partial,молочная
1786194978795,free_text,webrtc_ns_low,147400.0,partial,молочная
1786194978795,free_text,webrtc_ns_low,147440.0,partial,молочная
1786194978795,free_text,webrtc_ns_low,147480.0,partial,молочная
1786194978795,free_text,webrtc_ns_low,147520.0,partial,молочная
1786194978795,free_text,webrtc_ns_low,147560.0,partial,молочная
1786194978795,free_text,webrtc_ns_low,147600.0,partial,молочная
1786194978795,free_text,webrtc_ns_low,147640.0,partial,молочная
1786194978795,free_text,webrtc_ns_low,147680.0,partial,молочная
1786194978795,free_text,webrtc_ns_low,147720.0,endpoint,молочная
1786194978795,free_text,webrtc_ns_low,162120.0,partial,но коровка
1786194978795,free_text,webrtc_ns_low,162160.0,partial,но коровка
1786194978795,free_text,webrtc_ns_low,162200.0,partial,но коровка
1786194978795,free_text,webrtc_ns_low,162240.0,partial,но коровка
1786194978795,free_text,webrtc_ns_low,162280.0,partial,но коровка
1786194978795,free_text,webrtc_ns_low,162320.0,partial,но коровка
1786194978795,free_text,webrtc_ns_low,162360.0,partial,но коровка
1786194978795,free_text,webrtc_ns_low,162400.0,partial,но коровка
1786194978795,free_text,webrtc_ns_low,162440.0,partial,но коровка
1786194978795,free_text,webrtc_ns_low,162480.0,partial,но коровка
1786194978795,free_text,webrtc_ns_low,162520.0,partial,но коровка
1786194978795,free_text,webrtc_ns_low,162560.0,partial,но коровка
1786194978795,free_text,webrtc_ns_low,162600.0,partial,но коровка
1786194978795,free_text,webrtc_ns_low,162640.0,partial,но коровка
1786194978795,free_text,webrtc_ns_low,162680.0,partial,но коровка
1786194978795,free_text,webrtc_ns_low,162720.0,partial,но коровка
1786194978795,free_text,webrtc_ns_low,162760.0,partial,но коровка
1786194978795,free_text,webrtc_ns_low,162800.0,partial,но коровка
1786194978795,free_text,webrtc_ns_low,162840.0,endpoint,ну коровка
1786194978795,free_text,webrtc_ns_low,166920.0,partial,коровка
1786194978795,free_text,webrtc_ns_low,166960.0,partial,коровка
1786194978795,free_text,webrtc_ns_low,167000.0,partial,коровка
1786194978795,free_text,webrtc_ns_low,167040.0,partial,коровка
1786194978795,free_text,webrtc_ns_low,167080.0,partial,коровка
1786194978795,free_text,webrtc_ns_low,167120.0,partial,коровка
1786194978795,free_text,webrtc_ns_low,167160.0,partial,коровка
1786194978795,free_text,webrtc_ns_low,167200.0,partial,коровка
1786194978795,free_text,webrtc_ns_low,167240.0,partial,коровка
1786194978795,free_text,webrtc_ns_low,167280.0,partial,коровка
1786194978795,free_text,webrtc_ns_low,167320.0,partial,коровка
1786194978795,free_text,webrtc_ns_low,167360.0,partial,коровка
1786194978795,free_text,webrtc_ns_low,167400.0,endpoint,коровка
1786194978795,free_text,webrtc_ns_low,168840.0,partial,коровка
1786194978795,free_text,webrtc_ns_low,168880.0,partial,коровка
1786194978795,free_text,webrtc_ns_low,168920.0,partial,коровка
1786194978795,free_text,webrtc_ns_low,168960.0,partial,коровка
1786194978795,free_text,webrtc_ns_low,169000.0,partial,коровка
1786194978795,free_text,webrtc_ns_low,169040.0,partial,коровка
1786194978795,free_text,webrtc_ns_low,169080.0,partial,коровка
1786194978795,free_text,webrtc_ns_low,169120.0,partial,коровка
1786194978795,free_text,webrtc_ns_low,169160.0,partial,коровка
1786194978795,free_text,webrtc_ns_low,169200.0,partial,коровка
1786194978795,free_text,webrtc_ns_low,169240.0,partial,коровка
1786194978795,free_text,webrtc_ns_low,169280.0,partial,коровка
1786194978795,free_text,webrtc_ns_low,169320.0,partial,коровка
1786194978795,free_text,webrtc_ns_low,169360.0,partial,коровка
1786194978795,free_text,webrtc_ns_low,169400.0,partial,коровка
1786194978795,free_text,webrtc_ns_low,169440.0,partial,коровка
1786194978795,free_text,webrtc_ns_low,169480.0,partial,коровка
1786194978795,free_text,webrtc_ns_low,169520.0,partial,коровка
1786194978795,free_text,webrtc_ns_low,169560.0,endpoint,коровка
1786194978795,command_menu,webrtc_ns_moderate,17880.0,partial,вниз
1786194978795,command_menu,webrtc_ns_moderate,17920.0,partial,вниз
1786194978795,command_menu,webrtc_ns_moderate,17960.0,partial,вниз
1786194978795,command_menu,webrtc_ns_moderate,18000.0,partial,вниз
1786194978795,command_menu,webrtc_ns_moderate,18040.0,partial,вниз
1786194978795,command_menu,webrtc_ns_moderate,18080.0,partial,вниз
1786194978795,command_menu,webrtc_ns_moderate,18120.0,partial,вниз
1786194978795,command_menu,webrtc_ns_moderate,18160.0,partial,вниз
1786194978795,command_menu,webrtc_ns_moderate,18200.0,partial,вниз
1786194978795,command_menu,webrtc_ns_moderate,18240.0,partial,вниз
1786194978795,command_menu,webrtc_ns_moderate,18280.0,partial,вниз
1786194978795,command_menu,webrtc_ns_moderate,18320.0,partial,вниз
1786194978795,command_menu,webrtc_ns_moderate,18360.0,partial,вниз
1786194978795,command_menu,webrtc_ns_moderate,18400.0,partial,вниз
1786194978795,command_menu,webrtc_ns_moderate,18440.0,partial,вниз
1786194978795,command_menu,webrtc_ns_moderate,18480.0,partial,вниз
1786194978795,command_menu,webrtc_ns_moderate,18520.0,partial,вниз
1786194978795,command_menu,webrtc_ns_moderate,18560.0,partial,вниз
1786194978795,command_menu,webrtc_ns_moderate,18600.0,endpoint,вниз
1786194978795,command_menu,webrtc_ns_moderate,19080.0,partial,вниз
1786194978795,command_menu,webrtc_ns_moderate,19120.0,partial,вниз
1786194978795,command_menu,webrtc_ns_moderate,19160.0,partial,вниз
1786194978795,command_menu,webrtc_ns_moderate,19200.0,partial,вниз
1786194978795,command_menu,webrtc_ns_moderate,19240.0,partial,вниз
1786194978795,command_menu,webrtc_ns_moderate,19280.0,partial,вниз
1786194978795,command_menu,webrtc_ns_moderate,19320.0,partial,вниз
1786194978795,command_menu,webrtc_ns_moderate,19360.0,partial,вниз
1786194978795,command_menu,webrtc_ns_moderate,19400.0,partial,вниз
1786194978795,command_menu,webrtc_ns_moderate,19440.0,partial,вниз
1786194978795,command_menu,webrtc_ns_moderate,19480.0,partial,вниз
1786194978795,command_menu,webrtc_ns_moderate,19520.0,partial,вниз
1786194978795,command_menu,webrtc_ns_moderate,19560.0,partial,вниз
1786194978795,command_menu,webrtc_ns_moderate,19600.0,partial,вниз
1786194978795,command_menu,webrtc_ns_moderate,19640.0,partial,вниз
1786194978795,command_menu,webrtc_ns_moderate,19680.0,partial,вниз
1786194978795,command_menu,webrtc_ns_moderate,19720.0,partial,вниз
1786194978795,command_menu,webrtc_ns_moderate,19760.0,partial,вниз
1786194978795,command_menu,webrtc_ns_moderate,19800.0,partial,вниз
1786194978795,command_menu,webrtc_ns_moderate,19840.0,partial,вниз
1786194978795,command_menu,webrtc_ns_moderate,19880.0,partial,вниз
1786194978795,command_menu,webrtc_ns_moderate,19920.0,partial,вниз
1786194978795,command_menu,webrtc_ns_moderate,19960.0,partial,вниз
1786194978795,command_menu,webrtc_ns_moderate,20000.0,partial,вниз
1786194978795,command_menu,webrtc_ns_moderate,20040.0,endpoint,вниз
1786194978795,command_menu,webrtc_ns_moderate,20520.0,partial,вниз
1786194978795,command_menu,webrtc_ns_moderate,20560.0,partial,вниз
1786194978795,command_menu,webrtc_ns_moderate,20600.0,partial,вниз
1786194978795,command_menu,webrtc_ns_moderate,20640.0,partial,вниз
1786194978795,command_menu,webrtc_ns_moderate,20680.0,partial,вниз
1786194978795,command_menu,webrtc_ns_moderate,20720.0,partial,вниз
1786194978795,command_menu,webrtc_ns_moderate,20760.0,partial,вниз
1786194978795,command_menu,webrtc_ns_moderate,20800.0,partial,вниз
1786194978795,command_menu,webrtc_ns_moderate,20840.0,partial,вниз
1786194978795,command_menu,webrtc_ns_moderate,20880.0,partial,вниз
1786194978795,command_menu,webrtc_ns_moderate,20920.0,partial,вниз
1786194978795,command_menu,webrtc_ns_moderate,20960.0,partial,вниз
1786194978795,command_menu,webrtc_ns_moderate,21000.0,partial,вниз
1786194978795,command_menu,webrtc_ns_moderate,21040.0,partial,вниз
1786194978795,command_menu,webrtc_ns_moderate,21080.0,partial,вниз
1786194978795,command_menu,webrtc_ns_moderate,21120.0,partial,вниз
1786194978795,command_menu,webrtc_ns_moderate,21160.0,partial,вниз
1786194978795,command_menu,webrtc_ns_moderate,21200.0,partial,вниз
1786194978795,command_menu,webrtc_ns_moderate,21240.0,partial,вниз
1786194978795,command_menu,webrtc_ns_moderate,21280.0,partial,вниз
1786194978795,command_menu,webrtc_ns_moderate,21320.0,partial,вниз
1786194978795,command_menu,webrtc_ns_moderate,21360.0,partial,вниз
1786194978795,command_menu,webrtc_ns_moderate,21400.0,partial,вниз
1786194978795,command_menu,webrtc_ns_moderate,21440.0,partial,вниз
1786194978795,command_menu,webrtc_ns_moderate,21480.0,endpoint,вниз
1786194978795,command_menu,webrtc_ns_moderate,21960.0,partial,вверх
1786194978795,command_menu,webrtc_ns_moderate,22000.0,partial,вверх
1786194978795,command_menu,webrtc_ns_moderate,22040.0,partial,вверх
1786194978795,command_menu,webrtc_ns_moderate,22080.0,partial,вверх
1786194978795,command_menu,webrtc_ns_moderate,22120.0,partial,вверх
1786194978795,command_menu,webrtc_ns_moderate,22160.0,partial,вверх
1786194978795,command_menu,webrtc_ns_moderate,22200.0,partial,вверх
1786194978795,command_menu,webrtc_ns_moderate,22240.0,partial,вверх
1786194978795,command_menu,webrtc_ns_moderate,22280.0,partial,вверх
1786194978795,command_menu,webrtc_ns_moderate,22320.0,partial,вверх
1786194978795,command_menu,webrtc_ns_moderate,22360.0,partial,вверх
1786194978795,command_menu,webrtc_ns_moderate,22400.0,partial,вверх
1786194978795,command_menu,webrtc_ns_moderate,22440.0,partial,вверх
1786194978795,command_menu,webrtc_ns_moderate,22480.0,partial,вверх
1786194978795,command_menu,webrtc_ns_moderate,22520.0,partial,вверх
1786194978795,command_menu,webrtc_ns_moderate,22560.0,partial,вверх
1786194978795,command_menu,webrtc_ns_moderate,22600.0,partial,вверх
1786194978795,command_menu,webrtc_ns_moderate,22640.0,partial,вверх
1786194978795,command_menu,webrtc_ns_moderate,22680.0,endpoint,вверх
1786194978795,command_menu,webrtc_ns_moderate,22920.0,partial,доступность
1786194978795,command_menu,webrtc_ns_moderate,22960.0,partial,доступность
1786194978795,command_menu,webrtc_ns_moderate,23000.0,partial,доступность
1786194978795,command_menu,webrtc_ns_moderate,23040.0,partial,доступность
1786194978795,command_menu,webrtc_ns_moderate,23080.0,partial,доступность
1786194978795,command_menu,webrtc_ns_moderate,23120.0,partial,доступность
1786194978795,command_menu,webrtc_ns_moderate,23160.0,partial,вверх
1786194978795,command_menu,webrtc_ns_moderate,23200.0,partial,вверх
1786194978795,command_menu,webrtc_ns_moderate,23240.0,partial,вверх
1786194978795,command_menu,webrtc_ns_moderate,23280.0,partial,вверх
1786194978795,command_menu,webrtc_ns_moderate,23320.0,partial,вверх
1786194978795,command_menu,webrtc_ns_moderate,23360.0,partial,вверх
1786194978795,command_menu,webrtc_ns_moderate,23400.0,partial,вверх
1786194978795,command_menu,webrtc_ns_moderate,23440.0,partial,вверх
1786194978795,command_menu,webrtc_ns_moderate,23480.0,partial,вверх
1786194978795,command_menu,webrtc_ns_moderate,23520.0,partial,вверх
1786194978795,command_menu,webrtc_ns_moderate,23560.0,partial,вверх
1786194978795,command_menu,webrtc_ns_moderate,23600.0,partial,вверх
1786194978795,command_menu,webrtc_ns_moderate,23640.0,partial,вверх
1786194978795,command_menu,webrtc_ns_moderate,23680.0,partial,вверх
1786194978795,command_menu,webrtc_ns_moderate,23720.0,partial,вверх
1786194978795,command_menu,webrtc_ns_moderate,23760.0,partial,вверх
1786194978795,command_menu,webrtc_ns_moderate,23800.0,partial,вверх
1786194978795,command_menu,webrtc_ns_moderate,23840.0,partial,вверх
1786194978795,command_menu,webrtc_ns_moderate,23880.0,endpoint,вверх
1786194978795,command_menu,webrtc_ns_moderate,24840.0,partial,вверх
1786194978795,command_menu,webrtc_ns_moderate,24880.0,partial,вверх
1786194978795,command_menu,webrtc_ns_moderate,24920.0,partial,вверх
1786194978795,command_menu,webrtc_ns_moderate,24960.0,partial,вверх
1786194978795,command_menu,webrtc_ns_moderate,25000.0,partial,вверх
1786194978795,command_menu,webrtc_ns_moderate,25040.0,partial,вверх
1786194978795,command_menu,webrtc_ns_moderate,25080.0,partial,вверх
1786194978795,command_menu,webrtc_ns_moderate,25120.0,partial,вверх
1786194978795,command_menu,webrtc_ns_moderate,25160.0,partial,вверх
1786194978795,command_menu,webrtc_ns_moderate,25200.0,partial,вверх
1786194978795,command_menu,webrtc_ns_moderate,25240.0,partial,вверх
1786194978795,command_menu,webrtc_ns_moderate,25280.0,partial,вверх
1786194978795,command_menu,webrtc_ns_moderate,25320.0,partial,вверх
1786194978795,command_menu,webrtc_ns_moderate,25360.0,partial,вверх
1786194978795,command_menu,webrtc_ns_moderate,25400.0,partial,вверх
1786194978795,command_menu,webrtc_ns_moderate,25440.0,partial,вверх
1786194978795,command_menu,webrtc_ns_moderate,25480.0,partial,вверх
1786194978795,command_menu,webrtc_ns_moderate,25520.0,partial,вверх
1786194978795,command_menu,webrtc_ns_moderate,25560.0,endpoint,вверх
1786194978795,command_menu,webrtc_ns_moderate,26280.0,partial,доступность
1786194978795,command_menu,webrtc_ns_moderate,26320.0,partial,доступность
1786194978795,command_menu,webrtc_ns_moderate,26360.0,partial,доступность
1786194978795,command_menu,webrtc_ns_moderate,26400.0,partial,доступность
1786194978795,command_menu,webrtc_ns_moderate,26440.0,partial,доступность
1786194978795,command_menu,webrtc_ns_moderate,26480.0,partial,доступность
1786194978795,command_menu,webrtc_ns_moderate,26520.0,partial,вверх
1786194978795,command_menu,webrtc_ns_moderate,26560.0,partial,вверх
1786194978795,command_menu,webrtc_ns_moderate,26600.0,partial,вверх
1786194978795,command_menu,webrtc_ns_moderate,26640.0,partial,вверх
1786194978795,command_menu,webrtc_ns_moderate,26680.0,partial,вверх
1786194978795,command_menu,webrtc_ns_moderate,26720.0,partial,вверх
1786194978795,command_menu,webrtc_ns_moderate,26760.0,partial,вверх
1786194978795,command_menu,webrtc_ns_moderate,26800.0,partial,вверх
1786194978795,command_menu,webrtc_ns_moderate,26840.0,partial,вверх
1786194978795,command_menu,webrtc_ns_moderate,26880.0,partial,вверх
1786194978795,command_menu,webrtc_ns_moderate,26920.0,partial,вверх
1786194978795,command_menu,webrtc_ns_moderate,26960.0,partial,вверх
1786194978795,command_menu,webrtc_ns_moderate,27000.0,partial,вверх
1786194978795,command_menu,webrtc_ns_moderate,27040.0,partial,вверх
1786194978795,command_menu,webrtc_ns_moderate,27080.0,partial,вверх
1786194978795,command_menu,webrtc_ns_moderate,27120.0,partial,вверх
1786194978795,command_menu,webrtc_ns_moderate,27160.0,partial,вверх
1786194978795,command_menu,webrtc_ns_moderate,27200.0,partial,вверх
1786194978795,command_menu,webrtc_ns_moderate,27240.0,endpoint,вверх
1786194978795,command_menu,webrtc_ns_moderate,27720.0,partial,вниз
1786194978795,command_menu,webrtc_ns_moderate,27760.0,partial,вниз
1786194978795,command_menu,webrtc_ns_moderate,27800.0,partial,вниз
1786194978795,command_menu,webrtc_ns_moderate,27840.0,partial,вниз
1786194978795,command_menu,webrtc_ns_moderate,27880.0,partial,вниз
1786194978795,command_menu,webrtc_ns_moderate,27920.0,partial,вниз
1786194978795,command_menu,webrtc_ns_moderate,27960.0,partial,вниз
1786194978795,command_menu,webrtc_ns_moderate,28000.0,partial,вниз
1786194978795,command_menu,webrtc_ns_moderate,28040.0,partial,вниз
1786194978795,command_menu,webrtc_ns_moderate,28080.0,partial,вниз
1786194978795,command_menu,webrtc_ns_moderate,28120.0,partial,вниз
1786194978795,command_menu,webrtc_ns_moderate,28160.0,partial,вниз
1786194978795,command_menu,webrtc_ns_moderate,28200.0,partial,вниз
1786194978795,command_menu,webrtc_ns_moderate,28240.0,partial,вниз
1786194978795,command_menu,webrtc_ns_moderate,28280.0,partial,вниз
1786194978795,command_menu,webrtc_ns_moderate,28320.0,partial,вниз
1786194978795,command_menu,webrtc_ns_moderate,28360.0,partial,вниз
1786194978795,command_menu,webrtc_ns_moderate,28400.0,partial,вниз
1786194978795,command_menu,webrtc_ns_moderate,28440.0,partial,вниз
1786194978795,command_menu,webrtc_ns_moderate,28480.0,partial,вниз
1786194978795,command_menu,webrtc_ns_moderate,28520.0,partial,вниз
1786194978795,command_menu,webrtc_ns_moderate,28560.0,partial,вниз
1786194978795,command_menu,webrtc_ns_moderate,28600.0,partial,вниз
1786194978795,command_menu,webrtc_ns_moderate,28640.0,partial,вниз
1786194978795,command_menu,webrtc_ns_moderate,28680.0,endpoint,вниз
1786194978795,command_menu,webrtc_ns_moderate,28920.0,partial,печать
1786194978795,command_menu,webrtc_ns_moderate,28960.0,partial,печать
1786194978795,command_menu,webrtc_ns_moderate,29000.0,partial,печать
1786194978795,command_menu,webrtc_ns_moderate,29040.0,partial,печать
1786194978795,command_menu,webrtc_ns_moderate,29080.0,partial,печать
1786194978795,command_menu,webrtc_ns_moderate,29120.0,partial,печать
1786194978795,command_menu,webrtc_ns_moderate,29160.0,partial,печать
1786194978795,command_menu,webrtc_ns_moderate,29200.0,partial,печать
1786194978795,command_menu,webrtc_ns_moderate,29240.0,partial,печать
1786194978795,command_menu,webrtc_ns_moderate,29280.0,partial,печать
1786194978795,command_menu,webrtc_ns_moderate,29320.0,partial,печать
1786194978795,command_menu,webrtc_ns_moderate,29360.0,partial,печать
1786194978795,command_menu,webrtc_ns_moderate,29400.0,partial,печать
1786194978795,command_menu,webrtc_ns_moderate,29440.0,partial,печать
1786194978795,command_menu,webrtc_ns_moderate,29480.0,partial,печать
1786194978795,command_menu,webrtc_ns_moderate,29520.0,partial,печать
1786194978795,command_menu,webrtc_ns_moderate,29560.0,partial,печать
1786194978795,command_menu,webrtc_ns_moderate,29600.0,partial,печать
1786194978795,command_menu,webrtc_ns_moderate,29640.0,partial,печать
1786194978795,command_menu,webrtc_ns_moderate,29680.0,partial,печать
1786194978795,command_menu,webrtc_ns_moderate,29720.0,partial,печать
1786194978795,command_menu,webrtc_ns_moderate,29760.0,partial,печать
1786194978795,command_menu,webrtc_ns_moderate,29800.0,partial,печать
1786194978795,command_menu,webrtc_ns_moderate,29840.0,partial,печать
1786194978795,command_menu,webrtc_ns_moderate,29880.0,partial,печать
1786194978795,command_menu,webrtc_ns_moderate,29920.0,partial,печать
1786194978795,command_menu,webrtc_ns_moderate,29960.0,partial,печать
1786194978795,command_menu,webrtc_ns_moderate,30000.0,partial,печать
1786194978795,command_menu,webrtc_ns_moderate,30040.0,partial,печать
1786194978795,command_menu,webrtc_ns_moderate,30080.0,partial,печать
1786194978795,command_menu,webrtc_ns_moderate,30120.0,endpoint,печать
1786194978795,command_menu,webrtc_ns_moderate,38040.0,partial,доступность
1786194978795,command_menu,webrtc_ns_moderate,38080.0,partial,доступность
1786194978795,command_menu,webrtc_ns_moderate,38120.0,partial,доступность
1786194978795,command_menu,webrtc_ns_moderate,38160.0,partial,доступность
1786194978795,command_menu,webrtc_ns_moderate,38200.0,partial,доступность
1786194978795,command_menu,webrtc_ns_moderate,38240.0,partial,доступность
1786194978795,command_menu,webrtc_ns_moderate,39720.0,partial,доступность
1786194978795,command_menu,webrtc_ns_moderate,39760.0,partial,доступность
1786194978795,command_menu,webrtc_ns_moderate,39800.0,partial,доступность
1786194978795,command_menu,webrtc_ns_moderate,39840.0,partial,доступность
1786194978795,command_menu,webrtc_ns_moderate,39880.0,partial,доступность
1786194978795,command_menu,webrtc_ns_moderate,39920.0,partial,доступность
1786194978795,command_menu,webrtc_ns_moderate,39960.0,partial,доступность
1786194978795,command_menu,webrtc_ns_moderate,40000.0,partial,доступность
1786194978795,command_menu,webrtc_ns_moderate,40040.0,partial,доступность
1786194978795,command_menu,webrtc_ns_moderate,40080.0,partial,доступность
1786194978795,command_menu,webrtc_ns_moderate,40120.0,partial,доступность
1786194978795,command_menu,webrtc_ns_moderate,40160.0,partial,доступность
1786194978795,command_menu,webrtc_ns_moderate,40200.0,partial,доступность
1786194978795,command_menu,webrtc_ns_moderate,40240.0,partial,доступность
1786194978795,command_menu,webrtc_ns_moderate,40280.0,partial,доступность
1786194978795,command_menu,webrtc_ns_moderate,40320.0,partial,доступность
1786194978795,command_menu,webrtc_ns_moderate,40360.0,partial,доступность
1786194978795,command_menu,webrtc_ns_moderate,40400.0,partial,доступность
1786194978795,command_menu,webrtc_ns_moderate,44760.0,partial,доступность
1786194978795,command_menu,webrtc_ns_moderate,44800.0,partial,доступность
1786194978795,command_menu,webrtc_ns_moderate,44840.0,partial,доступность
1786194978795,command_menu,webrtc_ns_moderate,44880.0,partial,доступность
1786194978795,command_menu,webrtc_ns_moderate,44920.0,partial,доступность
1786194978795,command_menu,webrtc_ns_moderate,44960.0,partial,доступность
1786194978795,command_menu,webrtc_ns_moderate,45000.0,partial,доступность
1786194978795,command_menu,webrtc_ns_moderate,45040.0,partial,доступность
1786194978795,command_menu,webrtc_ns_moderate,45080.0,partial,доступность
1786194978795,command_menu,webrtc_ns_moderate,45120.0,partial,доступность
1786194978795,command_menu,webrtc_ns_moderate,45160.0,partial,доступность
1786194978795,command_menu,webrtc_ns_moderate,45200.0,partial,доступность
1786194978795,command_menu,webrtc_ns_moderate,48600.0,partial,доступность
1786194978795,command_menu,webrtc_ns_moderate,48640.0,partial,доступность
1786194978795,command_menu,webrtc_ns_moderate,48680.0,partial,доступность
1786194978795,command_menu,webrtc_ns_moderate,48720.0,partial,доступность
1786194978795,command_menu,webrtc_ns_moderate,48760.0,partial,доступность
1786194978795,command_menu,webrtc_ns_moderate,48800.0,partial,доступность
1786194978795,command_menu,webrtc_ns_moderate,48840.0,partial,доступность
1786194978795,command_menu,webrtc_ns_moderate,48880.0,partial,доступность
1786194978795,command_menu,webrtc_ns_moderate,48920.0,partial,доступность
1786194978795,command_menu,webrtc_ns_moderate,48960.0,partial,доступность
1786194978795,command_menu,webrtc_ns_moderate,49000.0,partial,доступность
1786194978795,command_menu,webrtc_ns_moderate,49040.0,partial,доступность
1786194978795,command_menu,webrtc_ns_moderate,58680.0,partial,доступность
1786194978795,command_menu,webrtc_ns_moderate,58720.0,partial,доступность
1786194978795,command_menu,webrtc_ns_moderate,58760.0,partial,доступность
1786194978795,command_menu,webrtc_ns_moderate,58800.0,partial,доступность
1786194978795,command_menu,webrtc_ns_moderate,58840.0,partial,доступность
1786194978795,command_menu,webrtc_ns_moderate,58880.0,partial,доступность
1786194978795,command_menu,webrtc_ns_moderate,61080.0,partial,доступность
1786194978795,command_menu,webrtc_ns_moderate,61120.0,partial,доступность
1786194978795,command_menu,webrtc_ns_moderate,61160.0,partial,доступность
1786194978795,command_menu,webrtc_ns_moderate,61200.0,partial,доступность
1786194978795,command_menu,webrtc_ns_moderate,61240.0,partial,доступность
1786194978795,command_menu,webrtc_ns_moderate,61280.0,partial,доступность
1786194978795,command_menu,webrtc_ns_moderate,63960.0,partial,печать
1786194978795,command_menu,webrtc_ns_moderate,64000.0,partial,печать
1786194978795,command_menu,webrtc_ns_moderate,64040.0,partial,печать
1786194978795,command_menu,webrtc_ns_moderate,64080.0,partial,печать
1786194978795,command_menu,webrtc_ns_moderate,64120.0,partial,печать
1786194978795,command_menu,webrtc_ns_moderate,64160.0,partial,печать
1786194978795,command_menu,webrtc_ns_moderate,85320.0,partial,доступность
1786194978795,command_menu,webrtc_ns_moderate,85360.0,partial,доступность
1786194978795,command_menu,webrtc_ns_moderate,85400.0,partial,доступность
1786194978795,command_menu,webrtc_ns_moderate,85440.0,partial,доступность
1786194978795,command_menu,webrtc_ns_moderate,85480.0,partial,доступность
1786194978795,command_menu,webrtc_ns_moderate,85520.0,partial,доступность
1786194978795,command_menu,webrtc_ns_moderate,85560.0,partial,доступность
1786194978795,command_menu,webrtc_ns_moderate,85600.0,partial,доступность
1786194978795,command_menu,webrtc_ns_moderate,85640.0,partial,доступность
1786194978795,command_menu,webrtc_ns_moderate,85680.0,partial,доступность
1786194978795,command_menu,webrtc_ns_moderate,85720.0,partial,доступность
1786194978795,command_menu,webrtc_ns_moderate,85760.0,partial,доступность
1786194978795,command_menu,webrtc_ns_moderate,85800.0,partial,доступность
1786194978795,command_menu,webrtc_ns_moderate,85840.0,partial,доступность
1786194978795,command_menu,webrtc_ns_moderate,85880.0,partial,доступность
1786194978795,command_menu,webrtc_ns_moderate,85920.0,partial,доступность
1786194978795,command_menu,webrtc_ns_moderate,85960.0,partial,доступность
1786194978795,command_menu,webrtc_ns_moderate,86000.0,partial,доступность
1786194978795,command_menu,webrtc_ns_moderate,86040.0,partial,доступность
1786194978795,command_menu,webrtc_ns_moderate,86080.0,partial,доступность
1786194978795,command_menu,webrtc_ns_moderate,86120.0,partial,доступность
1786194978795,command_menu,webrtc_ns_moderate,86160.0,partial,доступность
1786194978795,command_menu,webrtc_ns_moderate,86200.0,partial,доступность
1786194978795,command_menu,webrtc_ns_moderate,86240.0,partial,доступность
1786194978795,command_menu,webrtc_ns_moderate,86280.0,partial,доступность
1786194978795,command_menu,webrtc_ns_moderate,86320.0,partial,доступность
1786194978795,command_menu,webrtc_ns_moderate,86360.0,partial,доступность
1786194978795,command_menu,webrtc_ns_moderate,86400.0,partial,доступность
1786194978795,command_menu,webrtc_ns_moderate,86440.0,partial,доступность
1786194978795,command_menu,webrtc_ns_moderate,86480.0,partial,доступность
1786194978795,command_menu,webrtc_ns_moderate,86520.0,partial,доступность
1786194978795,command_menu,webrtc_ns_moderate,86560.0,partial,доступность
1786194978795,command_menu,webrtc_ns_moderate,86600.0,partial,доступность
1786194978795,command_menu,webrtc_ns_moderate,86640.0,partial,доступность
1786194978795,command_menu,webrtc_ns_moderate,86680.0,partial,доступность
1786194978795,command_menu,webrtc_ns_moderate,86720.0,partial,доступность
1786194978795,command_menu,webrtc_ns_moderate,86760.0,endpoint,доступность
1786194978795,command_menu,webrtc_ns_moderate,88680.0,partial,доступность
1786194978795,command_menu,webrtc_ns_moderate,88720.0,partial,доступность
1786194978795,command_menu,webrtc_ns_moderate,88760.0,partial,доступность
1786194978795,command_menu,webrtc_ns_moderate,88800.0,partial,доступность
1786194978795,command_menu,webrtc_ns_moderate,88840.0,partial,доступность
1786194978795,command_menu,webrtc_ns_moderate,88880.0,partial,доступность
1786194978795,command_menu,webrtc_ns_moderate,88920.0,partial,доступность
1786194978795,command_menu,webrtc_ns_moderate,88960.0,partial,доступность
1786194978795,command_menu,webrtc_ns_moderate,89000.0,partial,доступность
1786194978795,command_menu,webrtc_ns_moderate,89040.0,partial,доступность
1786194978795,command_menu,webrtc_ns_moderate,89080.0,partial,доступность
1786194978795,command_menu,webrtc_ns_moderate,89120.0,partial,доступность
1786194978795,command_menu,webrtc_ns_moderate,89160.0,partial,доступность
1786194978795,command_menu,webrtc_ns_moderate,89200.0,partial,доступность
1786194978795,command_menu,webrtc_ns_moderate,89240.0,partial,доступность
1786194978795,command_menu,webrtc_ns_moderate,89280.0,partial,доступность
1786194978795,command_menu,webrtc_ns_moderate,89320.0,partial,доступность
1786194978795,command_menu,webrtc_ns_moderate,89360.0,partial,доступность
1786194978795,command_menu,webrtc_ns_moderate,89400.0,partial,доступность
1786194978795,command_menu,webrtc_ns_moderate,89440.0,partial,доступность
1786194978795,command_menu,webrtc_ns_moderate,89480.0,partial,доступность
1786194978795,command_menu,webrtc_ns_moderate,89520.0,partial,доступность
1786194978795,command_menu,webrtc_ns_moderate,89560.0,partial,доступность
1786194978795,command_menu,webrtc_ns_moderate,89600.0,partial,доступность
1786194978795,command_menu,webrtc_ns_moderate,89640.0,partial,доступность
1786194978795,command_menu,webrtc_ns_moderate,89680.0,partial,доступность
1786194978795,command_menu,webrtc_ns_moderate,89720.0,partial,доступность
1786194978795,command_menu,webrtc_ns_moderate,89760.0,partial,доступность
1786194978795,command_menu,webrtc_ns_moderate,89800.0,partial,доступность
1786194978795,command_menu,webrtc_ns_moderate,89840.0,partial,доступность
1786194978795,command_menu,webrtc_ns_moderate,89880.0,endpoint,доступность
1786194978795,command_menu,webrtc_ns_moderate,91320.0,partial,доступность
1786194978795,command_menu,webrtc_ns_moderate,91360.0,partial,доступность
1786194978795,command_menu,webrtc_ns_moderate,91400.0,partial,доступность
1786194978795,command_menu,webrtc_ns_moderate,91440.0,partial,доступность
1786194978795,command_menu,webrtc_ns_moderate,91480.0,partial,доступность
1786194978795,command_menu,webrtc_ns_moderate,91520.0,partial,доступность
1786194978795,command_menu,webrtc_ns_moderate,91560.0,partial,доступность
1786194978795,command_menu,webrtc_ns_moderate,91600.0,partial,доступность
1786194978795,command_menu,webrtc_ns_moderate,91640.0,partial,доступность
1786194978795,command_menu,webrtc_ns_moderate,91680.0,partial,доступность
1786194978795,command_menu,webrtc_ns_moderate,91720.0,partial,доступность
1786194978795,command_menu,webrtc_ns_moderate,91760.0,partial,доступность
1786194978795,command_menu,webrtc_ns_moderate,91800.0,partial,доступность
1786194978795,command_menu,webrtc_ns_moderate,91840.0,partial,доступность
1786194978795,command_menu,webrtc_ns_moderate,91880.0,partial,доступность
1786194978795,command_menu,webrtc_ns_moderate,91920.0,partial,доступность
1786194978795,command_menu,webrtc_ns_moderate,91960.0,partial,доступность
1786194978795,command_menu,webrtc_ns_moderate,92000.0,partial,доступность
1786194978795,command_menu,webrtc_ns_moderate,92040.0,partial,доступность
1786194978795,command_menu,webrtc_ns_moderate,92080.0,partial,доступность
1786194978795,command_menu,webrtc_ns_moderate,92120.0,partial,доступность
1786194978795,command_menu,webrtc_ns_moderate,92160.0,partial,доступность
1786194978795,command_menu,webrtc_ns_moderate,92200.0,partial,доступность
1786194978795,command_menu,webrtc_ns_moderate,92240.0,partial,доступность
1786194978795,command_menu,webrtc_ns_moderate,92280.0,partial,доступность
1786194978795,command_menu,webrtc_ns_moderate,92320.0,partial,доступность
1786194978795,command_menu,webrtc_ns_moderate,92360.0,partial,доступность
1786194978795,command_menu,webrtc_ns_moderate,92400.0,partial,доступность
1786194978795,command_menu,webrtc_ns_moderate,92440.0,partial,доступность
1786194978795,command_menu,webrtc_ns_moderate,92480.0,partial,доступность
1786194978795,command_menu,webrtc_ns_moderate,92520.0,partial,доступность
1786194978795,command_menu,webrtc_ns_moderate,92560.0,partial,доступность
1786194978795,command_menu,webrtc_ns_moderate,92600.0,partial,доступность
1786194978795,command_menu,webrtc_ns_moderate,92640.0,partial,доступность
1786194978795,command_menu,webrtc_ns_moderate,92680.0,partial,доступность
1786194978795,command_menu,webrtc_ns_moderate,92720.0,partial,доступность
1786194978795,command_menu,webrtc_ns_moderate,92760.0,endpoint,доступность
1786194978795,command_menu,webrtc_ns_moderate,94200.0,partial,доступность
1786194978795,command_menu,webrtc_ns_moderate,94240.0,partial,доступность
1786194978795,command_menu,webrtc_ns_moderate,94280.0,partial,доступность
1786194978795,command_menu,webrtc_ns_moderate,94320.0,partial,доступность
1786194978795,command_menu,webrtc_ns_moderate,94360.0,partial,доступность
1786194978795,command_menu,webrtc_ns_moderate,94400.0,partial,доступность
1786194978795,command_menu,webrtc_ns_moderate,94440.0,partial,доступность
1786194978795,command_menu,webrtc_ns_moderate,94480.0,partial,доступность
1786194978795,command_menu,webrtc_ns_moderate,94520.0,partial,доступность
1786194978795,command_menu,webrtc_ns_moderate,94560.0,partial,доступность
1786194978795,command_menu,webrtc_ns_moderate,94600.0,partial,доступность
1786194978795,command_menu,webrtc_ns_moderate,94640.0,partial,доступность
1786194978795,command_menu,webrtc_ns_moderate,94680.0,partial,доступность
1786194978795,command_menu,webrtc_ns_moderate,94720.0,partial,доступность
1786194978795,command_menu,webrtc_ns_moderate,94760.0,partial,доступность
1786194978795,command_menu,webrtc_ns_moderate,94800.0,partial,доступность
1786194978795,command_menu,webrtc_ns_moderate,94840.0,partial,доступность
1786194978795,command_menu,webrtc_ns_moderate,94880.0,partial,доступность
1786194978795,command_menu,webrtc_ns_moderate,94920.0,partial,доступность
1786194978795,command_menu,webrtc_ns_moderate,94960.0,partial,доступность
1786194978795,command_menu,webrtc_ns_moderate,95000.0,partial,доступность
1786194978795,command_menu,webrtc_ns_moderate,95040.0,partial,доступность
1786194978795,command_menu,webrtc_ns_moderate,95080.0,partial,доступность
1786194978795,command_menu,webrtc_ns_moderate,95120.0,partial,доступность
1786194978795,command_menu,webrtc_ns_moderate,95160.0,partial,доступность
1786194978795,command_menu,webrtc_ns_moderate,95200.0,partial,доступность
1786194978795,command_menu,webrtc_ns_moderate,95240.0,partial,доступность
1786194978795,command_menu,webrtc_ns_moderate,95280.0,partial,доступность
1786194978795,command_menu,webrtc_ns_moderate,95320.0,partial,доступность
1786194978795,command_menu,webrtc_ns_moderate,95360.0,partial,доступность
1786194978795,command_menu,webrtc_ns_moderate,95400.0,partial,доступность
1786194978795,command_menu,webrtc_ns_moderate,95440.0,partial,доступность
1786194978795,command_menu,webrtc_ns_moderate,95480.0,partial,доступность
1786194978795,command_menu,webrtc_ns_moderate,95520.0,partial,доступность
1786194978795,command_menu,webrtc_ns_moderate,95560.0,partial,доступность
1786194978795,command_menu,webrtc_ns_moderate,95600.0,partial,доступность
1786194978795,command_menu,webrtc_ns_moderate,95640.0,endpoint,доступность
1786194978795,command_menu,webrtc_ns_moderate,97560.0,partial,доступность
1786194978795,command_menu,webrtc_ns_moderate,97600.0,partial,доступность
1786194978795,command_menu,webrtc_ns_moderate,97640.0,partial,доступность
1786194978795,command_menu,webrtc_ns_moderate,97680.0,partial,доступность
1786194978795,command_menu,webrtc_ns_moderate,97720.0,partial,доступность
1786194978795,command_menu,webrtc_ns_moderate,97760.0,partial,доступность
1786194978795,command_menu,webrtc_ns_moderate,97800.0,partial,доступность
1786194978795,command_menu,webrtc_ns_moderate,97840.0,partial,доступность
1786194978795,command_menu,webrtc_ns_moderate,97880.0,partial,доступность
1786194978795,command_menu,webrtc_ns_moderate,97920.0,partial,доступность
1786194978795,command_menu,webrtc_ns_moderate,97960.0,partial,доступность
1786194978795,command_menu,webrtc_ns_moderate,98000.0,partial,доступность
1786194978795,command_menu,webrtc_ns_moderate,98040.0,partial,доступность
1786194978795,command_menu,webrtc_ns_moderate,98080.0,partial,доступность
1786194978795,command_menu,webrtc_ns_moderate,98120.0,partial,доступность
1786194978795,command_menu,webrtc_ns_moderate,98160.0,partial,доступность
1786194978795,command_menu,webrtc_ns_moderate,98200.0,partial,доступность
1786194978795,command_menu,webrtc_ns_moderate,98240.0,partial,доступность
1786194978795,command_menu,webrtc_ns_moderate,98280.0,partial,доступность
1786194978795,command_menu,webrtc_ns_moderate,98320.0,partial,доступность
1786194978795,command_menu,webrtc_ns_moderate,98360.0,partial,доступность
1786194978795,command_menu,webrtc_ns_moderate,98400.0,partial,доступность
1786194978795,command_menu,webrtc_ns_moderate,98440.0,partial,доступность
1786194978795,command_menu,webrtc_ns_moderate,98480.0,partial,доступность
1786194978795,command_menu,webrtc_ns_moderate,98520.0,partial,доступность
1786194978795,command_menu,webrtc_ns_moderate,98560.0,partial,доступность
1786194978795,command_menu,webrtc_ns_moderate,98600.0,partial,доступность
1786194978795,command_menu,webrtc_ns_moderate,98640.0,partial,доступность
1786194978795,command_menu,webrtc_ns_moderate,98680.0,partial,доступность
1786194978795,command_menu,webrtc_ns_moderate,98720.0,partial,доступность
1786194978795,command_menu,webrtc_ns_moderate,98760.0,partial,доступность
1786194978795,command_menu,webrtc_ns_moderate,98800.0,partial,доступность
1786194978795,command_menu,webrtc_ns_moderate,98840.0,partial,доступность
1786194978795,command_menu,webrtc_ns_moderate,98880.0,partial,доступность
1786194978795,command_menu,webrtc_ns_moderate,98920.0,partial,доступность
1786194978795,command_menu,webrtc_ns_moderate,98960.0,partial,доступность
1786194978795,command_menu,webrtc_ns_moderate,99000.0,endpoint,доступность
1786194978795,command_menu,webrtc_ns_moderate,100920.0,partial,доступность
1786194978795,command_menu,webrtc_ns_moderate,100960.0,partial,доступность
1786194978795,command_menu,webrtc_ns_moderate,101000.0,partial,доступность
1786194978795,command_menu,webrtc_ns_moderate,101040.0,partial,доступность
1786194978795,command_menu,webrtc_ns_moderate,101080.0,partial,доступность
1786194978795,command_menu,webrtc_ns_moderate,101120.0,partial,доступность
1786194978795,command_menu,webrtc_ns_moderate,101160.0,partial,доступность
1786194978795,command_menu,webrtc_ns_moderate,101200.0,partial,доступность
1786194978795,command_menu,webrtc_ns_moderate,101240.0,partial,доступность
1786194978795,command_menu,webrtc_ns_moderate,101280.0,partial,доступность
1786194978795,command_menu,webrtc_ns_moderate,101320.0,partial,доступность
1786194978795,command_menu,webrtc_ns_moderate,101360.0,partial,доступность
1786194978795,command_menu,webrtc_ns_moderate,101400.0,partial,доступность
1786194978795,command_menu,webrtc_ns_moderate,101440.0,partial,доступность
1786194978795,command_menu,webrtc_ns_moderate,101480.0,partial,доступность
1786194978795,command_menu,webrtc_ns_moderate,101520.0,partial,доступность
1786194978795,command_menu,webrtc_ns_moderate,101560.0,partial,доступность
1786194978795,command_menu,webrtc_ns_moderate,101600.0,partial,доступность
1786194978795,command_menu,webrtc_ns_moderate,101640.0,partial,доступность
1786194978795,command_menu,webrtc_ns_moderate,101680.0,partial,доступность
1786194978795,command_menu,webrtc_ns_moderate,101720.0,partial,доступность
1786194978795,command_menu,webrtc_ns_moderate,101760.0,partial,доступность
1786194978795,command_menu,webrtc_ns_moderate,101800.0,partial,доступность
1786194978795,command_menu,webrtc_ns_moderate,101840.0,partial,доступность
1786194978795,command_menu,webrtc_ns_moderate,101880.0,partial,доступность
1786194978795,command_menu,webrtc_ns_moderate,101920.0,partial,доступность
1786194978795,command_menu,webrtc_ns_moderate,101960.0,partial,доступность
1786194978795,command_menu,webrtc_ns_moderate,102000.0,partial,доступность
1786194978795,command_menu,webrtc_ns_moderate,102040.0,partial,доступность
1786194978795,command_menu,webrtc_ns_moderate,102080.0,partial,доступность
1786194978795,command_menu,webrtc_ns_moderate,102120.0,endpoint,доступность
1786194978795,command_menu,webrtc_ns_moderate,105240.0,partial,доступность
1786194978795,command_menu,webrtc_ns_moderate,105280.0,partial,доступность
1786194978795,command_menu,webrtc_ns_moderate,105320.0,partial,доступность
1786194978795,command_menu,webrtc_ns_moderate,105360.0,partial,доступность
1786194978795,command_menu,webrtc_ns_moderate,105400.0,partial,доступность
1786194978795,command_menu,webrtc_ns_moderate,105440.0,partial,доступность
1786194978795,command_menu,webrtc_ns_moderate,105480.0,partial,доступность
1786194978795,command_menu,webrtc_ns_moderate,105520.0,partial,доступность
1786194978795,command_menu,webrtc_ns_moderate,105560.0,partial,доступность
1786194978795,command_menu,webrtc_ns_moderate,105600.0,partial,доступность
1786194978795,command_menu,webrtc_ns_moderate,105640.0,partial,доступность
1786194978795,command_menu,webrtc_ns_moderate,105680.0,partial,доступность
1786194978795,command_menu,webrtc_ns_moderate,105720.0,partial,доступность
1786194978795,command_menu,webrtc_ns_moderate,105760.0,partial,доступность
1786194978795,command_menu,webrtc_ns_moderate,105800.0,partial,доступность
1786194978795,command_menu,webrtc_ns_moderate,105840.0,partial,доступность
1786194978795,command_menu,webrtc_ns_moderate,105880.0,partial,доступность
1786194978795,command_menu,webrtc_ns_moderate,105920.0,partial,доступность
1786194978795,command_menu,webrtc_ns_moderate,105960.0,partial,доступность
1786194978795,command_menu,webrtc_ns_moderate,106000.0,partial,доступность
1786194978795,command_menu,webrtc_ns_moderate,106040.0,partial,доступность
1786194978795,command_menu,webrtc_ns_moderate,106080.0,partial,доступность
1786194978795,command_menu,webrtc_ns_moderate,106120.0,partial,доступность
1786194978795,command_menu,webrtc_ns_moderate,106160.0,partial,доступность
1786194978795,command_menu,webrtc_ns_moderate,106200.0,partial,доступность
1786194978795,command_menu,webrtc_ns_moderate,106240.0,partial,доступность
1786194978795,command_menu,webrtc_ns_moderate,106280.0,partial,доступность
1786194978795,command_menu,webrtc_ns_moderate,106320.0,partial,доступность
1786194978795,command_menu,webrtc_ns_moderate,106360.0,partial,доступность
1786194978795,command_menu,webrtc_ns_moderate,106400.0,partial,доступность
1786194978795,command_menu,webrtc_ns_moderate,106440.0,endpoint,доступность
1786194978795,free_text,webrtc_ns_moderate,18120.0,partial,вниз
1786194978795,free_text,webrtc_ns_moderate,18160.0,partial,вниз
1786194978795,free_text,webrtc_ns_moderate,18200.0,partial,вниз
1786194978795,free_text,webrtc_ns_moderate,18240.0,partial,вниз
1786194978795,free_text,webrtc_ns_moderate,18280.0,partial,вниз
1786194978795,free_text,webrtc_ns_moderate,18320.0,partial,вниз
1786194978795,free_text,webrtc_ns_moderate,18360.0,partial,вниз
1786194978795,free_text,webrtc_ns_moderate,18400.0,partial,вниз
1786194978795,free_text,webrtc_ns_moderate,18440.0,partial,вниз
1786194978795,free_text,webrtc_ns_moderate,18480.0,partial,вниз
1786194978795,free_text,webrtc_ns_moderate,18520.0,partial,вниз
1786194978795,free_text,webrtc_ns_moderate,18560.0,partial,вниз
1786194978795,free_text,webrtc_ns_moderate,18600.0,endpoint,вниз
1786194978795,free_text,webrtc_ns_moderate,19320.0,partial,вниз
1786194978795,free_text,webrtc_ns_moderate,19360.0,partial,вниз
1786194978795,free_text,webrtc_ns_moderate,19400.0,partial,вниз
1786194978795,free_text,webrtc_ns_moderate,19440.0,partial,вниз
1786194978795,free_text,webrtc_ns_moderate,19480.0,partial,вниз
1786194978795,free_text,webrtc_ns_moderate,19520.0,partial,вниз
1786194978795,free_text,webrtc_ns_moderate,19560.0,partial,вниз
1786194978795,free_text,webrtc_ns_moderate,19600.0,partial,вниз
1786194978795,free_text,webrtc_ns_moderate,19640.0,partial,вниз
1786194978795,free_text,webrtc_ns_moderate,19680.0,partial,вниз
1786194978795,free_text,webrtc_ns_moderate,19720.0,partial,вниз
1786194978795,free_text,webrtc_ns_moderate,19760.0,partial,вниз
1786194978795,free_text,webrtc_ns_moderate,19800.0,partial,вниз
1786194978795,free_text,webrtc_ns_moderate,19840.0,partial,вниз
1786194978795,free_text,webrtc_ns_moderate,19880.0,partial,вниз
1786194978795,free_text,webrtc_ns_moderate,19920.0,partial,вниз
1786194978795,free_text,webrtc_ns_moderate,19960.0,partial,вниз
1786194978795,free_text,webrtc_ns_moderate,20000.0,partial,вниз
1786194978795,free_text,webrtc_ns_moderate,20040.0,endpoint,вниз
1786194978795,free_text,webrtc_ns_moderate,20760.0,partial,вниз
1786194978795,free_text,webrtc_ns_moderate,20800.0,partial,вниз
1786194978795,free_text,webrtc_ns_moderate,20840.0,partial,вниз
1786194978795,free_text,webrtc_ns_moderate,20880.0,partial,вниз
1786194978795,free_text,webrtc_ns_moderate,20920.0,partial,вниз
1786194978795,free_text,webrtc_ns_moderate,20960.0,partial,вниз
1786194978795,free_text,webrtc_ns_moderate,21000.0,partial,вниз
1786194978795,free_text,webrtc_ns_moderate,21040.0,partial,вниз
1786194978795,free_text,webrtc_ns_moderate,21080.0,partial,вниз
1786194978795,free_text,webrtc_ns_moderate,21120.0,partial,вниз
1786194978795,free_text,webrtc_ns_moderate,21160.0,partial,вниз
1786194978795,free_text,webrtc_ns_moderate,21200.0,partial,вниз
1786194978795,free_text,webrtc_ns_moderate,21240.0,partial,вниз
1786194978795,free_text,webrtc_ns_moderate,21280.0,partial,вниз
1786194978795,free_text,webrtc_ns_moderate,21320.0,partial,вниз
1786194978795,free_text,webrtc_ns_moderate,21360.0,partial,вниз
1786194978795,free_text,webrtc_ns_moderate,21400.0,partial,вниз
1786194978795,free_text,webrtc_ns_moderate,21440.0,partial,вниз
1786194978795,free_text,webrtc_ns_moderate,21480.0,endpoint,вниз
1786194978795,free_text,webrtc_ns_moderate,27720.0,partial,вверх вниз
1786194978795,free_text,webrtc_ns_moderate,27760.0,partial,вверх вниз
1786194978795,free_text,webrtc_ns_moderate,27800.0,partial,вверх вниз
1786194978795,free_text,webrtc_ns_moderate,27840.0,partial,вверх вниз
1786194978795,free_text,webrtc_ns_moderate,27880.0,partial,вверх вниз
1786194978795,free_text,webrtc_ns_moderate,27920.0,partial,вверх вниз
1786194978795,free_text,webrtc_ns_moderate,27960.0,partial,вверх вниз
1786194978795,free_text,webrtc_ns_moderate,28000.0,partial,вверх вниз
1786194978795,free_text,webrtc_ns_moderate,28040.0,partial,вверх вниз
1786194978795,free_text,webrtc_ns_moderate,28080.0,partial,вверх вниз
1786194978795,free_text,webrtc_ns_moderate,28120.0,partial,вверх вниз
1786194978795,free_text,webrtc_ns_moderate,28160.0,partial,вверх вниз
1786194978795,free_text,webrtc_ns_moderate,28200.0,partial,вверх вниз
1786194978795,free_text,webrtc_ns_moderate,28240.0,partial,вверх вниз
1786194978795,free_text,webrtc_ns_moderate,28280.0,partial,вверх вниз
1786194978795,free_text,webrtc_ns_moderate,28320.0,partial,вверх вниз
1786194978795,free_text,webrtc_ns_moderate,28360.0,partial,вверх вниз
1786194978795,free_text,webrtc_ns_moderate,28400.0,partial,вверх вниз
1786194978795,free_text,webrtc_ns_moderate,28440.0,partial,вверх вниз
1786194978795,free_text,webrtc_ns_moderate,28480.0,partial,вверх вниз
1786194978795,free_text,webrtc_ns_moderate,28520.0,partial,вверх вниз
1786194978795,free_text,webrtc_ns_moderate,28560.0,partial,вверх вниз
1786194978795,free_text,webrtc_ns_moderate,28600.0,partial,вверх вниз
1786194978795,free_text,webrtc_ns_moderate,28640.0,partial,вверх вниз
1786194978795,free_text,webrtc_ns_moderate,28680.0,endpoint,вверх вниз
1786194978795,free_text,webrtc_ns_moderate,29400.0,partial,печать
1786194978795,free_text,webrtc_ns_moderate,29440.0,partial,печать
1786194978795,free_text,webrtc_ns_moderate,29480.0,partial,печать
1786194978795,free_text,webrtc_ns_moderate,29520.0,partial,печать
1786194978795,free_text,webrtc_ns_moderate,29560.0,partial,печать
1786194978795,free_text,webrtc_ns_moderate,29600.0,partial,печать
1786194978795,free_text,webrtc_ns_moderate,29640.0,partial,печать
1786194978795,free_text,webrtc_ns_moderate,29680.0,partial,печать
1786194978795,free_text,webrtc_ns_moderate,29720.0,partial,печать
1786194978795,free_text,webrtc_ns_moderate,29760.0,partial,печать
1786194978795,free_text,webrtc_ns_moderate,29800.0,partial,печать
1786194978795,free_text,webrtc_ns_moderate,29840.0,partial,печать
1786194978795,free_text,webrtc_ns_moderate,29880.0,partial,печать
1786194978795,free_text,webrtc_ns_moderate,29920.0,partial,печать
1786194978795,free_text,webrtc_ns_moderate,29960.0,partial,печать
1786194978795,free_text,webrtc_ns_moderate,30000.0,partial,печать
1786194978795,free_text,webrtc_ns_moderate,30040.0,partial,печать
1786194978795,free_text,webrtc_ns_moderate,30080.0,partial,печать
1786194978795,free_text,webrtc_ns_moderate,30120.0,partial,печать
1786194978795,free_text,webrtc_ns_moderate,30160.0,partial,печать
1786194978795,free_text,webrtc_ns_moderate,30200.0,partial,печать
1786194978795,free_text,webrtc_ns_moderate,30240.0,partial,печать
1786194978795,free_text,webrtc_ns_moderate,30280.0,partial,печать
1786194978795,free_text,webrtc_ns_moderate,30320.0,partial,печать
1786194978795,free_text,webrtc_ns_moderate,30360.0,partial,печать
1786194978795,free_text,webrtc_ns_moderate,30400.0,partial,печать
1786194978795,free_text,webrtc_ns_moderate,30440.0,partial,печать
1786194978795,free_text,webrtc_ns_moderate,30480.0,partial,печать
1786194978795,free_text,webrtc_ns_moderate,30520.0,partial,печать
1786194978795,free_text,webrtc_ns_moderate,30560.0,partial,печать
1786194978795,free_text,webrtc_ns_moderate,30600.0,endpoint,печать
1786194978795,free_text,webrtc_ns_moderate,33000.0,partial,жёлтый
1786194978795,free_text,webrtc_ns_moderate,33040.0,partial,жёлтый
1786194978795,free_text,webrtc_ns_moderate,33080.0,partial,жёлтый
1786194978795,free_text,webrtc_ns_moderate,33120.0,partial,жёлтый
1786194978795,free_text,webrtc_ns_moderate,33160.0,partial,жёлтый
1786194978795,free_text,webrtc_ns_moderate,33200.0,partial,жёлтый
1786194978795,free_text,webrtc_ns_moderate,33240.0,partial,жёлтый
1786194978795,free_text,webrtc_ns_moderate,33280.0,partial,жёлтый
1786194978795,free_text,webrtc_ns_moderate,33320.0,partial,жёлтый
1786194978795,free_text,webrtc_ns_moderate,33360.0,partial,жёлтый
1786194978795,free_text,webrtc_ns_moderate,33400.0,partial,жёлтый
1786194978795,free_text,webrtc_ns_moderate,33440.0,partial,жёлтый
1786194978795,free_text,webrtc_ns_moderate,33480.0,partial,жёлтый
1786194978795,free_text,webrtc_ns_moderate,33520.0,partial,жёлтый
1786194978795,free_text,webrtc_ns_moderate,33560.0,partial,жёлтый
1786194978795,free_text,webrtc_ns_moderate,33600.0,partial,жёлтый
1786194978795,free_text,webrtc_ns_moderate,33640.0,partial,жёлтый
1786194978795,free_text,webrtc_ns_moderate,33680.0,partial,жёлтый
1786194978795,free_text,webrtc_ns_moderate,33720.0,partial,жёлтый
1786194978795,free_text,webrtc_ns_moderate,33760.0,partial,жёлтый
1786194978795,free_text,webrtc_ns_moderate,33800.0,partial,жёлтый
1786194978795,free_text,webrtc_ns_moderate,33840.0,partial,жёлтый
1786194978795,free_text,webrtc_ns_moderate,33880.0,partial,жёлтый
1786194978795,free_text,webrtc_ns_moderate,33920.0,partial,жёлтый
1786194978795,free_text,webrtc_ns_moderate,33960.0,partial,жёлтый
1786194978795,free_text,webrtc_ns_moderate,34000.0,partial,жёлтый
1786194978795,free_text,webrtc_ns_moderate,34040.0,partial,жёлтый
1786194978795,free_text,webrtc_ns_moderate,34080.0,partial,жёлтый
1786194978795,free_text,webrtc_ns_moderate,34120.0,partial,жёлтый
1786194978795,free_text,webrtc_ns_moderate,34160.0,partial,жёлтый
1786194978795,free_text,webrtc_ns_moderate,34200.0,endpoint,жёлтый
1786194978795,free_text,webrtc_ns_moderate,35880.0,partial,жёлтые я
1786194978795,free_text,webrtc_ns_moderate,35920.0,partial,жёлтые я
1786194978795,free_text,webrtc_ns_moderate,35960.0,partial,жёлтые я
1786194978795,free_text,webrtc_ns_moderate,36000.0,partial,жёлтые я
1786194978795,free_text,webrtc_ns_moderate,36040.0,partial,жёлтые я
1786194978795,free_text,webrtc_ns_moderate,36080.0,partial,жёлтые я
1786194978795,free_text,webrtc_ns_moderate,36120.0,partial,жёлтые я
1786194978795,free_text,webrtc_ns_moderate,36160.0,partial,жёлтые я
1786194978795,free_text,webrtc_ns_moderate,36200.0,partial,жёлтые я
1786194978795,free_text,webrtc_ns_moderate,36240.0,partial,жёлтые я
1786194978795,free_text,webrtc_ns_moderate,36280.0,partial,жёлтые я
1786194978795,free_text,webrtc_ns_moderate,36320.0,partial,жёлтые я
1786194978795,free_text,webrtc_ns_moderate,36360.0,partial,жёлтые я
1786194978795,free_text,webrtc_ns_moderate,36400.0,partial,жёлтые я
1786194978795,free_text,webrtc_ns_moderate,36440.0,partial,жёлтые я
1786194978795,free_text,webrtc_ns_moderate,36480.0,partial,жёлтые я
1786194978795,free_text,webrtc_ns_moderate,36520.0,partial,жёлтые я
1786194978795,free_text,webrtc_ns_moderate,36560.0,partial,жёлтые я
1786194978795,free_text,webrtc_ns_moderate,36600.0,partial,жёлтые я
1786194978795,free_text,webrtc_ns_moderate,36640.0,partial,жёлтые я
1786194978795,free_text,webrtc_ns_moderate,36680.0,partial,жёлтые я
1786194978795,free_text,webrtc_ns_moderate,36720.0,partial,жёлтые я
1786194978795,free_text,webrtc_ns_moderate,36760.0,partial,жёлтые я
1786194978795,free_text,webrtc_ns_moderate,36800.0,partial,жёлтые я
1786194978795,free_text,webrtc_ns_moderate,36840.0,endpoint,жёлтые я
1786194978795,free_text,webrtc_ns_moderate,38280.0,partial,жёлтый
1786194978795,free_text,webrtc_ns_moderate,38320.0,partial,жёлтый
1786194978795,free_text,webrtc_ns_moderate,38360.0,partial,жёлтый
1786194978795,free_text,webrtc_ns_moderate,38400.0,partial,жёлтый
1786194978795,free_text,webrtc_ns_moderate,38440.0,partial,жёлтый
1786194978795,free_text,webrtc_ns_moderate,38480.0,partial,жёлтый
1786194978795,free_text,webrtc_ns_moderate,38520.0,partial,жёлтые
1786194978795,free_text,webrtc_ns_moderate,38560.0,partial,жёлтые
1786194978795,free_text,webrtc_ns_moderate,38600.0,partial,жёлтые
1786194978795,free_text,webrtc_ns_moderate,38640.0,partial,жёлтые
1786194978795,free_text,webrtc_ns_moderate,38680.0,partial,жёлтые
1786194978795,free_text,webrtc_ns_moderate,38720.0,partial,жёлтые
1786194978795,free_text,webrtc_ns_moderate,38760.0,partial,жёлтые
1786194978795,free_text,webrtc_ns_moderate,38800.0,partial,жёлтые
1786194978795,free_text,webrtc_ns_moderate,38840.0,partial,жёлтые
1786194978795,free_text,webrtc_ns_moderate,38880.0,partial,жёлтые
1786194978795,free_text,webrtc_ns_moderate,38920.0,partial,жёлтые
1786194978795,free_text,webrtc_ns_moderate,38960.0,partial,жёлтые
1786194978795,free_text,webrtc_ns_moderate,39000.0,partial,жёлтые
1786194978795,free_text,webrtc_ns_moderate,39040.0,partial,жёлтые
1786194978795,free_text,webrtc_ns_moderate,39080.0,partial,жёлтые
1786194978795,free_text,webrtc_ns_moderate,39120.0,partial,жёлтые
1786194978795,free_text,webrtc_ns_moderate,39160.0,partial,жёлтые
1786194978795,free_text,webrtc_ns_moderate,39200.0,partial,жёлтые
1786194978795,free_text,webrtc_ns_moderate,39240.0,partial,жёлтые
1786194978795,free_text,webrtc_ns_moderate,39280.0,partial,жёлтые
1786194978795,free_text,webrtc_ns_moderate,39320.0,partial,жёлтые
1786194978795,free_text,webrtc_ns_moderate,39360.0,partial,жёлтые
1786194978795,free_text,webrtc_ns_moderate,39400.0,partial,жёлтые
1786194978795,free_text,webrtc_ns_moderate,39440.0,partial,жёлтые
1786194978795,free_text,webrtc_ns_moderate,39480.0,endpoint,жёлтые
1786194978795,free_text,webrtc_ns_moderate,40440.0,partial,жёлтый
1786194978795,free_text,webrtc_ns_moderate,40480.0,partial,жёлтый
1786194978795,free_text,webrtc_ns_moderate,40520.0,partial,жёлтый
1786194978795,free_text,webrtc_ns_moderate,40560.0,partial,жёлтый
1786194978795,free_text,webrtc_ns_moderate,40600.0,partial,жёлтый
1786194978795,free_text,webrtc_ns_moderate,40640.0,partial,жёлтый
1786194978795,free_text,webrtc_ns_moderate,40680.0,partial,жёлтый
1786194978795,free_text,webrtc_ns_moderate,40720.0,partial,жёлтый
1786194978795,free_text,webrtc_ns_moderate,40760.0,partial,жёлтый
1786194978795,free_text,webrtc_ns_moderate,40800.0,partial,жёлтый
1786194978795,free_text,webrtc_ns_moderate,40840.0,partial,жёлтый
1786194978795,free_text,webrtc_ns_moderate,40880.0,partial,жёлтый
1786194978795,free_text,webrtc_ns_moderate,40920.0,partial,жёлтый
1786194978795,free_text,webrtc_ns_moderate,40960.0,partial,жёлтый
1786194978795,free_text,webrtc_ns_moderate,41000.0,partial,жёлтый
1786194978795,free_text,webrtc_ns_moderate,41040.0,partial,жёлтый
1786194978795,free_text,webrtc_ns_moderate,41080.0,partial,жёлтый
1786194978795,free_text,webrtc_ns_moderate,41120.0,partial,жёлтый
1786194978795,free_text,webrtc_ns_moderate,41160.0,partial,жёлтый
1786194978795,free_text,webrtc_ns_moderate,41200.0,partial,жёлтый
1786194978795,free_text,webrtc_ns_moderate,41240.0,partial,жёлтый
1786194978795,free_text,webrtc_ns_moderate,41280.0,partial,жёлтый
1786194978795,free_text,webrtc_ns_moderate,41320.0,partial,жёлтый
1786194978795,free_text,webrtc_ns_moderate,41360.0,partial,жёлтый
1786194978795,free_text,webrtc_ns_moderate,41400.0,endpoint,жёлтый
1786194978795,free_text,webrtc_ns_moderate,45240.0,partial,жёлтые
1786194978795,free_text,webrtc_ns_moderate,45280.0,partial,жёлтые
1786194978795,free_text,webrtc_ns_moderate,45320.0,partial,жёлтые
1786194978795,free_text,webrtc_ns_moderate,45360.0,partial,жёлтые
1786194978795,free_text,webrtc_ns_moderate,45400.0,partial,жёлтые
1786194978795,free_text,webrtc_ns_moderate,45440.0,partial,жёлтые
1786194978795,free_text,webrtc_ns_moderate,45480.0,partial,жёлтый
1786194978795,free_text,webrtc_ns_moderate,45520.0,partial,жёлтый
1786194978795,free_text,webrtc_ns_moderate,45560.0,partial,жёлтый
1786194978795,free_text,webrtc_ns_moderate,45600.0,partial,жёлтый
1786194978795,free_text,webrtc_ns_moderate,45640.0,partial,жёлтый
1786194978795,free_text,webrtc_ns_moderate,45680.0,partial,жёлтый
1786194978795,free_text,webrtc_ns_moderate,45720.0,partial,жёлтый
1786194978795,free_text,webrtc_ns_moderate,45760.0,partial,жёлтый
1786194978795,free_text,webrtc_ns_moderate,45800.0,partial,жёлтый
1786194978795,free_text,webrtc_ns_moderate,45840.0,partial,жёлтый
1786194978795,free_text,webrtc_ns_moderate,45880.0,partial,жёлтый
1786194978795,free_text,webrtc_ns_moderate,45920.0,partial,жёлтый
1786194978795,free_text,webrtc_ns_moderate,45960.0,partial,жёлтый
1786194978795,free_text,webrtc_ns_moderate,46000.0,partial,жёлтый
1786194978795,free_text,webrtc_ns_moderate,46040.0,partial,жёлтый
1786194978795,free_text,webrtc_ns_moderate,46080.0,partial,жёлтый
1786194978795,free_text,webrtc_ns_moderate,46120.0,partial,жёлтый
1786194978795,free_text,webrtc_ns_moderate,46160.0,partial,жёлтый
1786194978795,free_text,webrtc_ns_moderate,46200.0,partial,жёлтый
1786194978795,free_text,webrtc_ns_moderate,46240.0,partial,жёлтый
1786194978795,free_text,webrtc_ns_moderate,46280.0,partial,жёлтый
1786194978795,free_text,webrtc_ns_moderate,46320.0,partial,жёлтый
1786194978795,free_text,webrtc_ns_moderate,46360.0,partial,жёлтый
1786194978795,free_text,webrtc_ns_moderate,46400.0,partial,жёлтый
1786194978795,free_text,webrtc_ns_moderate,46440.0,endpoint,жёлтый
1786194978795,free_text,webrtc_ns_moderate,49080.0,partial,жёлтый
1786194978795,free_text,webrtc_ns_moderate,49120.0,partial,жёлтый
1786194978795,free_text,webrtc_ns_moderate,49160.0,partial,жёлтый
1786194978795,free_text,webrtc_ns_moderate,49200.0,partial,жёлтый
1786194978795,free_text,webrtc_ns_moderate,49240.0,partial,жёлтый
1786194978795,free_text,webrtc_ns_moderate,49280.0,partial,жёлтый
1786194978795,free_text,webrtc_ns_moderate,49320.0,partial,жёлтый
1786194978795,free_text,webrtc_ns_moderate,49360.0,partial,жёлтый
1786194978795,free_text,webrtc_ns_moderate,49400.0,partial,жёлтый
1786194978795,free_text,webrtc_ns_moderate,49440.0,partial,жёлтый
1786194978795,free_text,webrtc_ns_moderate,49480.0,partial,жёлтый
1786194978795,free_text,webrtc_ns_moderate,49520.0,partial,жёлтый
1786194978795,free_text,webrtc_ns_moderate,49560.0,partial,жёлтый
1786194978795,free_text,webrtc_ns_moderate,49600.0,partial,жёлтый
1786194978795,free_text,webrtc_ns_moderate,49640.0,partial,жёлтый
1786194978795,free_text,webrtc_ns_moderate,49680.0,partial,жёлтый
1786194978795,free_text,webrtc_ns_moderate,49720.0,partial,жёлтый
1786194978795,free_text,webrtc_ns_moderate,49760.0,partial,жёлтый
1786194978795,free_text,webrtc_ns_moderate,49800.0,partial,жёлтый
1786194978795,free_text,webrtc_ns_moderate,49840.0,partial,жёлтый
1786194978795,free_text,webrtc_ns_moderate,49880.0,partial,жёлтый
1786194978795,free_text,webrtc_ns_moderate,49920.0,partial,жёлтый
1786194978795,free_text,webrtc_ns_moderate,49960.0,partial,жёлтый
1786194978795,free_text,webrtc_ns_moderate,50000.0,partial,жёлтый
1786194978795,free_text,webrtc_ns_moderate,50040.0,endpoint,жёлтый
1786194978795,free_text,webrtc_ns_moderate,51960.0,partial,жёлтый
1786194978795,free_text,webrtc_ns_moderate,52000.0,partial,жёлтый
1786194978795,free_text,webrtc_ns_moderate,52040.0,partial,жёлтый
1786194978795,free_text,webrtc_ns_moderate,52080.0,partial,жёлтый
1786194978795,free_text,webrtc_ns_moderate,52120.0,partial,жёлтый
1786194978795,free_text,webrtc_ns_moderate,52160.0,partial,жёлтый
1786194978795,free_text,webrtc_ns_moderate,52200.0,partial,жёлтый
1786194978795,free_text,webrtc_ns_moderate,52240.0,partial,жёлтый
1786194978795,free_text,webrtc_ns_moderate,52280.0,partial,жёлтый
1786194978795,free_text,webrtc_ns_moderate,52320.0,partial,жёлтый
1786194978795,free_text,webrtc_ns_moderate,52360.0,partial,жёлтый
1786194978795,free_text,webrtc_ns_moderate,52400.0,partial,жёлтый
1786194978795,free_text,webrtc_ns_moderate,52440.0,partial,жёлтый
1786194978795,free_text,webrtc_ns_moderate,52480.0,partial,жёлтый
1786194978795,free_text,webrtc_ns_moderate,52520.0,partial,жёлтый
1786194978795,free_text,webrtc_ns_moderate,52560.0,partial,жёлтый
1786194978795,free_text,webrtc_ns_moderate,52600.0,partial,жёлтый
1786194978795,free_text,webrtc_ns_moderate,52640.0,partial,жёлтый
1786194978795,free_text,webrtc_ns_moderate,52680.0,partial,жёлтый
1786194978795,free_text,webrtc_ns_moderate,52720.0,partial,жёлтый
1786194978795,free_text,webrtc_ns_moderate,52760.0,partial,жёлтый
1786194978795,free_text,webrtc_ns_moderate,52800.0,partial,жёлтый
1786194978795,free_text,webrtc_ns_moderate,52840.0,partial,жёлтый
1786194978795,free_text,webrtc_ns_moderate,52880.0,partial,жёлтый
1786194978795,free_text,webrtc_ns_moderate,52920.0,partial,жёлтый
1786194978795,free_text,webrtc_ns_moderate,52960.0,partial,жёлтый
1786194978795,free_text,webrtc_ns_moderate,53000.0,partial,жёлтый
1786194978795,free_text,webrtc_ns_moderate,53040.0,partial,жёлтый
1786194978795,free_text,webrtc_ns_moderate,53080.0,partial,жёлтый
1786194978795,free_text,webrtc_ns_moderate,53120.0,partial,жёлтый
1786194978795,free_text,webrtc_ns_moderate,53160.0,endpoint,жёлтый
1786194978795,free_text,webrtc_ns_moderate,59160.0,partial,жёлтый
1786194978795,free_text,webrtc_ns_moderate,59200.0,partial,жёлтый
1786194978795,free_text,webrtc_ns_moderate,59240.0,partial,жёлтый
1786194978795,free_text,webrtc_ns_moderate,59280.0,partial,жёлтый
1786194978795,free_text,webrtc_ns_moderate,59320.0,partial,жёлтый
1786194978795,free_text,webrtc_ns_moderate,59360.0,partial,жёлтый
1786194978795,free_text,webrtc_ns_moderate,59400.0,partial,жёлтый
1786194978795,free_text,webrtc_ns_moderate,59440.0,partial,жёлтый
1786194978795,free_text,webrtc_ns_moderate,59480.0,partial,жёлтый
1786194978795,free_text,webrtc_ns_moderate,59520.0,partial,жёлтый
1786194978795,free_text,webrtc_ns_moderate,59560.0,partial,жёлтый
1786194978795,free_text,webrtc_ns_moderate,59600.0,partial,жёлтый
1786194978795,free_text,webrtc_ns_moderate,59640.0,partial,жёлтый
1786194978795,free_text,webrtc_ns_moderate,59680.0,partial,жёлтый
1786194978795,free_text,webrtc_ns_moderate,59720.0,partial,жёлтый
1786194978795,free_text,webrtc_ns_moderate,59760.0,partial,жёлтый
1786194978795,free_text,webrtc_ns_moderate,59800.0,partial,жёлтый
1786194978795,free_text,webrtc_ns_moderate,59840.0,partial,жёлтый
1786194978795,free_text,webrtc_ns_moderate,59880.0,partial,жёлтый
1786194978795,free_text,webrtc_ns_moderate,59920.0,partial,жёлтый
1786194978795,free_text,webrtc_ns_moderate,59960.0,partial,жёлтый
1786194978795,free_text,webrtc_ns_moderate,60000.0,partial,жёлтый
1786194978795,free_text,webrtc_ns_moderate,60040.0,partial,жёлтый
1786194978795,free_text,webrtc_ns_moderate,60080.0,partial,жёлтый
1786194978795,free_text,webrtc_ns_moderate,60120.0,endpoint,жёлтый
1786194978795,free_text,webrtc_ns_moderate,61560.0,partial,жёлтый
1786194978795,free_text,webrtc_ns_moderate,61600.0,partial,жёлтый
1786194978795,free_text,webrtc_ns_moderate,61640.0,partial,жёлтый
1786194978795,free_text,webrtc_ns_moderate,61680.0,partial,жёлтый
1786194978795,free_text,webrtc_ns_moderate,61720.0,partial,жёлтый
1786194978795,free_text,webrtc_ns_moderate,61760.0,partial,жёлтый
1786194978795,free_text,webrtc_ns_moderate,61800.0,partial,жёлтый
1786194978795,free_text,webrtc_ns_moderate,61840.0,partial,жёлтый
1786194978795,free_text,webrtc_ns_moderate,61880.0,partial,жёлтый
1786194978795,free_text,webrtc_ns_moderate,61920.0,partial,жёлтый
1786194978795,free_text,webrtc_ns_moderate,61960.0,partial,жёлтый
1786194978795,free_text,webrtc_ns_moderate,62000.0,partial,жёлтый
1786194978795,free_text,webrtc_ns_moderate,62040.0,partial,жёлтый
1786194978795,free_text,webrtc_ns_moderate,62080.0,partial,жёлтый
1786194978795,free_text,webrtc_ns_moderate,62120.0,partial,жёлтый
1786194978795,free_text,webrtc_ns_moderate,62160.0,partial,жёлтый
1786194978795,free_text,webrtc_ns_moderate,62200.0,partial,жёлтый
1786194978795,free_text,webrtc_ns_moderate,62240.0,partial,жёлтый
1786194978795,free_text,webrtc_ns_moderate,62280.0,partial,жёлтый
1786194978795,free_text,webrtc_ns_moderate,62320.0,partial,жёлтый
1786194978795,free_text,webrtc_ns_moderate,62360.0,partial,жёлтый
1786194978795,free_text,webrtc_ns_moderate,62400.0,partial,жёлтый
1786194978795,free_text,webrtc_ns_moderate,62440.0,partial,жёлтый
1786194978795,free_text,webrtc_ns_moderate,62480.0,partial,жёлтый
1786194978795,free_text,webrtc_ns_moderate,62520.0,endpoint,жёлтый
1786194978795,free_text,webrtc_ns_moderate,64200.0,partial,белый
1786194978795,free_text,webrtc_ns_moderate,64240.0,partial,белый
1786194978795,free_text,webrtc_ns_moderate,64280.0,partial,белый
1786194978795,free_text,webrtc_ns_moderate,64320.0,partial,белый
1786194978795,free_text,webrtc_ns_moderate,64360.0,partial,белый
1786194978795,free_text,webrtc_ns_moderate,64400.0,partial,белый
1786194978795,free_text,webrtc_ns_moderate,64440.0,partial,белый
1786194978795,free_text,webrtc_ns_moderate,64480.0,partial,белый
1786194978795,free_text,webrtc_ns_moderate,64520.0,partial,белый
1786194978795,free_text,webrtc_ns_moderate,64560.0,partial,белый
1786194978795,free_text,webrtc_ns_moderate,64600.0,partial,белый
1786194978795,free_text,webrtc_ns_moderate,64640.0,partial,белый
1786194978795,free_text,webrtc_ns_moderate,64680.0,partial,белый
1786194978795,free_text,webrtc_ns_moderate,64720.0,partial,белый
1786194978795,free_text,webrtc_ns_moderate,64760.0,partial,белый
1786194978795,free_text,webrtc_ns_moderate,64800.0,partial,белый
1786194978795,free_text,webrtc_ns_moderate,64840.0,partial,белый
1786194978795,free_text,webrtc_ns_moderate,64880.0,partial,белый
1786194978795,free_text,webrtc_ns_moderate,64920.0,partial,белый
1786194978795,free_text,webrtc_ns_moderate,64960.0,partial,белый
1786194978795,free_text,webrtc_ns_moderate,65000.0,partial,белый
1786194978795,free_text,webrtc_ns_moderate,65040.0,partial,белый
1786194978795,free_text,webrtc_ns_moderate,65080.0,partial,белый
1786194978795,free_text,webrtc_ns_moderate,65120.0,partial,белый
1786194978795,free_text,webrtc_ns_moderate,65160.0,partial,белый
1786194978795,free_text,webrtc_ns_moderate,65200.0,partial,белый
1786194978795,free_text,webrtc_ns_moderate,65240.0,partial,белый
1786194978795,free_text,webrtc_ns_moderate,65280.0,partial,белый
1786194978795,free_text,webrtc_ns_moderate,65320.0,partial,белый
1786194978795,free_text,webrtc_ns_moderate,65360.0,partial,белый
1786194978795,free_text,webrtc_ns_moderate,65400.0,endpoint,белый
1786194978795,free_text,webrtc_ns_moderate,67560.0,partial,жёлтые
1786194978795,free_text,webrtc_ns_moderate,67600.0,partial,жёлтые
1786194978795,free_text,webrtc_ns_moderate,67640.0,partial,жёлтые
1786194978795,free_text,webrtc_ns_moderate,67680.0,partial,жёлтые
1786194978795,free_text,webrtc_ns_moderate,67720.0,partial,жёлтые
1786194978795,free_text,webrtc_ns_moderate,67760.0,partial,жёлтые
1786194978795,free_text,webrtc_ns_moderate,67800.0,partial,жёлтый
1786194978795,free_text,webrtc_ns_moderate,67840.0,partial,жёлтый
1786194978795,free_text,webrtc_ns_moderate,67880.0,partial,жёлтый
1786194978795,free_text,webrtc_ns_moderate,67920.0,partial,жёлтый
1786194978795,free_text,webrtc_ns_moderate,67960.0,partial,жёлтый
1786194978795,free_text,webrtc_ns_moderate,68000.0,partial,жёлтый
1786194978795,free_text,webrtc_ns_moderate,68040.0,partial,жёлтый
1786194978795,free_text,webrtc_ns_moderate,68080.0,partial,жёлтый
1786194978795,free_text,webrtc_ns_moderate,68120.0,partial,жёлтый
1786194978795,free_text,webrtc_ns_moderate,68160.0,partial,жёлтый
1786194978795,free_text,webrtc_ns_moderate,68200.0,partial,жёлтый
1786194978795,free_text,webrtc_ns_moderate,68240.0,partial,жёлтый
1786194978795,free_text,webrtc_ns_moderate,68280.0,partial,жёлтый
1786194978795,free_text,webrtc_ns_moderate,68320.0,partial,жёлтый
1786194978795,free_text,webrtc_ns_moderate,68360.0,partial,жёлтый
1786194978795,free_text,webrtc_ns_moderate,68400.0,partial,жёлтый
1786194978795,free_text,webrtc_ns_moderate,68440.0,partial,жёлтый
1786194978795,free_text,webrtc_ns_moderate,68480.0,partial,жёлтый
1786194978795,free_text,webrtc_ns_moderate,68520.0,partial,жёлтый
1786194978795,free_text,webrtc_ns_moderate,68560.0,partial,жёлтый
1786194978795,free_text,webrtc_ns_moderate,68600.0,partial,жёлтый
1786194978795,free_text,webrtc_ns_moderate,68640.0,partial,жёлтый
1786194978795,free_text,webrtc_ns_moderate,68680.0,partial,жёлтый
1786194978795,free_text,webrtc_ns_moderate,68720.0,partial,жёлтый
1786194978795,free_text,webrtc_ns_moderate,68760.0,endpoint,жёлтый
1786194978795,free_text,webrtc_ns_moderate,74280.0,partial,назад
1786194978795,free_text,webrtc_ns_moderate,74320.0,partial,назад
1786194978795,free_text,webrtc_ns_moderate,74360.0,partial,назад
1786194978795,free_text,webrtc_ns_moderate,74400.0,partial,назад
1786194978795,free_text,webrtc_ns_moderate,74440.0,partial,назад
1786194978795,free_text,webrtc_ns_moderate,74480.0,partial,назад
1786194978795,free_text,webrtc_ns_moderate,74520.0,partial,назад
1786194978795,free_text,webrtc_ns_moderate,74560.0,partial,назад
1786194978795,free_text,webrtc_ns_moderate,74600.0,partial,назад
1786194978795,free_text,webrtc_ns_moderate,74640.0,partial,назад
1786194978795,free_text,webrtc_ns_moderate,74680.0,partial,назад
1786194978795,free_text,webrtc_ns_moderate,74720.0,partial,назад
1786194978795,free_text,webrtc_ns_moderate,74760.0,partial,назад
1786194978795,free_text,webrtc_ns_moderate,74800.0,partial,назад
1786194978795,free_text,webrtc_ns_moderate,74840.0,partial,назад
1786194978795,free_text,webrtc_ns_moderate,74880.0,partial,назад
1786194978795,free_text,webrtc_ns_moderate,74920.0,partial,назад
1786194978795,free_text,webrtc_ns_moderate,74960.0,partial,назад
1786194978795,free_text,webrtc_ns_moderate,75000.0,endpoint,назад
1786194978795,free_text,webrtc_ns_moderate,77880.0,partial,назад
1786194978795,free_text,webrtc_ns_moderate,77920.0,partial,назад
1786194978795,free_text,webrtc_ns_moderate,77960.0,partial,назад
1786194978795,free_text,webrtc_ns_moderate,78000.0,partial,назад
1786194978795,free_text,webrtc_ns_moderate,78040.0,partial,назад
1786194978795,free_text,webrtc_ns_moderate,78080.0,partial,назад
1786194978795,free_text,webrtc_ns_moderate,78120.0,partial,назад
1786194978795,free_text,webrtc_ns_moderate,78160.0,partial,назад
1786194978795,free_text,webrtc_ns_moderate,78200.0,partial,назад
1786194978795,free_text,webrtc_ns_moderate,78240.0,partial,назад
1786194978795,free_text,webrtc_ns_moderate,78280.0,partial,назад
1786194978795,free_text,webrtc_ns_moderate,78320.0,partial,назад
1786194978795,free_text,webrtc_ns_moderate,78360.0,endpoint,назад
1786194978795,free_text,webrtc_ns_moderate,82920.0,partial,назад
1786194978795,free_text,webrtc_ns_moderate,82960.0,partial,назад
1786194978795,free_text,webrtc_ns_moderate,83000.0,partial,назад
1786194978795,free_text,webrtc_ns_moderate,83040.0,partial,назад
1786194978795,free_text,webrtc_ns_moderate,83080.0,partial,назад
1786194978795,free_text,webrtc_ns_moderate,83120.0,partial,назад
1786194978795,free_text,webrtc_ns_moderate,83160.0,partial,назад
1786194978795,free_text,webrtc_ns_moderate,83200.0,partial,назад
1786194978795,free_text,webrtc_ns_moderate,83240.0,partial,назад
1786194978795,free_text,webrtc_ns_moderate,83280.0,partial,назад
1786194978795,free_text,webrtc_ns_moderate,83320.0,partial,назад
1786194978795,free_text,webrtc_ns_moderate,83360.0,partial,назад
1786194978795,free_text,webrtc_ns_moderate,83400.0,endpoint,назад
1786194978795,free_text,webrtc_ns_moderate,86040.0,partial,доступность
1786194978795,free_text,webrtc_ns_moderate,86080.0,partial,доступность
1786194978795,free_text,webrtc_ns_moderate,86120.0,partial,доступность
1786194978795,free_text,webrtc_ns_moderate,86160.0,partial,доступность
1786194978795,free_text,webrtc_ns_moderate,86200.0,partial,доступность
1786194978795,free_text,webrtc_ns_moderate,86240.0,partial,доступность
1786194978795,free_text,webrtc_ns_moderate,86280.0,partial,доступность
1786194978795,free_text,webrtc_ns_moderate,86320.0,partial,доступность
1786194978795,free_text,webrtc_ns_moderate,86360.0,partial,доступность
1786194978795,free_text,webrtc_ns_moderate,86400.0,partial,доступность
1786194978795,free_text,webrtc_ns_moderate,86440.0,partial,доступность
1786194978795,free_text,webrtc_ns_moderate,86480.0,partial,доступность
1786194978795,free_text,webrtc_ns_moderate,86520.0,partial,доступность
1786194978795,free_text,webrtc_ns_moderate,86560.0,partial,доступность
1786194978795,free_text,webrtc_ns_moderate,86600.0,partial,доступность
1786194978795,free_text,webrtc_ns_moderate,86640.0,partial,доступность
1786194978795,free_text,webrtc_ns_moderate,86680.0,partial,доступность
1786194978795,free_text,webrtc_ns_moderate,86720.0,partial,доступность
1786194978795,free_text,webrtc_ns_moderate,86760.0,partial,доступность
1786194978795,free_text,webrtc_ns_moderate,86800.0,partial,доступность
1786194978795,free_text,webrtc_ns_moderate,86840.0,partial,доступность
1786194978795,free_text,webrtc_ns_moderate,86880.0,partial,доступность
1786194978795,free_text,webrtc_ns_moderate,86920.0,partial,доступность
1786194978795,free_text,webrtc_ns_moderate,86960.0,partial,доступность
1786194978795,free_text,webrtc_ns_moderate,87000.0,partial,доступность
1786194978795,free_text,webrtc_ns_moderate,87040.0,partial,доступность
1786194978795,free_text,webrtc_ns_moderate,87080.0,partial,доступность
1786194978795,free_text,webrtc_ns_moderate,87120.0,partial,доступность
1786194978795,free_text,webrtc_ns_moderate,87160.0,partial,доступность
1786194978795,free_text,webrtc_ns_moderate,87200.0,partial,доступность
1786194978795,free_text,webrtc_ns_moderate,87240.0,endpoint,доступность
1786194978795,free_text,webrtc_ns_moderate,89400.0,partial,доступность
1786194978795,free_text,webrtc_ns_moderate,89440.0,partial,доступность
1786194978795,free_text,webrtc_ns_moderate,89480.0,partial,доступность
1786194978795,free_text,webrtc_ns_moderate,89520.0,partial,доступность
1786194978795,free_text,webrtc_ns_moderate,89560.0,partial,доступность
1786194978795,free_text,webrtc_ns_moderate,89600.0,partial,доступность
1786194978795,free_text,webrtc_ns_moderate,89640.0,partial,доступность
1786194978795,free_text,webrtc_ns_moderate,89680.0,partial,доступность
1786194978795,free_text,webrtc_ns_moderate,89720.0,partial,доступность
1786194978795,free_text,webrtc_ns_moderate,89760.0,partial,доступность
1786194978795,free_text,webrtc_ns_moderate,89800.0,partial,доступность
1786194978795,free_text,webrtc_ns_moderate,89840.0,partial,доступность
1786194978795,free_text,webrtc_ns_moderate,89880.0,partial,доступность
1786194978795,free_text,webrtc_ns_moderate,89920.0,partial,доступность
1786194978795,free_text,webrtc_ns_moderate,89960.0,partial,доступность
1786194978795,free_text,webrtc_ns_moderate,90000.0,partial,доступность
1786194978795,free_text,webrtc_ns_moderate,90040.0,partial,доступность
1786194978795,free_text,webrtc_ns_moderate,90080.0,partial,доступность
1786194978795,free_text,webrtc_ns_moderate,90120.0,partial,доступность
1786194978795,free_text,webrtc_ns_moderate,90160.0,partial,доступность
1786194978795,free_text,webrtc_ns_moderate,90200.0,partial,доступность
1786194978795,free_text,webrtc_ns_moderate,90240.0,partial,доступность
1786194978795,free_text,webrtc_ns_moderate,90280.0,partial,доступность
1786194978795,free_text,webrtc_ns_moderate,90320.0,partial,доступность
1786194978795,free_text,webrtc_ns_moderate,90360.0,endpoint,доступность
1786194978795,free_text,webrtc_ns_moderate,92040.0,partial,доступность
1786194978795,free_text,webrtc_ns_moderate,92080.0,partial,доступность
1786194978795,free_text,webrtc_ns_moderate,92120.0,partial,доступность
1786194978795,free_text,webrtc_ns_moderate,92160.0,partial,доступность
1786194978795,free_text,webrtc_ns_moderate,92200.0,partial,доступность
1786194978795,free_text,webrtc_ns_moderate,92240.0,partial,доступность
1786194978795,free_text,webrtc_ns_moderate,92280.0,partial,доступность
1786194978795,free_text,webrtc_ns_moderate,92320.0,partial,доступность
1786194978795,free_text,webrtc_ns_moderate,92360.0,partial,доступность
1786194978795,free_text,webrtc_ns_moderate,92400.0,partial,доступность
1786194978795,free_text,webrtc_ns_moderate,92440.0,partial,доступность
1786194978795,free_text,webrtc_ns_moderate,92480.0,partial,доступность
1786194978795,free_text,webrtc_ns_moderate,92520.0,partial,доступность
1786194978795,free_text,webrtc_ns_moderate,92560.0,partial,доступность
1786194978795,free_text,webrtc_ns_moderate,92600.0,partial,доступность
1786194978795,free_text,webrtc_ns_moderate,92640.0,partial,доступность
1786194978795,free_text,webrtc_ns_moderate,92680.0,partial,доступность
1786194978795,free_text,webrtc_ns_moderate,92720.0,partial,доступность
1786194978795,free_text,webrtc_ns_moderate,92760.0,partial,доступность
1786194978795,free_text,webrtc_ns_moderate,92800.0,partial,доступность
1786194978795,free_text,webrtc_ns_moderate,92840.0,partial,доступность
1786194978795,free_text,webrtc_ns_moderate,92880.0,partial,доступность
1786194978795,free_text,webrtc_ns_moderate,92920.0,partial,доступность
1786194978795,free_text,webrtc_ns_moderate,92960.0,partial,доступность
1786194978795,free_text,webrtc_ns_moderate,93000.0,partial,доступность
1786194978795,free_text,webrtc_ns_moderate,93040.0,partial,доступность
1786194978795,free_text,webrtc_ns_moderate,93080.0,partial,доступность
1786194978795,free_text,webrtc_ns_moderate,93120.0,partial,доступность
1786194978795,free_text,webrtc_ns_moderate,93160.0,partial,доступность
1786194978795,free_text,webrtc_ns_moderate,93200.0,partial,доступность
1786194978795,free_text,webrtc_ns_moderate,93240.0,endpoint,доступность
1786194978795,free_text,webrtc_ns_moderate,94920.0,partial,доступность
1786194978795,free_text,webrtc_ns_moderate,94960.0,partial,доступность
1786194978795,free_text,webrtc_ns_moderate,95000.0,partial,доступность
1786194978795,free_text,webrtc_ns_moderate,95040.0,partial,доступность
1786194978795,free_text,webrtc_ns_moderate,95080.0,partial,доступность
1786194978795,free_text,webrtc_ns_moderate,95120.0,partial,доступность
1786194978795,free_text,webrtc_ns_moderate,95160.0,partial,доступность
1786194978795,free_text,webrtc_ns_moderate,95200.0,partial,доступность
1786194978795,free_text,webrtc_ns_moderate,95240.0,partial,доступность
1786194978795,free_text,webrtc_ns_moderate,95280.0,partial,доступность
1786194978795,free_text,webrtc_ns_moderate,95320.0,partial,доступность
1786194978795,free_text,webrtc_ns_moderate,95360.0,partial,доступность
1786194978795,free_text,webrtc_ns_moderate,95400.0,partial,доступность
1786194978795,free_text,webrtc_ns_moderate,95440.0,partial,доступность
1786194978795,free_text,webrtc_ns_moderate,95480.0,partial,доступность
1786194978795,free_text,webrtc_ns_moderate,95520.0,partial,доступность
1786194978795,free_text,webrtc_ns_moderate,95560.0,partial,доступность
1786194978795,free_text,webrtc_ns_moderate,95600.0,partial,доступность
1786194978795,free_text,webrtc_ns_moderate,95640.0,partial,доступность
1786194978795,free_text,webrtc_ns_moderate,95680.0,partial,доступность
1786194978795,free_text,webrtc_ns_moderate,95720.0,partial,доступность
1786194978795,free_text,webrtc_ns_moderate,95760.0,partial,доступность
1786194978795,free_text,webrtc_ns_moderate,95800.0,partial,доступность
1786194978795,free_text,webrtc_ns_moderate,95840.0,partial,доступность
1786194978795,free_text,webrtc_ns_moderate,95880.0,partial,доступность
1786194978795,free_text,webrtc_ns_moderate,95920.0,partial,доступность
1786194978795,free_text,webrtc_ns_moderate,95960.0,partial,доступность
1786194978795,free_text,webrtc_ns_moderate,96000.0,partial,доступность
1786194978795,free_text,webrtc_ns_moderate,96040.0,partial,доступность
1786194978795,free_text,webrtc_ns_moderate,96080.0,partial,доступность
1786194978795,free_text,webrtc_ns_moderate,96120.0,endpoint,доступность
1786194978795,free_text,webrtc_ns_moderate,98520.0,partial,доступность
1786194978795,free_text,webrtc_ns_moderate,98560.0,partial,доступность
1786194978795,free_text,webrtc_ns_moderate,98600.0,partial,доступность
1786194978795,free_text,webrtc_ns_moderate,98640.0,partial,доступность
1786194978795,free_text,webrtc_ns_moderate,98680.0,partial,доступность
1786194978795,free_text,webrtc_ns_moderate,98720.0,partial,доступность
1786194978795,free_text,webrtc_ns_moderate,98760.0,partial,доступность
1786194978795,free_text,webrtc_ns_moderate,98800.0,partial,доступность
1786194978795,free_text,webrtc_ns_moderate,98840.0,partial,доступность
1786194978795,free_text,webrtc_ns_moderate,98880.0,partial,доступность
1786194978795,free_text,webrtc_ns_moderate,98920.0,partial,доступность
1786194978795,free_text,webrtc_ns_moderate,98960.0,partial,доступность
1786194978795,free_text,webrtc_ns_moderate,99000.0,partial,доступность
1786194978795,free_text,webrtc_ns_moderate,99040.0,partial,доступность
1786194978795,free_text,webrtc_ns_moderate,99080.0,partial,доступность
1786194978795,free_text,webrtc_ns_moderate,99120.0,partial,доступность
1786194978795,free_text,webrtc_ns_moderate,99160.0,partial,доступность
1786194978795,free_text,webrtc_ns_moderate,99200.0,partial,доступность
1786194978795,free_text,webrtc_ns_moderate,99240.0,partial,доступность
1786194978795,free_text,webrtc_ns_moderate,99280.0,partial,доступность
1786194978795,free_text,webrtc_ns_moderate,99320.0,partial,доступность
1786194978795,free_text,webrtc_ns_moderate,99360.0,partial,доступность
1786194978795,free_text,webrtc_ns_moderate,99400.0,partial,доступность
1786194978795,free_text,webrtc_ns_moderate,99440.0,partial,доступность
1786194978795,free_text,webrtc_ns_moderate,99480.0,endpoint,доступность
1786194978795,free_text,webrtc_ns_moderate,101400.0,partial,доступность
1786194978795,free_text,webrtc_ns_moderate,101440.0,partial,доступность
1786194978795,free_text,webrtc_ns_moderate,101480.0,partial,доступность
1786194978795,free_text,webrtc_ns_moderate,101520.0,partial,доступность
1786194978795,free_text,webrtc_ns_moderate,101560.0,partial,доступность
1786194978795,free_text,webrtc_ns_moderate,101600.0,partial,доступность
1786194978795,free_text,webrtc_ns_moderate,101640.0,partial,доступность
1786194978795,free_text,webrtc_ns_moderate,101680.0,partial,доступность
1786194978795,free_text,webrtc_ns_moderate,101720.0,partial,доступность
1786194978795,free_text,webrtc_ns_moderate,101760.0,partial,доступность
1786194978795,free_text,webrtc_ns_moderate,101800.0,partial,доступность
1786194978795,free_text,webrtc_ns_moderate,101840.0,partial,доступность
1786194978795,free_text,webrtc_ns_moderate,101880.0,partial,доступность
1786194978795,free_text,webrtc_ns_moderate,101920.0,partial,доступность
1786194978795,free_text,webrtc_ns_moderate,101960.0,partial,доступность
1786194978795,free_text,webrtc_ns_moderate,102000.0,partial,доступность
1786194978795,free_text,webrtc_ns_moderate,102040.0,partial,доступность
1786194978795,free_text,webrtc_ns_moderate,102080.0,partial,доступность
1786194978795,free_text,webrtc_ns_moderate,102120.0,partial,доступность
1786194978795,free_text,webrtc_ns_moderate,102160.0,partial,доступность
1786194978795,free_text,webrtc_ns_moderate,102200.0,partial,доступность
1786194978795,free_text,webrtc_ns_moderate,102240.0,partial,доступность
1786194978795,free_text,webrtc_ns_moderate,102280.0,partial,доступность
1786194978795,free_text,webrtc_ns_moderate,102320.0,partial,доступность
1786194978795,free_text,webrtc_ns_moderate,102360.0,partial,доступность
1786194978795,free_text,webrtc_ns_moderate,102400.0,partial,доступность
1786194978795,free_text,webrtc_ns_moderate,102440.0,partial,доступность
1786194978795,free_text,webrtc_ns_moderate,102480.0,partial,доступность
1786194978795,free_text,webrtc_ns_moderate,102520.0,partial,доступность
1786194978795,free_text,webrtc_ns_moderate,102560.0,partial,доступность
1786194978795,free_text,webrtc_ns_moderate,102600.0,endpoint,доступность
1786194978795,free_text,webrtc_ns_moderate,105960.0,partial,доступность
1786194978795,free_text,webrtc_ns_moderate,106000.0,partial,доступность
1786194978795,free_text,webrtc_ns_moderate,106040.0,partial,доступность
1786194978795,free_text,webrtc_ns_moderate,106080.0,partial,доступность
1786194978795,free_text,webrtc_ns_moderate,106120.0,partial,доступность
1786194978795,free_text,webrtc_ns_moderate,106160.0,partial,доступность
1786194978795,free_text,webrtc_ns_moderate,106200.0,partial,доступность
1786194978795,free_text,webrtc_ns_moderate,106240.0,partial,доступность
1786194978795,free_text,webrtc_ns_moderate,106280.0,partial,доступность
1786194978795,free_text,webrtc_ns_moderate,106320.0,partial,доступность
1786194978795,free_text,webrtc_ns_moderate,106360.0,partial,доступность
1786194978795,free_text,webrtc_ns_moderate,106400.0,partial,доступность
1786194978795,free_text,webrtc_ns_moderate,106440.0,partial,доступность
1786194978795,free_text,webrtc_ns_moderate,106480.0,partial,доступность
1786194978795,free_text,webrtc_ns_moderate,106520.0,partial,доступность
1786194978795,free_text,webrtc_ns_moderate,106560.0,partial,доступность
1786194978795,free_text,webrtc_ns_moderate,106600.0,partial,доступность
1786194978795,free_text,webrtc_ns_moderate,106640.0,partial,доступность
1786194978795,free_text,webrtc_ns_moderate,106680.0,partial,доступность
1786194978795,free_text,webrtc_ns_moderate,106720.0,partial,доступность
1786194978795,free_text,webrtc_ns_moderate,106760.0,partial,доступность
1786194978795,free_text,webrtc_ns_moderate,106800.0,partial,доступность
1786194978795,free_text,webrtc_ns_moderate,106840.0,partial,доступность
1786194978795,free_text,webrtc_ns_moderate,106880.0,partial,доступность
1786194978795,free_text,webrtc_ns_moderate,106920.0,partial,доступность
1786194978795,free_text,webrtc_ns_moderate,106960.0,partial,доступность
1786194978795,free_text,webrtc_ns_moderate,107000.0,partial,доступность
1786194978795,free_text,webrtc_ns_moderate,107040.0,partial,доступность
1786194978795,free_text,webrtc_ns_moderate,107080.0,partial,доступность
1786194978795,free_text,webrtc_ns_moderate,107120.0,partial,доступность
1786194978795,free_text,webrtc_ns_moderate,107160.0,endpoint,доступность
1786194978795,free_text,webrtc_ns_moderate,137400.0,partial,список
1786194978795,free_text,webrtc_ns_moderate,137440.0,partial,список
1786194978795,free_text,webrtc_ns_moderate,137480.0,partial,список
1786194978795,free_text,webrtc_ns_moderate,137520.0,partial,список
1786194978795,free_text,webrtc_ns_moderate,137560.0,partial,список
1786194978795,free_text,webrtc_ns_moderate,137600.0,partial,список
1786194978795,free_text,webrtc_ns_moderate,137640.0,partial,список
1786194978795,free_text,webrtc_ns_moderate,137680.0,partial,список
1786194978795,free_text,webrtc_ns_moderate,137720.0,partial,список
1786194978795,free_text,webrtc_ns_moderate,137760.0,partial,список
1786194978795,free_text,webrtc_ns_moderate,137800.0,partial,список
1786194978795,free_text,webrtc_ns_moderate,137840.0,partial,список
1786194978795,free_text,webrtc_ns_moderate,137880.0,partial,список
1786194978795,free_text,webrtc_ns_moderate,137920.0,partial,список
1786194978795,free_text,webrtc_ns_moderate,137960.0,partial,список
1786194978795,free_text,webrtc_ns_moderate,138000.0,partial,список
1786194978795,free_text,webrtc_ns_moderate,138040.0,partial,список
1786194978795,free_text,webrtc_ns_moderate,138080.0,partial,список
1786194978795,free_text,webrtc_ns_moderate,138120.0,partial,список
1786194978795,free_text,webrtc_ns_moderate,138160.0,partial,список
1786194978795,free_text,webrtc_ns_moderate,138200.0,partial,список
1786194978795,free_text,webrtc_ns_moderate,138240.0,partial,список
1786194978795,free_text,webrtc_ns_moderate,138280.0,partial,список
1786194978795,free_text,webrtc_ns_moderate,138320.0,partial,список
1786194978795,free_text,webrtc_ns_moderate,138360.0,partial,список
1786194978795,free_text,webrtc_ns_moderate,138400.0,partial,список
1786194978795,free_text,webrtc_ns_moderate,138440.0,partial,список
1786194978795,free_text,webrtc_ns_moderate,138480.0,partial,список
1786194978795,free_text,webrtc_ns_moderate,138520.0,partial,список
1786194978795,free_text,webrtc_ns_moderate,138560.0,partial,список
1786194978795,free_text,webrtc_ns_moderate,138600.0,partial,список
1786194978795,free_text,webrtc_ns_moderate,138640.0,partial,список
1786194978795,free_text,webrtc_ns_moderate,138680.0,partial,список
1786194978795,free_text,webrtc_ns_moderate,138720.0,partial,список
1786194978795,free_text,webrtc_ns_moderate,138760.0,partial,список
1786194978795,free_text,webrtc_ns_moderate,138800.0,partial,список
1786194978795,free_text,webrtc_ns_moderate,138840.0,endpoint,список
1786194978795,free_text,webrtc_ns_moderate,140760.0,partial,молочная
1786194978795,free_text,webrtc_ns_moderate,140800.0,partial,молочная
1786194978795,free_text,webrtc_ns_moderate,140840.0,partial,молочная
1786194978795,free_text,webrtc_ns_moderate,140880.0,partial,молочная
1786194978795,free_text,webrtc_ns_moderate,140920.0,partial,молочная
1786194978795,free_text,webrtc_ns_moderate,140960.0,partial,молочная
1786194978795,free_text,webrtc_ns_moderate,141000.0,partial,молочная
1786194978795,free_text,webrtc_ns_moderate,141040.0,partial,молочная
1786194978795,free_text,webrtc_ns_moderate,141080.0,partial,молочная
1786194978795,free_text,webrtc_ns_moderate,141120.0,partial,молочная
1786194978795,free_text,webrtc_ns_moderate,141160.0,partial,молочная
1786194978795,free_text,webrtc_ns_moderate,141200.0,partial,молочная
1786194978795,free_text,webrtc_ns_moderate,141240.0,partial,молочная
1786194978795,free_text,webrtc_ns_moderate,141280.0,partial,молочная
1786194978795,free_text,webrtc_ns_moderate,141320.0,partial,молочная
1786194978795,free_text,webrtc_ns_moderate,141360.0,partial,молочная
1786194978795,free_text,webrtc_ns_moderate,141400.0,partial,молочная
1786194978795,free_text,webrtc_ns_moderate,141440.0,partial,молочная
1786194978795,free_text,webrtc_ns_moderate,141480.0,partial,молочная
1786194978795,free_text,webrtc_ns_moderate,141520.0,partial,молочная
1786194978795,free_text,webrtc_ns_moderate,141560.0,partial,молочная
1786194978795,free_text,webrtc_ns_moderate,141600.0,partial,молочная
1786194978795,free_text,webrtc_ns_moderate,141640.0,partial,молочная
1786194978795,free_text,webrtc_ns_moderate,141680.0,partial,молочная
1786194978795,free_text,webrtc_ns_moderate,141720.0,partial,молочная
1786194978795,free_text,webrtc_ns_moderate,141760.0,partial,молочная
1786194978795,free_text,webrtc_ns_moderate,141800.0,partial,молочная
1786194978795,free_text,webrtc_ns_moderate,141840.0,partial,молочная
1786194978795,free_text,webrtc_ns_moderate,141880.0,partial,молочная
1786194978795,free_text,webrtc_ns_moderate,141920.0,partial,молочная
1786194978795,free_text,webrtc_ns_moderate,141960.0,endpoint,молочная
1786194978795,free_text,webrtc_ns_moderate,146760.0,partial,молочная
1786194978795,free_text,webrtc_ns_moderate,146800.0,partial,молочная
1786194978795,free_text,webrtc_ns_moderate,146840.0,partial,молочная
1786194978795,free_text,webrtc_ns_moderate,146880.0,partial,молочная
1786194978795,free_text,webrtc_ns_moderate,146920.0,partial,молочная
1786194978795,free_text,webrtc_ns_moderate,146960.0,partial,молочная
1786194978795,free_text,webrtc_ns_moderate,147000.0,partial,молочная
1786194978795,free_text,webrtc_ns_moderate,147040.0,partial,молочная
1786194978795,free_text,webrtc_ns_moderate,147080.0,partial,молочная
1786194978795,free_text,webrtc_ns_moderate,147120.0,partial,молочная
1786194978795,free_text,webrtc_ns_moderate,147160.0,partial,молочная
1786194978795,free_text,webrtc_ns_moderate,147200.0,partial,молочная
1786194978795,free_text,webrtc_ns_moderate,147240.0,partial,молочная
1786194978795,free_text,webrtc_ns_moderate,147280.0,partial,молочная
1786194978795,free_text,webrtc_ns_moderate,147320.0,partial,молочная
1786194978795,free_text,webrtc_ns_moderate,147360.0,partial,молочная
1786194978795,free_text,webrtc_ns_moderate,147400.0,partial,молочная
1786194978795,free_text,webrtc_ns_moderate,147440.0,partial,молочная
1786194978795,free_text,webrtc_ns_moderate,147480.0,partial,молочная
1786194978795,free_text,webrtc_ns_moderate,147520.0,partial,молочная
1786194978795,free_text,webrtc_ns_moderate,147560.0,partial,молочная
1786194978795,free_text,webrtc_ns_moderate,147600.0,partial,молочная
1786194978795,free_text,webrtc_ns_moderate,147640.0,partial,молочная
1786194978795,free_text,webrtc_ns_moderate,147680.0,partial,молочная
1786194978795,free_text,webrtc_ns_moderate,147720.0,endpoint,молочная
1786194978795,free_text,webrtc_ns_moderate,153240.0,partial,коровка
1786194978795,free_text,webrtc_ns_moderate,153280.0,partial,коровка
1786194978795,free_text,webrtc_ns_moderate,153320.0,partial,коровка
1786194978795,free_text,webrtc_ns_moderate,153360.0,partial,коровка
1786194978795,free_text,webrtc_ns_moderate,153400.0,partial,коровка
1786194978795,free_text,webrtc_ns_moderate,153440.0,partial,коровка
1786194978795,free_text,webrtc_ns_moderate,153480.0,partial,коровка
1786194978795,free_text,webrtc_ns_moderate,153520.0,partial,коровка
1786194978795,free_text,webrtc_ns_moderate,153560.0,partial,коровка
1786194978795,free_text,webrtc_ns_moderate,153600.0,partial,коровка
1786194978795,free_text,webrtc_ns_moderate,153640.0,partial,коровка
1786194978795,free_text,webrtc_ns_moderate,153680.0,partial,коровка
1786194978795,free_text,webrtc_ns_moderate,153720.0,partial,коровка
1786194978795,free_text,webrtc_ns_moderate,153760.0,partial,коровка
1786194978795,free_text,webrtc_ns_moderate,153800.0,partial,коровка
1786194978795,free_text,webrtc_ns_moderate,153840.0,partial,коровка
1786194978795,free_text,webrtc_ns_moderate,153880.0,partial,коровка
1786194978795,free_text,webrtc_ns_moderate,153920.0,partial,коровка
1786194978795,free_text,webrtc_ns_moderate,153960.0,endpoint,коровка
1786194978795,free_text,webrtc_ns_moderate,162120.0,partial,но коровка
1786194978795,free_text,webrtc_ns_moderate,162160.0,partial,но коровка
1786194978795,free_text,webrtc_ns_moderate,162200.0,partial,но коровка
1786194978795,free_text,webrtc_ns_moderate,162240.0,partial,но коровка
1786194978795,free_text,webrtc_ns_moderate,162280.0,partial,но коровка
1786194978795,free_text,webrtc_ns_moderate,162320.0,partial,но коровка
1786194978795,free_text,webrtc_ns_moderate,162360.0,partial,но коровка
1786194978795,free_text,webrtc_ns_moderate,162400.0,partial,но коровка
1786194978795,free_text,webrtc_ns_moderate,162440.0,partial,но коровка
1786194978795,free_text,webrtc_ns_moderate,162480.0,partial,но коровка
1786194978795,free_text,webrtc_ns_moderate,162520.0,partial,но коровка
1786194978795,free_text,webrtc_ns_moderate,162560.0,partial,но коровка
1786194978795,free_text,webrtc_ns_moderate,162600.0,partial,но коровка
1786194978795,free_text,webrtc_ns_moderate,162640.0,partial,но коровка
1786194978795,free_text,webrtc_ns_moderate,162680.0,partial,но коровка
1786194978795,free_text,webrtc_ns_moderate,162720.0,partial,но коровка
1786194978795,free_text,webrtc_ns_moderate,162760.0,partial,но коровка
1786194978795,free_text,webrtc_ns_moderate,162800.0,partial,но коровка
1786194978795,free_text,webrtc_ns_moderate,162840.0,endpoint,ну коровка
1786194978795,free_text,webrtc_ns_moderate,166920.0,partial,коровка
1786194978795,free_text,webrtc_ns_moderate,166960.0,partial,коровка
1786194978795,free_text,webrtc_ns_moderate,167000.0,partial,коровка
1786194978795,free_text,webrtc_ns_moderate,167040.0,partial,коровка
1786194978795,free_text,webrtc_ns_moderate,167080.0,partial,коровка
1786194978795,free_text,webrtc_ns_moderate,167120.0,partial,коровка
1786194978795,free_text,webrtc_ns_moderate,167160.0,partial,коровка
1786194978795,free_text,webrtc_ns_moderate,167200.0,partial,коровка
1786194978795,free_text,webrtc_ns_moderate,167240.0,partial,коровка
1786194978795,free_text,webrtc_ns_moderate,167280.0,partial,коровка
1786194978795,free_text,webrtc_ns_moderate,167320.0,partial,коровка
1786194978795,free_text,webrtc_ns_moderate,167360.0,partial,коровка
1786194978795,free_text,webrtc_ns_moderate,167400.0,endpoint,коровка
1786194978795,free_text,webrtc_ns_moderate,168840.0,partial,коровка
1786194978795,free_text,webrtc_ns_moderate,168880.0,partial,коровка
1786194978795,free_text,webrtc_ns_moderate,168920.0,partial,коровка
1786194978795,free_text,webrtc_ns_moderate,168960.0,partial,коровка
1786194978795,free_text,webrtc_ns_moderate,169000.0,partial,коровка
1786194978795,free_text,webrtc_ns_moderate,169040.0,partial,коровка
1786194978795,free_text,webrtc_ns_moderate,169080.0,partial,коровка
1786194978795,free_text,webrtc_ns_moderate,169120.0,partial,коровка
1786194978795,free_text,webrtc_ns_moderate,169160.0,partial,коровка
1786194978795,free_text,webrtc_ns_moderate,169200.0,partial,коровка
1786194978795,free_text,webrtc_ns_moderate,169240.0,partial,коровка
1786194978795,free_text,webrtc_ns_moderate,169280.0,partial,коровка
1786194978795,free_text,webrtc_ns_moderate,169320.0,partial,коровка
1786194978795,free_text,webrtc_ns_moderate,169360.0,partial,коровка
1786194978795,free_text,webrtc_ns_moderate,169400.0,partial,коровка
1786194978795,free_text,webrtc_ns_moderate,169440.0,partial,коровка
1786194978795,free_text,webrtc_ns_moderate,169480.0,partial,коровка
1786194978795,free_text,webrtc_ns_moderate,169520.0,partial,коровка
1786194978795,free_text,webrtc_ns_moderate,169560.0,endpoint,коровка
1786194978795,command_menu,webrtc_ns_high,17880.0,partial,вниз
1786194978795,command_menu,webrtc_ns_high,17920.0,partial,вниз
1786194978795,command_menu,webrtc_ns_high,17960.0,partial,вниз
1786194978795,command_menu,webrtc_ns_high,18000.0,partial,вниз
1786194978795,command_menu,webrtc_ns_high,18040.0,partial,вниз
1786194978795,command_menu,webrtc_ns_high,18080.0,partial,вниз
1786194978795,command_menu,webrtc_ns_high,18120.0,partial,вниз
1786194978795,command_menu,webrtc_ns_high,18160.0,partial,вниз
1786194978795,command_menu,webrtc_ns_high,18200.0,partial,вниз
1786194978795,command_menu,webrtc_ns_high,18240.0,partial,вниз
1786194978795,command_menu,webrtc_ns_high,18280.0,partial,вниз
1786194978795,command_menu,webrtc_ns_high,18320.0,partial,вниз
1786194978795,command_menu,webrtc_ns_high,18360.0,partial,вниз
1786194978795,command_menu,webrtc_ns_high,18400.0,partial,вниз
1786194978795,command_menu,webrtc_ns_high,18440.0,partial,вниз
1786194978795,command_menu,webrtc_ns_high,18480.0,partial,вниз
1786194978795,command_menu,webrtc_ns_high,18520.0,partial,вниз
1786194978795,command_menu,webrtc_ns_high,18560.0,partial,вниз
1786194978795,command_menu,webrtc_ns_high,18600.0,endpoint,вниз
1786194978795,command_menu,webrtc_ns_high,19080.0,partial,вниз
1786194978795,command_menu,webrtc_ns_high,19120.0,partial,вниз
1786194978795,command_menu,webrtc_ns_high,19160.0,partial,вниз
1786194978795,command_menu,webrtc_ns_high,19200.0,partial,вниз
1786194978795,command_menu,webrtc_ns_high,19240.0,partial,вниз
1786194978795,command_menu,webrtc_ns_high,19280.0,partial,вниз
1786194978795,command_menu,webrtc_ns_high,19320.0,partial,вниз
1786194978795,command_menu,webrtc_ns_high,19360.0,partial,вниз
1786194978795,command_menu,webrtc_ns_high,19400.0,partial,вниз
1786194978795,command_menu,webrtc_ns_high,19440.0,partial,вниз
1786194978795,command_menu,webrtc_ns_high,19480.0,partial,вниз
1786194978795,command_menu,webrtc_ns_high,19520.0,partial,вниз
1786194978795,command_menu,webrtc_ns_high,19560.0,partial,вниз
1786194978795,command_menu,webrtc_ns_high,19600.0,partial,вниз
1786194978795,command_menu,webrtc_ns_high,19640.0,partial,вниз
1786194978795,command_menu,webrtc_ns_high,19680.0,partial,вниз
1786194978795,command_menu,webrtc_ns_high,19720.0,partial,вниз
1786194978795,command_menu,webrtc_ns_high,19760.0,partial,вниз
1786194978795,command_menu,webrtc_ns_high,19800.0,partial,вниз
1786194978795,command_menu,webrtc_ns_high,19840.0,partial,вниз
1786194978795,command_menu,webrtc_ns_high,19880.0,partial,вниз
1786194978795,command_menu,webrtc_ns_high,19920.0,partial,вниз
1786194978795,command_menu,webrtc_ns_high,19960.0,partial,вниз
1786194978795,command_menu,webrtc_ns_high,20000.0,partial,вниз
1786194978795,command_menu,webrtc_ns_high,20040.0,endpoint,вниз
1786194978795,command_menu,webrtc_ns_high,20520.0,partial,вниз
1786194978795,command_menu,webrtc_ns_high,20560.0,partial,вниз
1786194978795,command_menu,webrtc_ns_high,20600.0,partial,вниз
1786194978795,command_menu,webrtc_ns_high,20640.0,partial,вниз
1786194978795,command_menu,webrtc_ns_high,20680.0,partial,вниз
1786194978795,command_menu,webrtc_ns_high,20720.0,partial,вниз
1786194978795,command_menu,webrtc_ns_high,20760.0,partial,вниз
1786194978795,command_menu,webrtc_ns_high,20800.0,partial,вниз
1786194978795,command_menu,webrtc_ns_high,20840.0,partial,вниз
1786194978795,command_menu,webrtc_ns_high,20880.0,partial,вниз
1786194978795,command_menu,webrtc_ns_high,20920.0,partial,вниз
1786194978795,command_menu,webrtc_ns_high,20960.0,partial,вниз
1786194978795,command_menu,webrtc_ns_high,21000.0,partial,вниз
1786194978795,command_menu,webrtc_ns_high,21040.0,partial,вниз
1786194978795,command_menu,webrtc_ns_high,21080.0,partial,вниз
1786194978795,command_menu,webrtc_ns_high,21120.0,partial,вниз
1786194978795,command_menu,webrtc_ns_high,21160.0,partial,вниз
1786194978795,command_menu,webrtc_ns_high,21200.0,partial,вниз
1786194978795,command_menu,webrtc_ns_high,21240.0,partial,вниз
1786194978795,command_menu,webrtc_ns_high,21280.0,partial,вниз
1786194978795,command_menu,webrtc_ns_high,21320.0,partial,вниз
1786194978795,command_menu,webrtc_ns_high,21360.0,partial,вниз
1786194978795,command_menu,webrtc_ns_high,21400.0,partial,вниз
1786194978795,command_menu,webrtc_ns_high,21440.0,partial,вниз
1786194978795,command_menu,webrtc_ns_high,21480.0,endpoint,вниз
1786194978795,command_menu,webrtc_ns_high,21960.0,partial,вверх
1786194978795,command_menu,webrtc_ns_high,22000.0,partial,вверх
1786194978795,command_menu,webrtc_ns_high,22040.0,partial,вверх
1786194978795,command_menu,webrtc_ns_high,22080.0,partial,вверх
1786194978795,command_menu,webrtc_ns_high,22120.0,partial,вверх
1786194978795,command_menu,webrtc_ns_high,22160.0,partial,вверх
1786194978795,command_menu,webrtc_ns_high,22200.0,partial,вверх
1786194978795,command_menu,webrtc_ns_high,22240.0,partial,вверх
1786194978795,command_menu,webrtc_ns_high,22280.0,partial,вверх
1786194978795,command_menu,webrtc_ns_high,22320.0,partial,вверх
1786194978795,command_menu,webrtc_ns_high,22360.0,partial,вверх
1786194978795,command_menu,webrtc_ns_high,22400.0,partial,вверх
1786194978795,command_menu,webrtc_ns_high,22440.0,partial,вверх
1786194978795,command_menu,webrtc_ns_high,22480.0,partial,вверх
1786194978795,command_menu,webrtc_ns_high,22520.0,partial,вверх
1786194978795,command_menu,webrtc_ns_high,22560.0,partial,вверх
1786194978795,command_menu,webrtc_ns_high,22600.0,partial,вверх
1786194978795,command_menu,webrtc_ns_high,22640.0,partial,вверх
1786194978795,command_menu,webrtc_ns_high,22680.0,endpoint,вверх
1786194978795,command_menu,webrtc_ns_high,22920.0,partial,доступность
1786194978795,command_menu,webrtc_ns_high,22960.0,partial,доступность
1786194978795,command_menu,webrtc_ns_high,23000.0,partial,доступность
1786194978795,command_menu,webrtc_ns_high,23040.0,partial,доступность
1786194978795,command_menu,webrtc_ns_high,23080.0,partial,доступность
1786194978795,command_menu,webrtc_ns_high,23120.0,partial,доступность
1786194978795,command_menu,webrtc_ns_high,23160.0,partial,вверх
1786194978795,command_menu,webrtc_ns_high,23200.0,partial,вверх
1786194978795,command_menu,webrtc_ns_high,23240.0,partial,вверх
1786194978795,command_menu,webrtc_ns_high,23280.0,partial,вверх
1786194978795,command_menu,webrtc_ns_high,23320.0,partial,вверх
1786194978795,command_menu,webrtc_ns_high,23360.0,partial,вверх
1786194978795,command_menu,webrtc_ns_high,23400.0,partial,вверх
1786194978795,command_menu,webrtc_ns_high,23440.0,partial,вверх
1786194978795,command_menu,webrtc_ns_high,23480.0,partial,вверх
1786194978795,command_menu,webrtc_ns_high,23520.0,partial,вверх
1786194978795,command_menu,webrtc_ns_high,23560.0,partial,вверх
1786194978795,command_menu,webrtc_ns_high,23600.0,partial,вверх
1786194978795,command_menu,webrtc_ns_high,23640.0,partial,вверх
1786194978795,command_menu,webrtc_ns_high,23680.0,partial,вверх
1786194978795,command_menu,webrtc_ns_high,23720.0,partial,вверх
1786194978795,command_menu,webrtc_ns_high,23760.0,partial,вверх
1786194978795,command_menu,webrtc_ns_high,23800.0,partial,вверх
1786194978795,command_menu,webrtc_ns_high,23840.0,partial,вверх
1786194978795,command_menu,webrtc_ns_high,23880.0,endpoint,вверх
1786194978795,command_menu,webrtc_ns_high,24840.0,partial,вверх
1786194978795,command_menu,webrtc_ns_high,24880.0,partial,вверх
1786194978795,command_menu,webrtc_ns_high,24920.0,partial,вверх
1786194978795,command_menu,webrtc_ns_high,24960.0,partial,вверх
1786194978795,command_menu,webrtc_ns_high,25000.0,partial,вверх
1786194978795,command_menu,webrtc_ns_high,25040.0,partial,вверх
1786194978795,command_menu,webrtc_ns_high,25080.0,partial,вверх
1786194978795,command_menu,webrtc_ns_high,25120.0,partial,вверх
1786194978795,command_menu,webrtc_ns_high,25160.0,partial,вверх
1786194978795,command_menu,webrtc_ns_high,25200.0,partial,вверх
1786194978795,command_menu,webrtc_ns_high,25240.0,partial,вверх
1786194978795,command_menu,webrtc_ns_high,25280.0,partial,вверх
1786194978795,command_menu,webrtc_ns_high,25320.0,partial,вверх
1786194978795,command_menu,webrtc_ns_high,25360.0,partial,вверх
1786194978795,command_menu,webrtc_ns_high,25400.0,partial,вверх
1786194978795,command_menu,webrtc_ns_high,25440.0,partial,вверх
1786194978795,command_menu,webrtc_ns_high,25480.0,partial,вверх
1786194978795,command_menu,webrtc_ns_high,25520.0,partial,вверх
1786194978795,command_menu,webrtc_ns_high,25560.0,endpoint,вверх
1786194978795,command_menu,webrtc_ns_high,26280.0,partial,доступность
1786194978795,command_menu,webrtc_ns_high,26320.0,partial,доступность
1786194978795,command_menu,webrtc_ns_high,26360.0,partial,доступность
1786194978795,command_menu,webrtc_ns_high,26400.0,partial,доступность
1786194978795,command_menu,webrtc_ns_high,26440.0,partial,доступность
1786194978795,command_menu,webrtc_ns_high,26480.0,partial,доступность
1786194978795,command_menu,webrtc_ns_high,26520.0,partial,вверх
1786194978795,command_menu,webrtc_ns_high,26560.0,partial,вверх
1786194978795,command_menu,webrtc_ns_high,26600.0,partial,вверх
1786194978795,command_menu,webrtc_ns_high,26640.0,partial,вверх
1786194978795,command_menu,webrtc_ns_high,26680.0,partial,вверх
1786194978795,command_menu,webrtc_ns_high,26720.0,partial,вверх
1786194978795,command_menu,webrtc_ns_high,26760.0,partial,вверх
1786194978795,command_menu,webrtc_ns_high,26800.0,partial,вверх
1786194978795,command_menu,webrtc_ns_high,26840.0,partial,вверх
1786194978795,command_menu,webrtc_ns_high,26880.0,partial,вверх
1786194978795,command_menu,webrtc_ns_high,26920.0,partial,вверх
1786194978795,command_menu,webrtc_ns_high,26960.0,partial,вверх
1786194978795,command_menu,webrtc_ns_high,27000.0,partial,вверх
1786194978795,command_menu,webrtc_ns_high,27040.0,partial,вверх
1786194978795,command_menu,webrtc_ns_high,27080.0,partial,вверх
1786194978795,command_menu,webrtc_ns_high,27120.0,partial,вверх
1786194978795,command_menu,webrtc_ns_high,27160.0,partial,вверх
1786194978795,command_menu,webrtc_ns_high,27200.0,partial,вверх
1786194978795,command_menu,webrtc_ns_high,27240.0,endpoint,вверх
1786194978795,command_menu,webrtc_ns_high,27720.0,partial,вниз
1786194978795,command_menu,webrtc_ns_high,27760.0,partial,вниз
1786194978795,command_menu,webrtc_ns_high,27800.0,partial,вниз
1786194978795,command_menu,webrtc_ns_high,27840.0,partial,вниз
1786194978795,command_menu,webrtc_ns_high,27880.0,partial,вниз
1786194978795,command_menu,webrtc_ns_high,27920.0,partial,вниз
1786194978795,command_menu,webrtc_ns_high,27960.0,partial,вниз
1786194978795,command_menu,webrtc_ns_high,28000.0,partial,вниз
1786194978795,command_menu,webrtc_ns_high,28040.0,partial,вниз
1786194978795,command_menu,webrtc_ns_high,28080.0,partial,вниз
1786194978795,command_menu,webrtc_ns_high,28120.0,partial,вниз
1786194978795,command_menu,webrtc_ns_high,28160.0,partial,вниз
1786194978795,command_menu,webrtc_ns_high,28200.0,partial,вниз
1786194978795,command_menu,webrtc_ns_high,28240.0,partial,вниз
1786194978795,command_menu,webrtc_ns_high,28280.0,partial,вниз
1786194978795,command_menu,webrtc_ns_high,28320.0,partial,вниз
1786194978795,command_menu,webrtc_ns_high,28360.0,partial,вниз
1786194978795,command_menu,webrtc_ns_high,28400.0,partial,вниз
1786194978795,command_menu,webrtc_ns_high,28440.0,partial,вниз
1786194978795,command_menu,webrtc_ns_high,28480.0,partial,вниз
1786194978795,command_menu,webrtc_ns_high,28520.0,partial,вниз
1786194978795,command_menu,webrtc_ns_high,28560.0,partial,вниз
1786194978795,command_menu,webrtc_ns_high,28600.0,partial,вниз
1786194978795,command_menu,webrtc_ns_high,28640.0,partial,вниз
1786194978795,command_menu,webrtc_ns_high,28680.0,endpoint,вниз
1786194978795,command_menu,webrtc_ns_high,28920.0,partial,печать
1786194978795,command_menu,webrtc_ns_high,28960.0,partial,печать
1786194978795,command_menu,webrtc_ns_high,29000.0,partial,печать
1786194978795,command_menu,webrtc_ns_high,29040.0,partial,печать
1786194978795,command_menu,webrtc_ns_high,29080.0,partial,печать
1786194978795,command_menu,webrtc_ns_high,29120.0,partial,печать
1786194978795,command_menu,webrtc_ns_high,29160.0,partial,печать
1786194978795,command_menu,webrtc_ns_high,29200.0,partial,печать
1786194978795,command_menu,webrtc_ns_high,29240.0,partial,печать
1786194978795,command_menu,webrtc_ns_high,29280.0,partial,печать
1786194978795,command_menu,webrtc_ns_high,29320.0,partial,печать
1786194978795,command_menu,webrtc_ns_high,29360.0,partial,печать
1786194978795,command_menu,webrtc_ns_high,29400.0,partial,печать
1786194978795,command_menu,webrtc_ns_high,29440.0,partial,печать
1786194978795,command_menu,webrtc_ns_high,29480.0,partial,печать
1786194978795,command_menu,webrtc_ns_high,29520.0,partial,печать
1786194978795,command_menu,webrtc_ns_high,29560.0,partial,печать
1786194978795,command_menu,webrtc_ns_high,29600.0,partial,печать
1786194978795,command_menu,webrtc_ns_high,29640.0,partial,печать
1786194978795,command_menu,webrtc_ns_high,29680.0,partial,печать
1786194978795,command_menu,webrtc_ns_high,29720.0,partial,печать
1786194978795,command_menu,webrtc_ns_high,29760.0,partial,печать
1786194978795,command_menu,webrtc_ns_high,29800.0,partial,печать
1786194978795,command_menu,webrtc_ns_high,29840.0,partial,печать
1786194978795,command_menu,webrtc_ns_high,29880.0,partial,печать
1786194978795,command_menu,webrtc_ns_high,29920.0,partial,печать
1786194978795,command_menu,webrtc_ns_high,29960.0,partial,печать
1786194978795,command_menu,webrtc_ns_high,30000.0,partial,печать
1786194978795,command_menu,webrtc_ns_high,30040.0,partial,печать
1786194978795,command_menu,webrtc_ns_high,30080.0,partial,печать
1786194978795,command_menu,webrtc_ns_high,30120.0,endpoint,печать
1786194978795,command_menu,webrtc_ns_high,32520.0,partial,доступность
1786194978795,command_menu,webrtc_ns_high,32560.0,partial,доступность
1786194978795,command_menu,webrtc_ns_high,32600.0,partial,доступность
1786194978795,command_menu,webrtc_ns_high,32640.0,partial,доступность
1786194978795,command_menu,webrtc_ns_high,32680.0,partial,доступность
1786194978795,command_menu,webrtc_ns_high,32720.0,partial,доступность
1786194978795,command_menu,webrtc_ns_high,32760.0,partial,доступность
1786194978795,command_menu,webrtc_ns_high,32800.0,partial,доступность
1786194978795,command_menu,webrtc_ns_high,32840.0,partial,доступность
1786194978795,command_menu,webrtc_ns_high,32880.0,partial,доступность
1786194978795,command_menu,webrtc_ns_high,32920.0,partial,доступность
1786194978795,command_menu,webrtc_ns_high,32960.0,partial,доступность
1786194978795,command_menu,webrtc_ns_high,38040.0,partial,доступность
1786194978795,command_menu,webrtc_ns_high,38080.0,partial,доступность
1786194978795,command_menu,webrtc_ns_high,38120.0,partial,доступность
1786194978795,command_menu,webrtc_ns_high,38160.0,partial,доступность
1786194978795,command_menu,webrtc_ns_high,38200.0,partial,доступность
1786194978795,command_menu,webrtc_ns_high,38240.0,partial,доступность
1786194978795,command_menu,webrtc_ns_high,38280.0,partial,доступность
1786194978795,command_menu,webrtc_ns_high,38320.0,partial,доступность
1786194978795,command_menu,webrtc_ns_high,38360.0,partial,доступность
1786194978795,command_menu,webrtc_ns_high,38400.0,partial,доступность
1786194978795,command_menu,webrtc_ns_high,38440.0,partial,доступность
1786194978795,command_menu,webrtc_ns_high,38480.0,partial,доступность
1786194978795,command_menu,webrtc_ns_high,38520.0,partial,доступность
1786194978795,command_menu,webrtc_ns_high,38560.0,partial,доступность
1786194978795,command_menu,webrtc_ns_high,38600.0,partial,доступность
1786194978795,command_menu,webrtc_ns_high,38640.0,partial,доступность
1786194978795,command_menu,webrtc_ns_high,38680.0,partial,доступность
1786194978795,command_menu,webrtc_ns_high,38720.0,partial,доступность
1786194978795,command_menu,webrtc_ns_high,38760.0,partial,доступность
1786194978795,command_menu,webrtc_ns_high,38800.0,partial,доступность
1786194978795,command_menu,webrtc_ns_high,38840.0,partial,доступность
1786194978795,command_menu,webrtc_ns_high,38880.0,partial,доступность
1786194978795,command_menu,webrtc_ns_high,38920.0,partial,доступность
1786194978795,command_menu,webrtc_ns_high,38960.0,partial,доступность
1786194978795,command_menu,webrtc_ns_high,39000.0,endpoint,доступность
1786194978795,command_menu,webrtc_ns_high,39960.0,partial,доступность
1786194978795,command_menu,webrtc_ns_high,40000.0,partial,доступность
1786194978795,command_menu,webrtc_ns_high,40040.0,partial,доступность
1786194978795,command_menu,webrtc_ns_high,40080.0,partial,доступность
1786194978795,command_menu,webrtc_ns_high,40120.0,partial,доступность
1786194978795,command_menu,webrtc_ns_high,40160.0,partial,доступность
1786194978795,command_menu,webrtc_ns_high,40200.0,partial,доступность
1786194978795,command_menu,webrtc_ns_high,40240.0,partial,доступность
1786194978795,command_menu,webrtc_ns_high,40280.0,partial,доступность
1786194978795,command_menu,webrtc_ns_high,40320.0,partial,доступность
1786194978795,command_menu,webrtc_ns_high,40360.0,partial,доступность
1786194978795,command_menu,webrtc_ns_high,40400.0,partial,доступность
1786194978795,command_menu,webrtc_ns_high,40440.0,partial,доступность
1786194978795,command_menu,webrtc_ns_high,40480.0,partial,доступность
1786194978795,command_menu,webrtc_ns_high,40520.0,partial,доступность
1786194978795,command_menu,webrtc_ns_high,40560.0,partial,доступность
1786194978795,command_menu,webrtc_ns_high,40600.0,partial,доступность
1786194978795,command_menu,webrtc_ns_high,40640.0,partial,доступность
1786194978795,command_menu,webrtc_ns_high,40680.0,partial,доступность
1786194978795,command_menu,webrtc_ns_high,40720.0,partial,доступность
1786194978795,command_menu,webrtc_ns_high,40760.0,partial,доступность
1786194978795,command_menu,webrtc_ns_high,40800.0,partial,доступность
1786194978795,command_menu,webrtc_ns_high,40840.0,partial,доступность
1786194978795,command_menu,webrtc_ns_high,40880.0,partial,доступность
1786194978795,command_menu,webrtc_ns_high,40920.0,endpoint,доступность
1786194978795,command_menu,webrtc_ns_high,41880.0,partial,доступность
1786194978795,command_menu,webrtc_ns_high,41920.0,partial,доступность
1786194978795,command_menu,webrtc_ns_high,41960.0,partial,доступность
1786194978795,command_menu,webrtc_ns_high,42000.0,partial,доступность
1786194978795,command_menu,webrtc_ns_high,42040.0,partial,доступность
1786194978795,command_menu,webrtc_ns_high,42080.0,partial,доступность
1786194978795,command_menu,webrtc_ns_high,44760.0,partial,доступность
1786194978795,command_menu,webrtc_ns_high,44800.0,partial,доступность
1786194978795,command_menu,webrtc_ns_high,44840.0,partial,доступность
1786194978795,command_menu,webrtc_ns_high,44880.0,partial,доступность
1786194978795,command_menu,webrtc_ns_high,44920.0,partial,доступность
1786194978795,command_menu,webrtc_ns_high,44960.0,partial,доступность
1786194978795,command_menu,webrtc_ns_high,45000.0,partial,доступность
1786194978795,command_menu,webrtc_ns_high,45040.0,partial,доступность
1786194978795,command_menu,webrtc_ns_high,45080.0,partial,доступность
1786194978795,command_menu,webrtc_ns_high,45120.0,partial,доступность
1786194978795,command_menu,webrtc_ns_high,45160.0,partial,доступность
1786194978795,command_menu,webrtc_ns_high,45200.0,partial,доступность
1786194978795,command_menu,webrtc_ns_high,48600.0,partial,доступность
1786194978795,command_menu,webrtc_ns_high,48640.0,partial,доступность
1786194978795,command_menu,webrtc_ns_high,48680.0,partial,доступность
1786194978795,command_menu,webrtc_ns_high,48720.0,partial,доступность
1786194978795,command_menu,webrtc_ns_high,48760.0,partial,доступность
1786194978795,command_menu,webrtc_ns_high,48800.0,partial,доступность
1786194978795,command_menu,webrtc_ns_high,48840.0,partial,доступность
1786194978795,command_menu,webrtc_ns_high,48880.0,partial,доступность
1786194978795,command_menu,webrtc_ns_high,48920.0,partial,доступность
1786194978795,command_menu,webrtc_ns_high,48960.0,partial,доступность
1786194978795,command_menu,webrtc_ns_high,49000.0,partial,доступность
1786194978795,command_menu,webrtc_ns_high,49040.0,partial,доступность
1786194978795,command_menu,webrtc_ns_high,49080.0,partial,вниз
1786194978795,command_menu,webrtc_ns_high,49120.0,partial,вниз
1786194978795,command_menu,webrtc_ns_high,49160.0,partial,вниз
1786194978795,command_menu,webrtc_ns_high,49200.0,partial,вниз
1786194978795,command_menu,webrtc_ns_high,49240.0,partial,вниз
1786194978795,command_menu,webrtc_ns_high,49280.0,partial,вниз
1786194978795,command_menu,webrtc_ns_high,49320.0,endpoint,вниз
1786194978795,command_menu,webrtc_ns_high,51720.0,partial,доступность
1786194978795,command_menu,webrtc_ns_high,51760.0,partial,доступность
1786194978795,command_menu,webrtc_ns_high,51800.0,partial,доступность
1786194978795,command_menu,webrtc_ns_high,51840.0,partial,доступность
1786194978795,command_menu,webrtc_ns_high,51880.0,partial,доступность
1786194978795,command_menu,webrtc_ns_high,51920.0,partial,доступность
1786194978795,command_menu,webrtc_ns_high,54360.0,endpoint,вниз
1786194978795,command_menu,webrtc_ns_high,58680.0,partial,доступность
1786194978795,command_menu,webrtc_ns_high,58720.0,partial,доступность
1786194978795,command_menu,webrtc_ns_high,58760.0,partial,доступность
1786194978795,command_menu,webrtc_ns_high,58800.0,partial,доступность
1786194978795,command_menu,webrtc_ns_high,58840.0,partial,доступность
1786194978795,command_menu,webrtc_ns_high,58880.0,partial,доступность
1786194978795,command_menu,webrtc_ns_high,58920.0,partial,доступность
1786194978795,command_menu,webrtc_ns_high,58960.0,partial,доступность
1786194978795,command_menu,webrtc_ns_high,59000.0,partial,доступность
1786194978795,command_menu,webrtc_ns_high,59040.0,partial,доступность
1786194978795,command_menu,webrtc_ns_high,59080.0,partial,доступность
1786194978795,command_menu,webrtc_ns_high,59120.0,partial,доступность
1786194978795,command_menu,webrtc_ns_high,59400.0,endpoint,вниз
1786194978795,command_menu,webrtc_ns_high,61080.0,partial,доступность
1786194978795,command_menu,webrtc_ns_high,61120.0,partial,доступность
1786194978795,command_menu,webrtc_ns_high,61160.0,partial,доступность
1786194978795,command_menu,webrtc_ns_high,61200.0,partial,доступность
1786194978795,command_menu,webrtc_ns_high,61240.0,partial,доступность
1786194978795,command_menu,webrtc_ns_high,61280.0,partial,доступность
1786194978795,command_menu,webrtc_ns_high,63960.0,partial,печать
1786194978795,command_menu,webrtc_ns_high,64000.0,partial,печать
1786194978795,command_menu,webrtc_ns_high,64040.0,partial,печать
1786194978795,command_menu,webrtc_ns_high,64080.0,partial,печать
1786194978795,command_menu,webrtc_ns_high,64120.0,partial,печать
1786194978795,command_menu,webrtc_ns_high,64160.0,partial,печать
1786194978795,command_menu,webrtc_ns_high,85320.0,partial,доступность
1786194978795,command_menu,webrtc_ns_high,85360.0,partial,доступность
1786194978795,command_menu,webrtc_ns_high,85400.0,partial,доступность
1786194978795,command_menu,webrtc_ns_high,85440.0,partial,доступность
1786194978795,command_menu,webrtc_ns_high,85480.0,partial,доступность
1786194978795,command_menu,webrtc_ns_high,85520.0,partial,доступность
1786194978795,command_menu,webrtc_ns_high,85560.0,partial,доступность
1786194978795,command_menu,webrtc_ns_high,85600.0,partial,доступность
1786194978795,command_menu,webrtc_ns_high,85640.0,partial,доступность
1786194978795,command_menu,webrtc_ns_high,85680.0,partial,доступность
1786194978795,command_menu,webrtc_ns_high,85720.0,partial,доступность
1786194978795,command_menu,webrtc_ns_high,85760.0,partial,доступность
1786194978795,command_menu,webrtc_ns_high,85800.0,partial,доступность
1786194978795,command_menu,webrtc_ns_high,85840.0,partial,доступность
1786194978795,command_menu,webrtc_ns_high,85880.0,partial,доступность
1786194978795,command_menu,webrtc_ns_high,85920.0,partial,доступность
1786194978795,command_menu,webrtc_ns_high,85960.0,partial,доступность
1786194978795,command_menu,webrtc_ns_high,86000.0,partial,доступность
1786194978795,command_menu,webrtc_ns_high,86040.0,partial,доступность
1786194978795,command_menu,webrtc_ns_high,86080.0,partial,доступность
1786194978795,command_menu,webrtc_ns_high,86120.0,partial,доступность
1786194978795,command_menu,webrtc_ns_high,86160.0,partial,доступность
1786194978795,command_menu,webrtc_ns_high,86200.0,partial,доступность
1786194978795,command_menu,webrtc_ns_high,86240.0,partial,доступность
1786194978795,command_menu,webrtc_ns_high,86280.0,partial,доступность
1786194978795,command_menu,webrtc_ns_high,86320.0,partial,доступность
1786194978795,command_menu,webrtc_ns_high,86360.0,partial,доступность
1786194978795,command_menu,webrtc_ns_high,86400.0,partial,доступность
1786194978795,command_menu,webrtc_ns_high,86440.0,partial,доступность
1786194978795,command_menu,webrtc_ns_high,86480.0,partial,доступность
1786194978795,command_menu,webrtc_ns_high,86520.0,partial,доступность
1786194978795,command_menu,webrtc_ns_high,86560.0,partial,доступность
1786194978795,command_menu,webrtc_ns_high,86600.0,partial,доступность
1786194978795,command_menu,webrtc_ns_high,86640.0,partial,доступность
1786194978795,command_menu,webrtc_ns_high,86680.0,partial,доступность
1786194978795,command_menu,webrtc_ns_high,86720.0,partial,доступность
1786194978795,command_menu,webrtc_ns_high,86760.0,endpoint,доступность
1786194978795,command_menu,webrtc_ns_high,88680.0,partial,доступность
1786194978795,command_menu,webrtc_ns_high,88720.0,partial,доступность
1786194978795,command_menu,webrtc_ns_high,88760.0,partial,доступность
1786194978795,command_menu,webrtc_ns_high,88800.0,partial,доступность
1786194978795,command_menu,webrtc_ns_high,88840.0,partial,доступность
1786194978795,command_menu,webrtc_ns_high,88880.0,partial,доступность
1786194978795,command_menu,webrtc_ns_high,88920.0,partial,доступность
1786194978795,command_menu,webrtc_ns_high,88960.0,partial,доступность
1786194978795,command_menu,webrtc_ns_high,89000.0,partial,доступность
1786194978795,command_menu,webrtc_ns_high,89040.0,partial,доступность
1786194978795,command_menu,webrtc_ns_high,89080.0,partial,доступность
1786194978795,command_menu,webrtc_ns_high,89120.0,partial,доступность
1786194978795,command_menu,webrtc_ns_high,89160.0,partial,доступность
1786194978795,command_menu,webrtc_ns_high,89200.0,partial,доступность
1786194978795,command_menu,webrtc_ns_high,89240.0,partial,доступность
1786194978795,command_menu,webrtc_ns_high,89280.0,partial,доступность
1786194978795,command_menu,webrtc_ns_high,89320.0,partial,доступность
1786194978795,command_menu,webrtc_ns_high,89360.0,partial,доступность
1786194978795,command_menu,webrtc_ns_high,89400.0,partial,доступность
1786194978795,command_menu,webrtc_ns_high,89440.0,partial,доступность
1786194978795,command_menu,webrtc_ns_high,89480.0,partial,доступность
1786194978795,command_menu,webrtc_ns_high,89520.0,partial,доступность
1786194978795,command_menu,webrtc_ns_high,89560.0,partial,доступность
1786194978795,command_menu,webrtc_ns_high,89600.0,partial,доступность
1786194978795,command_menu,webrtc_ns_high,89640.0,partial,доступность
1786194978795,command_menu,webrtc_ns_high,89680.0,partial,доступность
1786194978795,command_menu,webrtc_ns_high,89720.0,partial,доступность
1786194978795,command_menu,webrtc_ns_high,89760.0,partial,доступность
1786194978795,command_menu,webrtc_ns_high,89800.0,partial,доступность
1786194978795,command_menu,webrtc_ns_high,89840.0,partial,доступность
1786194978795,command_menu,webrtc_ns_high,89880.0,endpoint,доступность
1786194978795,command_menu,webrtc_ns_high,91320.0,partial,доступность
1786194978795,command_menu,webrtc_ns_high,91360.0,partial,доступность
1786194978795,command_menu,webrtc_ns_high,91400.0,partial,доступность
1786194978795,command_menu,webrtc_ns_high,91440.0,partial,доступность
1786194978795,command_menu,webrtc_ns_high,91480.0,partial,доступность
1786194978795,command_menu,webrtc_ns_high,91520.0,partial,доступность
1786194978795,command_menu,webrtc_ns_high,91560.0,partial,доступность
1786194978795,command_menu,webrtc_ns_high,91600.0,partial,доступность
1786194978795,command_menu,webrtc_ns_high,91640.0,partial,доступность
1786194978795,command_menu,webrtc_ns_high,91680.0,partial,доступность
1786194978795,command_menu,webrtc_ns_high,91720.0,partial,доступность
1786194978795,command_menu,webrtc_ns_high,91760.0,partial,доступность
1786194978795,command_menu,webrtc_ns_high,91800.0,partial,доступность
1786194978795,command_menu,webrtc_ns_high,91840.0,partial,доступность
1786194978795,command_menu,webrtc_ns_high,91880.0,partial,доступность
1786194978795,command_menu,webrtc_ns_high,91920.0,partial,доступность
1786194978795,command_menu,webrtc_ns_high,91960.0,partial,доступность
1786194978795,command_menu,webrtc_ns_high,92000.0,partial,доступность
1786194978795,command_menu,webrtc_ns_high,92040.0,partial,доступность
1786194978795,command_menu,webrtc_ns_high,92080.0,partial,доступность
1786194978795,command_menu,webrtc_ns_high,92120.0,partial,доступность
1786194978795,command_menu,webrtc_ns_high,92160.0,partial,доступность
1786194978795,command_menu,webrtc_ns_high,92200.0,partial,доступность
1786194978795,command_menu,webrtc_ns_high,92240.0,partial,доступность
1786194978795,command_menu,webrtc_ns_high,92280.0,partial,доступность
1786194978795,command_menu,webrtc_ns_high,92320.0,partial,доступность
1786194978795,command_menu,webrtc_ns_high,92360.0,partial,доступность
1786194978795,command_menu,webrtc_ns_high,92400.0,partial,доступность
1786194978795,command_menu,webrtc_ns_high,92440.0,partial,доступность
1786194978795,command_menu,webrtc_ns_high,92480.0,partial,доступность
1786194978795,command_menu,webrtc_ns_high,92520.0,partial,доступность
1786194978795,command_menu,webrtc_ns_high,92560.0,partial,доступность
1786194978795,command_menu,webrtc_ns_high,92600.0,partial,доступность
1786194978795,command_menu,webrtc_ns_high,92640.0,partial,доступность
1786194978795,command_menu,webrtc_ns_high,92680.0,partial,доступность
1786194978795,command_menu,webrtc_ns_high,92720.0,partial,доступность
1786194978795,command_menu,webrtc_ns_high,92760.0,endpoint,доступность
1786194978795,command_menu,webrtc_ns_high,94200.0,partial,доступность
1786194978795,command_menu,webrtc_ns_high,94240.0,partial,доступность
1786194978795,command_menu,webrtc_ns_high,94280.0,partial,доступность
1786194978795,command_menu,webrtc_ns_high,94320.0,partial,доступность
1786194978795,command_menu,webrtc_ns_high,94360.0,partial,доступность
1786194978795,command_menu,webrtc_ns_high,94400.0,partial,доступность
1786194978795,command_menu,webrtc_ns_high,94440.0,partial,доступность
1786194978795,command_menu,webrtc_ns_high,94480.0,partial,доступность
1786194978795,command_menu,webrtc_ns_high,94520.0,partial,доступность
1786194978795,command_menu,webrtc_ns_high,94560.0,partial,доступность
1786194978795,command_menu,webrtc_ns_high,94600.0,partial,доступность
1786194978795,command_menu,webrtc_ns_high,94640.0,partial,доступность
1786194978795,command_menu,webrtc_ns_high,94680.0,partial,доступность
1786194978795,command_menu,webrtc_ns_high,94720.0,partial,доступность
1786194978795,command_menu,webrtc_ns_high,94760.0,partial,доступность
1786194978795,command_menu,webrtc_ns_high,94800.0,partial,доступность
1786194978795,command_menu,webrtc_ns_high,94840.0,partial,доступность
1786194978795,command_menu,webrtc_ns_high,94880.0,partial,доступность
1786194978795,command_menu,webrtc_ns_high,94920.0,partial,доступность
1786194978795,command_menu,webrtc_ns_high,94960.0,partial,доступность
1786194978795,command_menu,webrtc_ns_high,95000.0,partial,доступность
1786194978795,command_menu,webrtc_ns_high,95040.0,partial,доступность
1786194978795,command_menu,webrtc_ns_high,95080.0,partial,доступность
1786194978795,command_menu,webrtc_ns_high,95120.0,partial,доступность
1786194978795,command_menu,webrtc_ns_high,95160.0,partial,доступность
1786194978795,command_menu,webrtc_ns_high,95200.0,partial,доступность
1786194978795,command_menu,webrtc_ns_high,95240.0,partial,доступность
1786194978795,command_menu,webrtc_ns_high,95280.0,partial,доступность
1786194978795,command_menu,webrtc_ns_high,95320.0,partial,доступность
1786194978795,command_menu,webrtc_ns_high,95360.0,partial,доступность
1786194978795,command_menu,webrtc_ns_high,95400.0,partial,доступность
1786194978795,command_menu,webrtc_ns_high,95440.0,partial,доступность
1786194978795,command_menu,webrtc_ns_high,95480.0,partial,доступность
1786194978795,command_menu,webrtc_ns_high,95520.0,partial,доступность
1786194978795,command_menu,webrtc_ns_high,95560.0,partial,доступность
1786194978795,command_menu,webrtc_ns_high,95600.0,partial,доступность
1786194978795,command_menu,webrtc_ns_high,95640.0,endpoint,доступность
1786194978795,command_menu,webrtc_ns_high,97560.0,partial,доступность
1786194978795,command_menu,webrtc_ns_high,97600.0,partial,доступность
1786194978795,command_menu,webrtc_ns_high,97640.0,partial,доступность
1786194978795,command_menu,webrtc_ns_high,97680.0,partial,доступность
1786194978795,command_menu,webrtc_ns_high,97720.0,partial,доступность
1786194978795,command_menu,webrtc_ns_high,97760.0,partial,доступность
1786194978795,command_menu,webrtc_ns_high,97800.0,partial,доступность
1786194978795,command_menu,webrtc_ns_high,97840.0,partial,доступность
1786194978795,command_menu,webrtc_ns_high,97880.0,partial,доступность
1786194978795,command_menu,webrtc_ns_high,97920.0,partial,доступность
1786194978795,command_menu,webrtc_ns_high,97960.0,partial,доступность
1786194978795,command_menu,webrtc_ns_high,98000.0,partial,доступность
1786194978795,command_menu,webrtc_ns_high,98040.0,partial,доступность
1786194978795,command_menu,webrtc_ns_high,98080.0,partial,доступность
1786194978795,command_menu,webrtc_ns_high,98120.0,partial,доступность
1786194978795,command_menu,webrtc_ns_high,98160.0,partial,доступность
1786194978795,command_menu,webrtc_ns_high,98200.0,partial,доступность
1786194978795,command_menu,webrtc_ns_high,98240.0,partial,доступность
1786194978795,command_menu,webrtc_ns_high,98280.0,partial,доступность
1786194978795,command_menu,webrtc_ns_high,98320.0,partial,доступность
1786194978795,command_menu,webrtc_ns_high,98360.0,partial,доступность
1786194978795,command_menu,webrtc_ns_high,98400.0,partial,доступность
1786194978795,command_menu,webrtc_ns_high,98440.0,partial,доступность
1786194978795,command_menu,webrtc_ns_high,98480.0,partial,доступность
1786194978795,command_menu,webrtc_ns_high,98520.0,partial,доступность
1786194978795,command_menu,webrtc_ns_high,98560.0,partial,доступность
1786194978795,command_menu,webrtc_ns_high,98600.0,partial,доступность
1786194978795,command_menu,webrtc_ns_high,98640.0,partial,доступность
1786194978795,command_menu,webrtc_ns_high,98680.0,partial,доступность
1786194978795,command_menu,webrtc_ns_high,98720.0,partial,доступность
1786194978795,command_menu,webrtc_ns_high,98760.0,partial,доступность
1786194978795,command_menu,webrtc_ns_high,98800.0,partial,доступность
1786194978795,command_menu,webrtc_ns_high,98840.0,partial,доступность
1786194978795,command_menu,webrtc_ns_high,98880.0,partial,доступность
1786194978795,command_menu,webrtc_ns_high,98920.0,partial,доступность
1786194978795,command_menu,webrtc_ns_high,98960.0,partial,доступность
1786194978795,command_menu,webrtc_ns_high,99000.0,endpoint,доступность
1786194978795,command_menu,webrtc_ns_high,100920.0,partial,доступность
1786194978795,command_menu,webrtc_ns_high,100960.0,partial,доступность
1786194978795,command_menu,webrtc_ns_high,101000.0,partial,доступность
1786194978795,command_menu,webrtc_ns_high,101040.0,partial,доступность
1786194978795,command_menu,webrtc_ns_high,101080.0,partial,доступность
1786194978795,command_menu,webrtc_ns_high,101120.0,partial,доступность
1786194978795,command_menu,webrtc_ns_high,101160.0,partial,доступность
1786194978795,command_menu,webrtc_ns_high,101200.0,partial,доступность
1786194978795,command_menu,webrtc_ns_high,101240.0,partial,доступность
1786194978795,command_menu,webrtc_ns_high,101280.0,partial,доступность
1786194978795,command_menu,webrtc_ns_high,101320.0,partial,доступность
1786194978795,command_menu,webrtc_ns_high,101360.0,partial,доступность
1786194978795,command_menu,webrtc_ns_high,101400.0,partial,доступность
1786194978795,command_menu,webrtc_ns_high,101440.0,partial,доступность
1786194978795,command_menu,webrtc_ns_high,101480.0,partial,доступность
1786194978795,command_menu,webrtc_ns_high,101520.0,partial,доступность
1786194978795,command_menu,webrtc_ns_high,101560.0,partial,доступность
1786194978795,command_menu,webrtc_ns_high,101600.0,partial,доступность
1786194978795,command_menu,webrtc_ns_high,101640.0,partial,доступность
1786194978795,command_menu,webrtc_ns_high,101680.0,partial,доступность
1786194978795,command_menu,webrtc_ns_high,101720.0,partial,доступность
1786194978795,command_menu,webrtc_ns_high,101760.0,partial,доступность
1786194978795,command_menu,webrtc_ns_high,101800.0,partial,доступность
1786194978795,command_menu,webrtc_ns_high,101840.0,partial,доступность
1786194978795,command_menu,webrtc_ns_high,101880.0,partial,доступность
1786194978795,command_menu,webrtc_ns_high,101920.0,partial,доступность
1786194978795,command_menu,webrtc_ns_high,101960.0,partial,доступность
1786194978795,command_menu,webrtc_ns_high,102000.0,partial,доступность
1786194978795,command_menu,webrtc_ns_high,102040.0,partial,доступность
1786194978795,command_menu,webrtc_ns_high,102080.0,partial,доступность
1786194978795,command_menu,webrtc_ns_high,102120.0,endpoint,доступность
1786194978795,command_menu,webrtc_ns_high,105240.0,partial,доступность
1786194978795,command_menu,webrtc_ns_high,105280.0,partial,доступность
1786194978795,command_menu,webrtc_ns_high,105320.0,partial,доступность
1786194978795,command_menu,webrtc_ns_high,105360.0,partial,доступность
1786194978795,command_menu,webrtc_ns_high,105400.0,partial,доступность
1786194978795,command_menu,webrtc_ns_high,105440.0,partial,доступность
1786194978795,command_menu,webrtc_ns_high,105480.0,partial,доступность
1786194978795,command_menu,webrtc_ns_high,105520.0,partial,доступность
1786194978795,command_menu,webrtc_ns_high,105560.0,partial,доступность
1786194978795,command_menu,webrtc_ns_high,105600.0,partial,доступность
1786194978795,command_menu,webrtc_ns_high,105640.0,partial,доступность
1786194978795,command_menu,webrtc_ns_high,105680.0,partial,доступность
1786194978795,command_menu,webrtc_ns_high,105720.0,partial,доступность
1786194978795,command_menu,webrtc_ns_high,105760.0,partial,доступность
1786194978795,command_menu,webrtc_ns_high,105800.0,partial,доступность
1786194978795,command_menu,webrtc_ns_high,105840.0,partial,доступность
1786194978795,command_menu,webrtc_ns_high,105880.0,partial,доступность
1786194978795,command_menu,webrtc_ns_high,105920.0,partial,доступность
1786194978795,command_menu,webrtc_ns_high,105960.0,partial,доступность
1786194978795,command_menu,webrtc_ns_high,106000.0,partial,доступность
1786194978795,command_menu,webrtc_ns_high,106040.0,partial,доступность
1786194978795,command_menu,webrtc_ns_high,106080.0,partial,доступность
1786194978795,command_menu,webrtc_ns_high,106120.0,partial,доступность
1786194978795,command_menu,webrtc_ns_high,106160.0,partial,доступность
1786194978795,command_menu,webrtc_ns_high,106200.0,partial,доступность
1786194978795,command_menu,webrtc_ns_high,106240.0,partial,доступность
1786194978795,command_menu,webrtc_ns_high,106280.0,partial,доступность
1786194978795,command_menu,webrtc_ns_high,106320.0,partial,доступность
1786194978795,command_menu,webrtc_ns_high,106360.0,partial,доступность
1786194978795,command_menu,webrtc_ns_high,106400.0,partial,доступность
1786194978795,command_menu,webrtc_ns_high,106440.0,endpoint,доступность
1786194978795,free_text,webrtc_ns_high,18600.0,endpoint,вниз
1786194978795,free_text,webrtc_ns_high,19320.0,partial,вниз
1786194978795,free_text,webrtc_ns_high,19360.0,partial,вниз
1786194978795,free_text,webrtc_ns_high,19400.0,partial,вниз
1786194978795,free_text,webrtc_ns_high,19440.0,partial,вниз
1786194978795,free_text,webrtc_ns_high,19480.0,partial,вниз
1786194978795,free_text,webrtc_ns_high,19520.0,partial,вниз
1786194978795,free_text,webrtc_ns_high,19560.0,partial,вниз
1786194978795,free_text,webrtc_ns_high,19600.0,partial,вниз
1786194978795,free_text,webrtc_ns_high,19640.0,partial,вниз
1786194978795,free_text,webrtc_ns_high,19680.0,partial,вниз
1786194978795,free_text,webrtc_ns_high,19720.0,partial,вниз
1786194978795,free_text,webrtc_ns_high,19760.0,partial,вниз
1786194978795,free_text,webrtc_ns_high,19800.0,partial,вниз
1786194978795,free_text,webrtc_ns_high,19840.0,partial,вниз
1786194978795,free_text,webrtc_ns_high,19880.0,partial,вниз
1786194978795,free_text,webrtc_ns_high,19920.0,partial,вниз
1786194978795,free_text,webrtc_ns_high,19960.0,partial,вниз
1786194978795,free_text,webrtc_ns_high,20000.0,partial,вниз
1786194978795,free_text,webrtc_ns_high,20040.0,endpoint,вниз
1786194978795,free_text,webrtc_ns_high,20760.0,partial,вниз
1786194978795,free_text,webrtc_ns_high,20800.0,partial,вниз
1786194978795,free_text,webrtc_ns_high,20840.0,partial,вниз
1786194978795,free_text,webrtc_ns_high,20880.0,partial,вниз
1786194978795,free_text,webrtc_ns_high,20920.0,partial,вниз
1786194978795,free_text,webrtc_ns_high,20960.0,partial,вниз
1786194978795,free_text,webrtc_ns_high,21000.0,partial,вниз
1786194978795,free_text,webrtc_ns_high,21040.0,partial,вниз
1786194978795,free_text,webrtc_ns_high,21080.0,partial,вниз
1786194978795,free_text,webrtc_ns_high,21120.0,partial,вниз
1786194978795,free_text,webrtc_ns_high,21160.0,partial,вниз
1786194978795,free_text,webrtc_ns_high,21200.0,partial,вниз
1786194978795,free_text,webrtc_ns_high,21240.0,partial,вниз
1786194978795,free_text,webrtc_ns_high,21280.0,partial,вниз
1786194978795,free_text,webrtc_ns_high,21320.0,partial,вниз
1786194978795,free_text,webrtc_ns_high,21360.0,partial,вниз
1786194978795,free_text,webrtc_ns_high,21400.0,partial,вниз
1786194978795,free_text,webrtc_ns_high,21440.0,partial,вниз
1786194978795,free_text,webrtc_ns_high,21480.0,endpoint,вниз
1786194978795,free_text,webrtc_ns_high,27240.0,endpoint,вверх
1786194978795,free_text,webrtc_ns_high,27960.0,partial,вниз
1786194978795,free_text,webrtc_ns_high,28000.0,partial,вниз
1786194978795,free_text,webrtc_ns_high,28040.0,partial,вниз
1786194978795,free_text,webrtc_ns_high,28080.0,partial,вниз
1786194978795,free_text,webrtc_ns_high,28120.0,partial,вниз
1786194978795,free_text,webrtc_ns_high,28160.0,partial,вниз
1786194978795,free_text,webrtc_ns_high,28200.0,partial,вниз
1786194978795,free_text,webrtc_ns_high,28240.0,partial,вниз
1786194978795,free_text,webrtc_ns_high,28280.0,partial,вниз
1786194978795,free_text,webrtc_ns_high,28320.0,partial,вниз
1786194978795,free_text,webrtc_ns_high,28360.0,partial,вниз
1786194978795,free_text,webrtc_ns_high,28400.0,partial,вниз
1786194978795,free_text,webrtc_ns_high,28440.0,partial,вниз
1786194978795,free_text,webrtc_ns_high,28480.0,partial,вниз
1786194978795,free_text,webrtc_ns_high,28520.0,partial,вниз
1786194978795,free_text,webrtc_ns_high,28560.0,partial,вниз
1786194978795,free_text,webrtc_ns_high,28600.0,partial,вниз
1786194978795,free_text,webrtc_ns_high,28640.0,partial,вниз
1786194978795,free_text,webrtc_ns_high,28680.0,endpoint,вниз
1786194978795,free_text,webrtc_ns_high,29400.0,partial,печать
1786194978795,free_text,webrtc_ns_high,29440.0,partial,печать
1786194978795,free_text,webrtc_ns_high,29480.0,partial,печать
1786194978795,free_text,webrtc_ns_high,29520.0,partial,печать
1786194978795,free_text,webrtc_ns_high,29560.0,partial,печать
1786194978795,free_text,webrtc_ns_high,29600.0,partial,печать
1786194978795,free_text,webrtc_ns_high,29640.0,partial,печать
1786194978795,free_text,webrtc_ns_high,29680.0,partial,печать
1786194978795,free_text,webrtc_ns_high,29720.0,partial,печать
1786194978795,free_text,webrtc_ns_high,29760.0,partial,печать
1786194978795,free_text,webrtc_ns_high,29800.0,partial,печать
1786194978795,free_text,webrtc_ns_high,29840.0,partial,печать
1786194978795,free_text,webrtc_ns_high,29880.0,partial,печать
1786194978795,free_text,webrtc_ns_high,29920.0,partial,печать
1786194978795,free_text,webrtc_ns_high,29960.0,partial,печать
1786194978795,free_text,webrtc_ns_high,30000.0,partial,печать
1786194978795,free_text,webrtc_ns_high,30040.0,partial,печать
1786194978795,free_text,webrtc_ns_high,30080.0,partial,печать
1786194978795,free_text,webrtc_ns_high,30120.0,partial,печать
1786194978795,free_text,webrtc_ns_high,30160.0,partial,печать
1786194978795,free_text,webrtc_ns_high,30200.0,partial,печать
1786194978795,free_text,webrtc_ns_high,30240.0,partial,печать
1786194978795,free_text,webrtc_ns_high,30280.0,partial,печать
1786194978795,free_text,webrtc_ns_high,30320.0,partial,печать
1786194978795,free_text,webrtc_ns_high,30360.0,partial,печать
1786194978795,free_text,webrtc_ns_high,30400.0,partial,печать
1786194978795,free_text,webrtc_ns_high,30440.0,partial,печать
1786194978795,free_text,webrtc_ns_high,30480.0,partial,печать
1786194978795,free_text,webrtc_ns_high,30520.0,partial,печать
1786194978795,free_text,webrtc_ns_high,30560.0,partial,печать
1786194978795,free_text,webrtc_ns_high,30600.0,endpoint,печать
1786194978795,free_text,webrtc_ns_high,33000.0,partial,жёлтый
1786194978795,free_text,webrtc_ns_high,33040.0,partial,жёлтый
1786194978795,free_text,webrtc_ns_high,33080.0,partial,жёлтый
1786194978795,free_text,webrtc_ns_high,33120.0,partial,жёлтый
1786194978795,free_text,webrtc_ns_high,33160.0,partial,жёлтый
1786194978795,free_text,webrtc_ns_high,33200.0,partial,жёлтый
1786194978795,free_text,webrtc_ns_high,33240.0,partial,жёлтый
1786194978795,free_text,webrtc_ns_high,33280.0,partial,жёлтый
1786194978795,free_text,webrtc_ns_high,33320.0,partial,жёлтый
1786194978795,free_text,webrtc_ns_high,33360.0,partial,жёлтый
1786194978795,free_text,webrtc_ns_high,33400.0,partial,жёлтый
1786194978795,free_text,webrtc_ns_high,33440.0,partial,жёлтый
1786194978795,free_text,webrtc_ns_high,33480.0,partial,жёлтый
1786194978795,free_text,webrtc_ns_high,33520.0,partial,жёлтый
1786194978795,free_text,webrtc_ns_high,33560.0,partial,жёлтый
1786194978795,free_text,webrtc_ns_high,33600.0,partial,жёлтый
1786194978795,free_text,webrtc_ns_high,33640.0,partial,жёлтый
1786194978795,free_text,webrtc_ns_high,33680.0,partial,жёлтый
1786194978795,free_text,webrtc_ns_high,33720.0,partial,жёлтый
1786194978795,free_text,webrtc_ns_high,33760.0,partial,жёлтый
1786194978795,free_text,webrtc_ns_high,33800.0,partial,жёлтый
1786194978795,free_text,webrtc_ns_high,33840.0,partial,жёлтый
1786194978795,free_text,webrtc_ns_high,33880.0,partial,жёлтый
1786194978795,free_text,webrtc_ns_high,33920.0,partial,жёлтый
1786194978795,free_text,webrtc_ns_high,33960.0,partial,жёлтый
1786194978795,free_text,webrtc_ns_high,34000.0,partial,жёлтый
1786194978795,free_text,webrtc_ns_high,34040.0,partial,жёлтый
1786194978795,free_text,webrtc_ns_high,34080.0,partial,жёлтый
1786194978795,free_text,webrtc_ns_high,34120.0,partial,жёлтый
1786194978795,free_text,webrtc_ns_high,34160.0,partial,жёлтый
1786194978795,free_text,webrtc_ns_high,34200.0,endpoint,жёлтый
1786194978795,free_text,webrtc_ns_high,35880.0,partial,жёлтые
1786194978795,free_text,webrtc_ns_high,35920.0,partial,жёлтые
1786194978795,free_text,webrtc_ns_high,35960.0,partial,жёлтые
1786194978795,free_text,webrtc_ns_high,36000.0,partial,жёлтые
1786194978795,free_text,webrtc_ns_high,36040.0,partial,жёлтые
1786194978795,free_text,webrtc_ns_high,36080.0,partial,жёлтые
1786194978795,free_text,webrtc_ns_high,36120.0,partial,жёлтые
1786194978795,free_text,webrtc_ns_high,36160.0,partial,жёлтые
1786194978795,free_text,webrtc_ns_high,36200.0,partial,жёлтые
1786194978795,free_text,webrtc_ns_high,36240.0,partial,жёлтые
1786194978795,free_text,webrtc_ns_high,36280.0,partial,жёлтые
1786194978795,free_text,webrtc_ns_high,36320.0,partial,жёлтые
1786194978795,free_text,webrtc_ns_high,36360.0,partial,жёлтые
1786194978795,free_text,webrtc_ns_high,36400.0,partial,жёлтые
1786194978795,free_text,webrtc_ns_high,36440.0,partial,жёлтые
1786194978795,free_text,webrtc_ns_high,36480.0,partial,жёлтые
1786194978795,free_text,webrtc_ns_high,36520.0,partial,жёлтые
1786194978795,free_text,webrtc_ns_high,36560.0,partial,жёлтые
1786194978795,free_text,webrtc_ns_high,36600.0,partial,жёлтые
1786194978795,free_text,webrtc_ns_high,36640.0,partial,жёлтые
1786194978795,free_text,webrtc_ns_high,36680.0,partial,жёлтые
1786194978795,free_text,webrtc_ns_high,36720.0,partial,жёлтые
1786194978795,free_text,webrtc_ns_high,36760.0,partial,жёлтые
1786194978795,free_text,webrtc_ns_high,36800.0,partial,жёлтые
1786194978795,free_text,webrtc_ns_high,36840.0,endpoint,жёлтые я
1786194978795,free_text,webrtc_ns_high,38280.0,partial,жёлтые
1786194978795,free_text,webrtc_ns_high,38320.0,partial,жёлтые
1786194978795,free_text,webrtc_ns_high,38360.0,partial,жёлтые
1786194978795,free_text,webrtc_ns_high,38400.0,partial,жёлтые
1786194978795,free_text,webrtc_ns_high,38440.0,partial,жёлтые
1786194978795,free_text,webrtc_ns_high,38480.0,partial,жёлтые
1786194978795,free_text,webrtc_ns_high,38520.0,partial,жёлтые
1786194978795,free_text,webrtc_ns_high,38560.0,partial,жёлтые
1786194978795,free_text,webrtc_ns_high,38600.0,partial,жёлтые
1786194978795,free_text,webrtc_ns_high,38640.0,partial,жёлтые
1786194978795,free_text,webrtc_ns_high,38680.0,partial,жёлтые
1786194978795,free_text,webrtc_ns_high,38720.0,partial,жёлтые
1786194978795,free_text,webrtc_ns_high,38760.0,partial,жёлтые
1786194978795,free_text,webrtc_ns_high,38800.0,partial,жёлтые
1786194978795,free_text,webrtc_ns_high,38840.0,partial,жёлтые
1786194978795,free_text,webrtc_ns_high,38880.0,partial,жёлтые
1786194978795,free_text,webrtc_ns_high,38920.0,partial,жёлтые
1786194978795,free_text,webrtc_ns_high,38960.0,partial,жёлтые
1786194978795,free_text,webrtc_ns_high,39000.0,partial,жёлтые
1786194978795,free_text,webrtc_ns_high,39040.0,partial,жёлтые
1786194978795,free_text,webrtc_ns_high,39080.0,partial,жёлтые
1786194978795,free_text,webrtc_ns_high,39120.0,partial,жёлтые
1786194978795,free_text,webrtc_ns_high,39160.0,partial,жёлтые
1786194978795,free_text,webrtc_ns_high,39200.0,partial,жёлтые
1786194978795,free_text,webrtc_ns_high,39240.0,partial,жёлтые
1786194978795,free_text,webrtc_ns_high,39280.0,partial,жёлтые
1786194978795,free_text,webrtc_ns_high,39320.0,partial,жёлтые
1786194978795,free_text,webrtc_ns_high,39360.0,partial,жёлтые
1786194978795,free_text,webrtc_ns_high,39400.0,partial,жёлтые
1786194978795,free_text,webrtc_ns_high,39440.0,partial,жёлтые
1786194978795,free_text,webrtc_ns_high,39480.0,endpoint,жёлтые
1786194978795,free_text,webrtc_ns_high,40440.0,partial,жёлтый
1786194978795,free_text,webrtc_ns_high,40480.0,partial,жёлтый
1786194978795,free_text,webrtc_ns_high,40520.0,partial,жёлтый
1786194978795,free_text,webrtc_ns_high,40560.0,partial,жёлтый
1786194978795,free_text,webrtc_ns_high,40600.0,partial,жёлтый
1786194978795,free_text,webrtc_ns_high,40640.0,partial,жёлтый
1786194978795,free_text,webrtc_ns_high,40680.0,partial,жёлтый
1786194978795,free_text,webrtc_ns_high,40720.0,partial,жёлтый
1786194978795,free_text,webrtc_ns_high,40760.0,partial,жёлтый
1786194978795,free_text,webrtc_ns_high,40800.0,partial,жёлтый
1786194978795,free_text,webrtc_ns_high,40840.0,partial,жёлтый
1786194978795,free_text,webrtc_ns_high,40880.0,partial,жёлтый
1786194978795,free_text,webrtc_ns_high,40920.0,partial,жёлтый
1786194978795,free_text,webrtc_ns_high,40960.0,partial,жёлтый
1786194978795,free_text,webrtc_ns_high,41000.0,partial,жёлтый
1786194978795,free_text,webrtc_ns_high,41040.0,partial,жёлтый
1786194978795,free_text,webrtc_ns_high,41080.0,partial,жёлтый
1786194978795,free_text,webrtc_ns_high,41120.0,partial,жёлтый
1786194978795,free_text,webrtc_ns_high,41160.0,partial,жёлтый
1786194978795,free_text,webrtc_ns_high,41200.0,partial,жёлтый
1786194978795,free_text,webrtc_ns_high,41240.0,partial,жёлтый
1786194978795,free_text,webrtc_ns_high,41280.0,partial,жёлтый
1786194978795,free_text,webrtc_ns_high,41320.0,partial,жёлтый
1786194978795,free_text,webrtc_ns_high,41360.0,partial,жёлтый
1786194978795,free_text,webrtc_ns_high,41400.0,endpoint,жёлтый
1786194978795,free_text,webrtc_ns_high,42120.0,partial,жёлтые
1786194978795,free_text,webrtc_ns_high,42160.0,partial,жёлтые
1786194978795,free_text,webrtc_ns_high,42200.0,partial,жёлтые
1786194978795,free_text,webrtc_ns_high,42240.0,partial,жёлтые
1786194978795,free_text,webrtc_ns_high,42280.0,partial,жёлтые
1786194978795,free_text,webrtc_ns_high,42320.0,partial,жёлтые
1786194978795,free_text,webrtc_ns_high,42360.0,partial,жёлтые
1786194978795,free_text,webrtc_ns_high,42400.0,partial,жёлтые
1786194978795,free_text,webrtc_ns_high,42440.0,partial,жёлтые
1786194978795,free_text,webrtc_ns_high,42480.0,partial,жёлтые
1786194978795,free_text,webrtc_ns_high,42520.0,partial,жёлтые
1786194978795,free_text,webrtc_ns_high,42560.0,partial,жёлтые
1786194978795,free_text,webrtc_ns_high,42600.0,partial,жёлтые
1786194978795,free_text,webrtc_ns_high,42640.0,partial,жёлтые
1786194978795,free_text,webrtc_ns_high,42680.0,partial,жёлтые
1786194978795,free_text,webrtc_ns_high,42720.0,partial,жёлтые
1786194978795,free_text,webrtc_ns_high,42760.0,partial,жёлтые
1786194978795,free_text,webrtc_ns_high,42800.0,partial,жёлтые
1786194978795,free_text,webrtc_ns_high,42840.0,partial,жёлтые
1786194978795,free_text,webrtc_ns_high,42880.0,partial,жёлтые
1786194978795,free_text,webrtc_ns_high,42920.0,partial,жёлтые
1786194978795,free_text,webrtc_ns_high,42960.0,partial,жёлтые
1786194978795,free_text,webrtc_ns_high,43000.0,partial,жёлтые
1786194978795,free_text,webrtc_ns_high,43040.0,partial,жёлтые
1786194978795,free_text,webrtc_ns_high,43080.0,partial,жёлтые
1786194978795,free_text,webrtc_ns_high,43120.0,partial,жёлтые
1786194978795,free_text,webrtc_ns_high,43160.0,partial,жёлтые
1786194978795,free_text,webrtc_ns_high,43200.0,partial,жёлтые
1786194978795,free_text,webrtc_ns_high,43240.0,partial,жёлтые
1786194978795,free_text,webrtc_ns_high,43280.0,partial,жёлтые
1786194978795,free_text,webrtc_ns_high,45240.0,partial,жёлтые
1786194978795,free_text,webrtc_ns_high,45280.0,partial,жёлтые
1786194978795,free_text,webrtc_ns_high,45320.0,partial,жёлтые
1786194978795,free_text,webrtc_ns_high,45360.0,partial,жёлтые
1786194978795,free_text,webrtc_ns_high,45400.0,partial,жёлтые
1786194978795,free_text,webrtc_ns_high,45440.0,partial,жёлтые
1786194978795,free_text,webrtc_ns_high,45480.0,partial,жёлтый
1786194978795,free_text,webrtc_ns_high,45520.0,partial,жёлтый
1786194978795,free_text,webrtc_ns_high,45560.0,partial,жёлтый
1786194978795,free_text,webrtc_ns_high,45600.0,partial,жёлтый
1786194978795,free_text,webrtc_ns_high,45640.0,partial,жёлтый
1786194978795,free_text,webrtc_ns_high,45680.0,partial,жёлтый
1786194978795,free_text,webrtc_ns_high,45720.0,partial,жёлтый
1786194978795,free_text,webrtc_ns_high,45760.0,partial,жёлтый
1786194978795,free_text,webrtc_ns_high,45800.0,partial,жёлтый
1786194978795,free_text,webrtc_ns_high,45840.0,partial,жёлтый
1786194978795,free_text,webrtc_ns_high,45880.0,partial,жёлтый
1786194978795,free_text,webrtc_ns_high,45920.0,partial,жёлтый
1786194978795,free_text,webrtc_ns_high,45960.0,partial,жёлтый
1786194978795,free_text,webrtc_ns_high,46000.0,partial,жёлтый
1786194978795,free_text,webrtc_ns_high,46040.0,partial,жёлтый
1786194978795,free_text,webrtc_ns_high,46080.0,partial,жёлтый
1786194978795,free_text,webrtc_ns_high,46120.0,partial,жёлтый
1786194978795,free_text,webrtc_ns_high,46160.0,partial,жёлтый
1786194978795,free_text,webrtc_ns_high,46200.0,partial,жёлтый
1786194978795,free_text,webrtc_ns_high,46240.0,partial,жёлтый
1786194978795,free_text,webrtc_ns_high,46280.0,partial,жёлтый
1786194978795,free_text,webrtc_ns_high,46320.0,partial,жёлтый
1786194978795,free_text,webrtc_ns_high,46360.0,partial,жёлтый
1786194978795,free_text,webrtc_ns_high,46400.0,partial,жёлтый
1786194978795,free_text,webrtc_ns_high,46440.0,endpoint,жёлтый
1786194978795,free_text,webrtc_ns_high,49080.0,partial,жёлтый
1786194978795,free_text,webrtc_ns_high,49120.0,partial,жёлтый
1786194978795,free_text,webrtc_ns_high,49160.0,partial,жёлтый
1786194978795,free_text,webrtc_ns_high,49200.0,partial,жёлтый
1786194978795,free_text,webrtc_ns_high,49240.0,partial,жёлтый
1786194978795,free_text,webrtc_ns_high,49280.0,partial,жёлтый
1786194978795,free_text,webrtc_ns_high,49320.0,partial,жёлтый
1786194978795,free_text,webrtc_ns_high,49360.0,partial,жёлтый
1786194978795,free_text,webrtc_ns_high,49400.0,partial,жёлтый
1786194978795,free_text,webrtc_ns_high,49440.0,partial,жёлтый
1786194978795,free_text,webrtc_ns_high,49480.0,partial,жёлтый
1786194978795,free_text,webrtc_ns_high,49520.0,partial,жёлтый
1786194978795,free_text,webrtc_ns_high,49560.0,partial,жёлтый
1786194978795,free_text,webrtc_ns_high,49600.0,partial,жёлтый
1786194978795,free_text,webrtc_ns_high,49640.0,partial,жёлтый
1786194978795,free_text,webrtc_ns_high,49680.0,partial,жёлтый
1786194978795,free_text,webrtc_ns_high,49720.0,partial,жёлтый
1786194978795,free_text,webrtc_ns_high,49760.0,partial,жёлтый
1786194978795,free_text,webrtc_ns_high,49800.0,partial,жёлтый
1786194978795,free_text,webrtc_ns_high,49840.0,partial,жёлтый
1786194978795,free_text,webrtc_ns_high,49880.0,partial,жёлтый
1786194978795,free_text,webrtc_ns_high,49920.0,partial,жёлтый
1786194978795,free_text,webrtc_ns_high,49960.0,partial,жёлтый
1786194978795,free_text,webrtc_ns_high,50000.0,partial,жёлтый
1786194978795,free_text,webrtc_ns_high,50040.0,endpoint,жёлтый
1786194978795,free_text,webrtc_ns_high,51960.0,partial,жёлтый
1786194978795,free_text,webrtc_ns_high,52000.0,partial,жёлтый
1786194978795,free_text,webrtc_ns_high,52040.0,partial,жёлтый
1786194978795,free_text,webrtc_ns_high,52080.0,partial,жёлтый
1786194978795,free_text,webrtc_ns_high,52120.0,partial,жёлтый
1786194978795,free_text,webrtc_ns_high,52160.0,partial,жёлтый
1786194978795,free_text,webrtc_ns_high,52200.0,partial,жёлтый
1786194978795,free_text,webrtc_ns_high,52240.0,partial,жёлтый
1786194978795,free_text,webrtc_ns_high,52280.0,partial,жёлтый
1786194978795,free_text,webrtc_ns_high,52320.0,partial,жёлтый
1786194978795,free_text,webrtc_ns_high,52360.0,partial,жёлтый
1786194978795,free_text,webrtc_ns_high,52400.0,partial,жёлтый
1786194978795,free_text,webrtc_ns_high,52440.0,partial,жёлтый
1786194978795,free_text,webrtc_ns_high,52480.0,partial,жёлтый
1786194978795,free_text,webrtc_ns_high,52520.0,partial,жёлтый
1786194978795,free_text,webrtc_ns_high,52560.0,partial,жёлтый
1786194978795,free_text,webrtc_ns_high,52600.0,partial,жёлтый
1786194978795,free_text,webrtc_ns_high,52640.0,partial,жёлтый
1786194978795,free_text,webrtc_ns_high,52680.0,partial,жёлтый
1786194978795,free_text,webrtc_ns_high,52720.0,partial,жёлтый
1786194978795,free_text,webrtc_ns_high,52760.0,partial,жёлтый
1786194978795,free_text,webrtc_ns_high,52800.0,partial,жёлтый
1786194978795,free_text,webrtc_ns_high,52840.0,partial,жёлтый
1786194978795,free_text,webrtc_ns_high,52880.0,partial,жёлтый
1786194978795,free_text,webrtc_ns_high,52920.0,partial,жёлтый
1786194978795,free_text,webrtc_ns_high,52960.0,partial,жёлтый
1786194978795,free_text,webrtc_ns_high,53000.0,partial,жёлтый
1786194978795,free_text,webrtc_ns_high,53040.0,partial,жёлтый
1786194978795,free_text,webrtc_ns_high,53080.0,partial,жёлтый
1786194978795,free_text,webrtc_ns_high,53120.0,partial,жёлтый
1786194978795,free_text,webrtc_ns_high,53160.0,endpoint,жёлтый
1786194978795,free_text,webrtc_ns_high,59160.0,partial,жёлтые
1786194978795,free_text,webrtc_ns_high,59200.0,partial,жёлтые
1786194978795,free_text,webrtc_ns_high,59240.0,partial,жёлтые
1786194978795,free_text,webrtc_ns_high,59280.0,partial,жёлтые
1786194978795,free_text,webrtc_ns_high,59320.0,partial,жёлтые
1786194978795,free_text,webrtc_ns_high,59360.0,partial,жёлтые
1786194978795,free_text,webrtc_ns_high,59400.0,partial,жёлтые
1786194978795,free_text,webrtc_ns_high,59440.0,partial,жёлтые
1786194978795,free_text,webrtc_ns_high,59480.0,partial,жёлтые
1786194978795,free_text,webrtc_ns_high,59520.0,partial,жёлтые
1786194978795,free_text,webrtc_ns_high,59560.0,partial,жёлтые
1786194978795,free_text,webrtc_ns_high,59600.0,partial,жёлтые
1786194978795,free_text,webrtc_ns_high,59640.0,partial,жёлтые
1786194978795,free_text,webrtc_ns_high,59680.0,partial,жёлтые
1786194978795,free_text,webrtc_ns_high,59720.0,partial,жёлтые
1786194978795,free_text,webrtc_ns_high,59760.0,partial,жёлтые
1786194978795,free_text,webrtc_ns_high,59800.0,partial,жёлтые
1786194978795,free_text,webrtc_ns_high,59840.0,partial,жёлтые
1786194978795,free_text,webrtc_ns_high,59880.0,partial,жёлтые
1786194978795,free_text,webrtc_ns_high,59920.0,partial,жёлтые
1786194978795,free_text,webrtc_ns_high,59960.0,partial,жёлтые
1786194978795,free_text,webrtc_ns_high,60000.0,partial,жёлтые
1786194978795,free_text,webrtc_ns_high,60040.0,partial,жёлтые
1786194978795,free_text,webrtc_ns_high,60080.0,partial,жёлтые
1786194978795,free_text,webrtc_ns_high,60120.0,endpoint,жёлтый
1786194978795,free_text,webrtc_ns_high,61560.0,partial,жёлтый
1786194978795,free_text,webrtc_ns_high,61600.0,partial,жёлтый
1786194978795,free_text,webrtc_ns_high,61640.0,partial,жёлтый
1786194978795,free_text,webrtc_ns_high,61680.0,partial,жёлтый
1786194978795,free_text,webrtc_ns_high,61720.0,partial,жёлтый
1786194978795,free_text,webrtc_ns_high,61760.0,partial,жёлтый
1786194978795,free_text,webrtc_ns_high,61800.0,partial,жёлтый
1786194978795,free_text,webrtc_ns_high,61840.0,partial,жёлтый
1786194978795,free_text,webrtc_ns_high,61880.0,partial,жёлтый
1786194978795,free_text,webrtc_ns_high,61920.0,partial,жёлтый
1786194978795,free_text,webrtc_ns_high,61960.0,partial,жёлтый
1786194978795,free_text,webrtc_ns_high,62000.0,partial,жёлтый
1786194978795,free_text,webrtc_ns_high,62040.0,partial,жёлтый
1786194978795,free_text,webrtc_ns_high,62080.0,partial,жёлтый
1786194978795,free_text,webrtc_ns_high,62120.0,partial,жёлтый
1786194978795,free_text,webrtc_ns_high,62160.0,partial,жёлтый
1786194978795,free_text,webrtc_ns_high,62200.0,partial,жёлтый
1786194978795,free_text,webrtc_ns_high,62240.0,partial,жёлтый
1786194978795,free_text,webrtc_ns_high,62280.0,partial,жёлтый
1786194978795,free_text,webrtc_ns_high,62320.0,partial,жёлтый
1786194978795,free_text,webrtc_ns_high,62360.0,partial,жёлтый
1786194978795,free_text,webrtc_ns_high,62400.0,partial,жёлтый
1786194978795,free_text,webrtc_ns_high,62440.0,partial,жёлтый
1786194978795,free_text,webrtc_ns_high,62480.0,partial,жёлтый
1786194978795,free_text,webrtc_ns_high,62520.0,endpoint,жёлтый
1786194978795,free_text,webrtc_ns_high,64200.0,partial,белый
1786194978795,free_text,webrtc_ns_high,64240.0,partial,белый
1786194978795,free_text,webrtc_ns_high,64280.0,partial,белый
1786194978795,free_text,webrtc_ns_high,64320.0,partial,белый
1786194978795,free_text,webrtc_ns_high,64360.0,partial,белый
1786194978795,free_text,webrtc_ns_high,64400.0,partial,белый
1786194978795,free_text,webrtc_ns_high,64440.0,partial,белый
1786194978795,free_text,webrtc_ns_high,64480.0,partial,белый
1786194978795,free_text,webrtc_ns_high,64520.0,partial,белый
1786194978795,free_text,webrtc_ns_high,64560.0,partial,белый
1786194978795,free_text,webrtc_ns_high,64600.0,partial,белый
1786194978795,free_text,webrtc_ns_high,64640.0,partial,белый
1786194978795,free_text,webrtc_ns_high,64680.0,partial,белый
1786194978795,free_text,webrtc_ns_high,64720.0,partial,белый
1786194978795,free_text,webrtc_ns_high,64760.0,partial,белый
1786194978795,free_text,webrtc_ns_high,64800.0,partial,белый
1786194978795,free_text,webrtc_ns_high,64840.0,partial,белый
1786194978795,free_text,webrtc_ns_high,64880.0,partial,белый
1786194978795,free_text,webrtc_ns_high,64920.0,partial,белый
1786194978795,free_text,webrtc_ns_high,64960.0,partial,белый
1786194978795,free_text,webrtc_ns_high,65000.0,partial,белый
1786194978795,free_text,webrtc_ns_high,65040.0,partial,белый
1786194978795,free_text,webrtc_ns_high,65080.0,partial,белый
1786194978795,free_text,webrtc_ns_high,65120.0,partial,белый
1786194978795,free_text,webrtc_ns_high,65160.0,partial,белый
1786194978795,free_text,webrtc_ns_high,65200.0,partial,белый
1786194978795,free_text,webrtc_ns_high,65240.0,partial,белый
1786194978795,free_text,webrtc_ns_high,65280.0,partial,белый
1786194978795,free_text,webrtc_ns_high,65320.0,partial,белый
1786194978795,free_text,webrtc_ns_high,65360.0,partial,белый
1786194978795,free_text,webrtc_ns_high,65400.0,endpoint,белый
1786194978795,free_text,webrtc_ns_high,67560.0,partial,жёлтые
1786194978795,free_text,webrtc_ns_high,67600.0,partial,жёлтые
1786194978795,free_text,webrtc_ns_high,67640.0,partial,жёлтые
1786194978795,free_text,webrtc_ns_high,67680.0,partial,жёлтые
1786194978795,free_text,webrtc_ns_high,67720.0,partial,жёлтые
1786194978795,free_text,webrtc_ns_high,67760.0,partial,жёлтые
1786194978795,free_text,webrtc_ns_high,67800.0,partial,жёлтый
1786194978795,free_text,webrtc_ns_high,67840.0,partial,жёлтый
1786194978795,free_text,webrtc_ns_high,67880.0,partial,жёлтый
1786194978795,free_text,webrtc_ns_high,67920.0,partial,жёлтый
1786194978795,free_text,webrtc_ns_high,67960.0,partial,жёлтый
1786194978795,free_text,webrtc_ns_high,68000.0,partial,жёлтый
1786194978795,free_text,webrtc_ns_high,68040.0,partial,жёлтый
1786194978795,free_text,webrtc_ns_high,68080.0,partial,жёлтый
1786194978795,free_text,webrtc_ns_high,68120.0,partial,жёлтый
1786194978795,free_text,webrtc_ns_high,68160.0,partial,жёлтый
1786194978795,free_text,webrtc_ns_high,68200.0,partial,жёлтый
1786194978795,free_text,webrtc_ns_high,68240.0,partial,жёлтый
1786194978795,free_text,webrtc_ns_high,68280.0,partial,жёлтый
1786194978795,free_text,webrtc_ns_high,68320.0,partial,жёлтый
1786194978795,free_text,webrtc_ns_high,68360.0,partial,жёлтый
1786194978795,free_text,webrtc_ns_high,68400.0,partial,жёлтый
1786194978795,free_text,webrtc_ns_high,68440.0,partial,жёлтый
1786194978795,free_text,webrtc_ns_high,68480.0,partial,жёлтый
1786194978795,free_text,webrtc_ns_high,68520.0,partial,жёлтый
1786194978795,free_text,webrtc_ns_high,68560.0,partial,жёлтый
1786194978795,free_text,webrtc_ns_high,68600.0,partial,жёлтый
1786194978795,free_text,webrtc_ns_high,68640.0,partial,жёлтый
1786194978795,free_text,webrtc_ns_high,68680.0,partial,жёлтый
1786194978795,free_text,webrtc_ns_high,68720.0,partial,жёлтый
1786194978795,free_text,webrtc_ns_high,68760.0,endpoint,жёлтый
1786194978795,free_text,webrtc_ns_high,74280.0,partial,назад
1786194978795,free_text,webrtc_ns_high,74320.0,partial,назад
1786194978795,free_text,webrtc_ns_high,74360.0,partial,назад
1786194978795,free_text,webrtc_ns_high,74400.0,partial,назад
1786194978795,free_text,webrtc_ns_high,74440.0,partial,назад
1786194978795,free_text,webrtc_ns_high,74480.0,partial,назад
1786194978795,free_text,webrtc_ns_high,74520.0,partial,назад
1786194978795,free_text,webrtc_ns_high,74560.0,partial,назад
1786194978795,free_text,webrtc_ns_high,74600.0,partial,назад
1786194978795,free_text,webrtc_ns_high,74640.0,partial,назад
1786194978795,free_text,webrtc_ns_high,74680.0,partial,назад
1786194978795,free_text,webrtc_ns_high,74720.0,partial,назад
1786194978795,free_text,webrtc_ns_high,74760.0,partial,назад
1786194978795,free_text,webrtc_ns_high,74800.0,partial,назад
1786194978795,free_text,webrtc_ns_high,74840.0,partial,назад
1786194978795,free_text,webrtc_ns_high,74880.0,partial,назад
1786194978795,free_text,webrtc_ns_high,74920.0,partial,назад
1786194978795,free_text,webrtc_ns_high,74960.0,partial,назад
1786194978795,free_text,webrtc_ns_high,75000.0,endpoint,назад
1786194978795,free_text,webrtc_ns_high,77880.0,partial,назад
1786194978795,free_text,webrtc_ns_high,77920.0,partial,назад
1786194978795,free_text,webrtc_ns_high,77960.0,partial,назад
1786194978795,free_text,webrtc_ns_high,78000.0,partial,назад
1786194978795,free_text,webrtc_ns_high,78040.0,partial,назад
1786194978795,free_text,webrtc_ns_high,78080.0,partial,назад
1786194978795,free_text,webrtc_ns_high,78120.0,partial,назад
1786194978795,free_text,webrtc_ns_high,78160.0,partial,назад
1786194978795,free_text,webrtc_ns_high,78200.0,partial,назад
1786194978795,free_text,webrtc_ns_high,78240.0,partial,назад
1786194978795,free_text,webrtc_ns_high,78280.0,partial,назад
1786194978795,free_text,webrtc_ns_high,78320.0,partial,назад
1786194978795,free_text,webrtc_ns_high,78360.0,endpoint,назад
1786194978795,free_text,webrtc_ns_high,82920.0,partial,назад
1786194978795,free_text,webrtc_ns_high,82960.0,partial,назад
1786194978795,free_text,webrtc_ns_high,83000.0,partial,назад
1786194978795,free_text,webrtc_ns_high,83040.0,partial,назад
1786194978795,free_text,webrtc_ns_high,83080.0,partial,назад
1786194978795,free_text,webrtc_ns_high,83120.0,partial,назад
1786194978795,free_text,webrtc_ns_high,83160.0,partial,назад
1786194978795,free_text,webrtc_ns_high,83200.0,partial,назад
1786194978795,free_text,webrtc_ns_high,83240.0,partial,назад
1786194978795,free_text,webrtc_ns_high,83280.0,partial,назад
1786194978795,free_text,webrtc_ns_high,83320.0,partial,назад
1786194978795,free_text,webrtc_ns_high,83360.0,partial,назад
1786194978795,free_text,webrtc_ns_high,83400.0,endpoint,назад
1786194978795,free_text,webrtc_ns_high,86040.0,partial,доступность
1786194978795,free_text,webrtc_ns_high,86080.0,partial,доступность
1786194978795,free_text,webrtc_ns_high,86120.0,partial,доступность
1786194978795,free_text,webrtc_ns_high,86160.0,partial,доступность
1786194978795,free_text,webrtc_ns_high,86200.0,partial,доступность
1786194978795,free_text,webrtc_ns_high,86240.0,partial,доступность
1786194978795,free_text,webrtc_ns_high,86280.0,partial,доступность
1786194978795,free_text,webrtc_ns_high,86320.0,partial,доступность
1786194978795,free_text,webrtc_ns_high,86360.0,partial,доступность
1786194978795,free_text,webrtc_ns_high,86400.0,partial,доступность
1786194978795,free_text,webrtc_ns_high,86440.0,partial,доступность
1786194978795,free_text,webrtc_ns_high,86480.0,partial,доступность
1786194978795,free_text,webrtc_ns_high,86520.0,partial,доступность
1786194978795,free_text,webrtc_ns_high,86560.0,partial,доступность
1786194978795,free_text,webrtc_ns_high,86600.0,partial,доступность
1786194978795,free_text,webrtc_ns_high,86640.0,partial,доступность
1786194978795,free_text,webrtc_ns_high,86680.0,partial,доступность
1786194978795,free_text,webrtc_ns_high,86720.0,partial,доступность
1786194978795,free_text,webrtc_ns_high,86760.0,partial,доступность
1786194978795,free_text,webrtc_ns_high,86800.0,partial,доступность
1786194978795,free_text,webrtc_ns_high,86840.0,partial,доступность
1786194978795,free_text,webrtc_ns_high,86880.0,partial,доступность
1786194978795,free_text,webrtc_ns_high,86920.0,partial,доступность
1786194978795,free_text,webrtc_ns_high,86960.0,partial,доступность
1786194978795,free_text,webrtc_ns_high,87000.0,partial,доступность
1786194978795,free_text,webrtc_ns_high,87040.0,partial,доступность
1786194978795,free_text,webrtc_ns_high,87080.0,partial,доступность
1786194978795,free_text,webrtc_ns_high,87120.0,partial,доступность
1786194978795,free_text,webrtc_ns_high,87160.0,partial,доступность
1786194978795,free_text,webrtc_ns_high,87200.0,partial,доступность
1786194978795,free_text,webrtc_ns_high,87240.0,endpoint,доступность
1786194978795,free_text,webrtc_ns_high,89400.0,partial,доступность
1786194978795,free_text,webrtc_ns_high,89440.0,partial,доступность
1786194978795,free_text,webrtc_ns_high,89480.0,partial,доступность
1786194978795,free_text,webrtc_ns_high,89520.0,partial,доступность
1786194978795,free_text,webrtc_ns_high,89560.0,partial,доступность
1786194978795,free_text,webrtc_ns_high,89600.0,partial,доступность
1786194978795,free_text,webrtc_ns_high,89640.0,partial,доступность
1786194978795,free_text,webrtc_ns_high,89680.0,partial,доступность
1786194978795,free_text,webrtc_ns_high,89720.0,partial,доступность
1786194978795,free_text,webrtc_ns_high,89760.0,partial,доступность
1786194978795,free_text,webrtc_ns_high,89800.0,partial,доступность
1786194978795,free_text,webrtc_ns_high,89840.0,partial,доступность
1786194978795,free_text,webrtc_ns_high,89880.0,partial,доступность
1786194978795,free_text,webrtc_ns_high,89920.0,partial,доступность
1786194978795,free_text,webrtc_ns_high,89960.0,partial,доступность
1786194978795,free_text,webrtc_ns_high,90000.0,partial,доступность
1786194978795,free_text,webrtc_ns_high,90040.0,partial,доступность
1786194978795,free_text,webrtc_ns_high,90080.0,partial,доступность
1786194978795,free_text,webrtc_ns_high,90120.0,partial,доступность
1786194978795,free_text,webrtc_ns_high,90160.0,partial,доступность
1786194978795,free_text,webrtc_ns_high,90200.0,partial,доступность
1786194978795,free_text,webrtc_ns_high,90240.0,partial,доступность
1786194978795,free_text,webrtc_ns_high,90280.0,partial,доступность
1786194978795,free_text,webrtc_ns_high,90320.0,partial,доступность
1786194978795,free_text,webrtc_ns_high,90360.0,endpoint,доступность
1786194978795,free_text,webrtc_ns_high,92040.0,partial,доступность
1786194978795,free_text,webrtc_ns_high,92080.0,partial,доступность
1786194978795,free_text,webrtc_ns_high,92120.0,partial,доступность
1786194978795,free_text,webrtc_ns_high,92160.0,partial,доступность
1786194978795,free_text,webrtc_ns_high,92200.0,partial,доступность
1786194978795,free_text,webrtc_ns_high,92240.0,partial,доступность
1786194978795,free_text,webrtc_ns_high,92280.0,partial,доступность
1786194978795,free_text,webrtc_ns_high,92320.0,partial,доступность
1786194978795,free_text,webrtc_ns_high,92360.0,partial,доступность
1786194978795,free_text,webrtc_ns_high,92400.0,partial,доступность
1786194978795,free_text,webrtc_ns_high,92440.0,partial,доступность
1786194978795,free_text,webrtc_ns_high,92480.0,partial,доступность
1786194978795,free_text,webrtc_ns_high,92520.0,partial,доступность
1786194978795,free_text,webrtc_ns_high,92560.0,partial,доступность
1786194978795,free_text,webrtc_ns_high,92600.0,partial,доступность
1786194978795,free_text,webrtc_ns_high,92640.0,partial,доступность
1786194978795,free_text,webrtc_ns_high,92680.0,partial,доступность
1786194978795,free_text,webrtc_ns_high,92720.0,partial,доступность
1786194978795,free_text,webrtc_ns_high,92760.0,partial,доступность
1786194978795,free_text,webrtc_ns_high,92800.0,partial,доступность
1786194978795,free_text,webrtc_ns_high,92840.0,partial,доступность
1786194978795,free_text,webrtc_ns_high,92880.0,partial,доступность
1786194978795,free_text,webrtc_ns_high,92920.0,partial,доступность
1786194978795,free_text,webrtc_ns_high,92960.0,partial,доступность
1786194978795,free_text,webrtc_ns_high,93000.0,partial,доступность
1786194978795,free_text,webrtc_ns_high,93040.0,partial,доступность
1786194978795,free_text,webrtc_ns_high,93080.0,partial,доступность
1786194978795,free_text,webrtc_ns_high,93120.0,partial,доступность
1786194978795,free_text,webrtc_ns_high,93160.0,partial,доступность
1786194978795,free_text,webrtc_ns_high,93200.0,partial,доступность
1786194978795,free_text,webrtc_ns_high,93240.0,endpoint,доступность
1786194978795,free_text,webrtc_ns_high,94920.0,partial,доступность
1786194978795,free_text,webrtc_ns_high,94960.0,partial,доступность
1786194978795,free_text,webrtc_ns_high,95000.0,partial,доступность
1786194978795,free_text,webrtc_ns_high,95040.0,partial,доступность
1786194978795,free_text,webrtc_ns_high,95080.0,partial,доступность
1786194978795,free_text,webrtc_ns_high,95120.0,partial,доступность
1786194978795,free_text,webrtc_ns_high,95160.0,partial,доступность
1786194978795,free_text,webrtc_ns_high,95200.0,partial,доступность
1786194978795,free_text,webrtc_ns_high,95240.0,partial,доступность
1786194978795,free_text,webrtc_ns_high,95280.0,partial,доступность
1786194978795,free_text,webrtc_ns_high,95320.0,partial,доступность
1786194978795,free_text,webrtc_ns_high,95360.0,partial,доступность
1786194978795,free_text,webrtc_ns_high,95400.0,partial,доступность
1786194978795,free_text,webrtc_ns_high,95440.0,partial,доступность
1786194978795,free_text,webrtc_ns_high,95480.0,partial,доступность
1786194978795,free_text,webrtc_ns_high,95520.0,partial,доступность
1786194978795,free_text,webrtc_ns_high,95560.0,partial,доступность
1786194978795,free_text,webrtc_ns_high,95600.0,partial,доступность
1786194978795,free_text,webrtc_ns_high,95640.0,partial,доступность
1786194978795,free_text,webrtc_ns_high,95680.0,partial,доступность
1786194978795,free_text,webrtc_ns_high,95720.0,partial,доступность
1786194978795,free_text,webrtc_ns_high,95760.0,partial,доступность
1786194978795,free_text,webrtc_ns_high,95800.0,partial,доступность
1786194978795,free_text,webrtc_ns_high,95840.0,partial,доступность
1786194978795,free_text,webrtc_ns_high,95880.0,partial,доступность
1786194978795,free_text,webrtc_ns_high,95920.0,partial,доступность
1786194978795,free_text,webrtc_ns_high,95960.0,partial,доступность
1786194978795,free_text,webrtc_ns_high,96000.0,partial,доступность
1786194978795,free_text,webrtc_ns_high,96040.0,partial,доступность
1786194978795,free_text,webrtc_ns_high,96080.0,partial,доступность
1786194978795,free_text,webrtc_ns_high,96120.0,endpoint,доступность
1786194978795,free_text,webrtc_ns_high,98280.0,partial,доступность
1786194978795,free_text,webrtc_ns_high,98320.0,partial,доступность
1786194978795,free_text,webrtc_ns_high,98360.0,partial,доступность
1786194978795,free_text,webrtc_ns_high,98400.0,partial,доступность
1786194978795,free_text,webrtc_ns_high,98440.0,partial,доступность
1786194978795,free_text,webrtc_ns_high,98480.0,partial,доступность
1786194978795,free_text,webrtc_ns_high,98520.0,partial,доступность
1786194978795,free_text,webrtc_ns_high,98560.0,partial,доступность
1786194978795,free_text,webrtc_ns_high,98600.0,partial,доступность
1786194978795,free_text,webrtc_ns_high,98640.0,partial,доступность
1786194978795,free_text,webrtc_ns_high,98680.0,partial,доступность
1786194978795,free_text,webrtc_ns_high,98720.0,partial,доступность
1786194978795,free_text,webrtc_ns_high,98760.0,partial,доступность
1786194978795,free_text,webrtc_ns_high,98800.0,partial,доступность
1786194978795,free_text,webrtc_ns_high,98840.0,partial,доступность
1786194978795,free_text,webrtc_ns_high,98880.0,partial,доступность
1786194978795,free_text,webrtc_ns_high,98920.0,partial,доступность
1786194978795,free_text,webrtc_ns_high,98960.0,partial,доступность
1786194978795,free_text,webrtc_ns_high,99000.0,partial,доступность
1786194978795,free_text,webrtc_ns_high,99040.0,partial,доступность
1786194978795,free_text,webrtc_ns_high,99080.0,partial,доступность
1786194978795,free_text,webrtc_ns_high,99120.0,partial,доступность
1786194978795,free_text,webrtc_ns_high,99160.0,partial,доступность
1786194978795,free_text,webrtc_ns_high,99200.0,partial,доступность
1786194978795,free_text,webrtc_ns_high,99240.0,partial,доступность
1786194978795,free_text,webrtc_ns_high,99280.0,partial,доступность
1786194978795,free_text,webrtc_ns_high,99320.0,partial,доступность
1786194978795,free_text,webrtc_ns_high,99360.0,partial,доступность
1786194978795,free_text,webrtc_ns_high,99400.0,partial,доступность
1786194978795,free_text,webrtc_ns_high,99440.0,partial,доступность
1786194978795,free_text,webrtc_ns_high,99480.0,endpoint,доступность
1786194978795,free_text,webrtc_ns_high,101400.0,partial,доступность
1786194978795,free_text,webrtc_ns_high,101440.0,partial,доступность
1786194978795,free_text,webrtc_ns_high,101480.0,partial,доступность
1786194978795,free_text,webrtc_ns_high,101520.0,partial,доступность
1786194978795,free_text,webrtc_ns_high,101560.0,partial,доступность
1786194978795,free_text,webrtc_ns_high,101600.0,partial,доступность
1786194978795,free_text,webrtc_ns_high,101640.0,partial,доступность
1786194978795,free_text,webrtc_ns_high,101680.0,partial,доступность
1786194978795,free_text,webrtc_ns_high,101720.0,partial,доступность
1786194978795,free_text,webrtc_ns_high,101760.0,partial,доступность
1786194978795,free_text,webrtc_ns_high,101800.0,partial,доступность
1786194978795,free_text,webrtc_ns_high,101840.0,partial,доступность
1786194978795,free_text,webrtc_ns_high,101880.0,partial,доступность
1786194978795,free_text,webrtc_ns_high,101920.0,partial,доступность
1786194978795,free_text,webrtc_ns_high,101960.0,partial,доступность
1786194978795,free_text,webrtc_ns_high,102000.0,partial,доступность
1786194978795,free_text,webrtc_ns_high,102040.0,partial,доступность
1786194978795,free_text,webrtc_ns_high,102080.0,partial,доступность
1786194978795,free_text,webrtc_ns_high,102120.0,partial,доступность
1786194978795,free_text,webrtc_ns_high,102160.0,partial,доступность
1786194978795,free_text,webrtc_ns_high,102200.0,partial,доступность
1786194978795,free_text,webrtc_ns_high,102240.0,partial,доступность
1786194978795,free_text,webrtc_ns_high,102280.0,partial,доступность
1786194978795,free_text,webrtc_ns_high,102320.0,partial,доступность
1786194978795,free_text,webrtc_ns_high,102360.0,partial,доступность
1786194978795,free_text,webrtc_ns_high,102400.0,partial,доступность
1786194978795,free_text,webrtc_ns_high,102440.0,partial,доступность
1786194978795,free_text,webrtc_ns_high,102480.0,partial,доступность
1786194978795,free_text,webrtc_ns_high,102520.0,partial,доступность
1786194978795,free_text,webrtc_ns_high,102560.0,partial,доступность
1786194978795,free_text,webrtc_ns_high,102600.0,endpoint,доступность
1786194978795,free_text,webrtc_ns_high,105960.0,partial,доступность
1786194978795,free_text,webrtc_ns_high,106000.0,partial,доступность
1786194978795,free_text,webrtc_ns_high,106040.0,partial,доступность
1786194978795,free_text,webrtc_ns_high,106080.0,partial,доступность
1786194978795,free_text,webrtc_ns_high,106120.0,partial,доступность
1786194978795,free_text,webrtc_ns_high,106160.0,partial,доступность
1786194978795,free_text,webrtc_ns_high,106200.0,partial,доступность
1786194978795,free_text,webrtc_ns_high,106240.0,partial,доступность
1786194978795,free_text,webrtc_ns_high,106280.0,partial,доступность
1786194978795,free_text,webrtc_ns_high,106320.0,partial,доступность
1786194978795,free_text,webrtc_ns_high,106360.0,partial,доступность
1786194978795,free_text,webrtc_ns_high,106400.0,partial,доступность
1786194978795,free_text,webrtc_ns_high,106440.0,partial,доступность
1786194978795,free_text,webrtc_ns_high,106480.0,partial,доступность
1786194978795,free_text,webrtc_ns_high,106520.0,partial,доступность
1786194978795,free_text,webrtc_ns_high,106560.0,partial,доступность
1786194978795,free_text,webrtc_ns_high,106600.0,partial,доступность
1786194978795,free_text,webrtc_ns_high,106640.0,partial,доступность
1786194978795,free_text,webrtc_ns_high,106680.0,partial,доступность
1786194978795,free_text,webrtc_ns_high,106720.0,partial,доступность
1786194978795,free_text,webrtc_ns_high,106760.0,partial,доступность
1786194978795,free_text,webrtc_ns_high,106800.0,partial,доступность
1786194978795,free_text,webrtc_ns_high,106840.0,partial,доступность
1786194978795,free_text,webrtc_ns_high,106880.0,partial,доступность
1786194978795,free_text,webrtc_ns_high,106920.0,partial,доступность
1786194978795,free_text,webrtc_ns_high,106960.0,partial,доступность
1786194978795,free_text,webrtc_ns_high,107000.0,partial,доступность
1786194978795,free_text,webrtc_ns_high,107040.0,partial,доступность
1786194978795,free_text,webrtc_ns_high,107080.0,partial,доступность
1786194978795,free_text,webrtc_ns_high,107120.0,partial,доступность
1786194978795,free_text,webrtc_ns_high,107160.0,endpoint,доступность
1786194978795,free_text,webrtc_ns_high,137400.0,partial,список
1786194978795,free_text,webrtc_ns_high,137440.0,partial,список
1786194978795,free_text,webrtc_ns_high,137480.0,partial,список
1786194978795,free_text,webrtc_ns_high,137520.0,partial,список
1786194978795,free_text,webrtc_ns_high,137560.0,partial,список
1786194978795,free_text,webrtc_ns_high,137600.0,partial,список
1786194978795,free_text,webrtc_ns_high,137640.0,partial,список
1786194978795,free_text,webrtc_ns_high,137680.0,partial,список
1786194978795,free_text,webrtc_ns_high,137720.0,partial,список
1786194978795,free_text,webrtc_ns_high,137760.0,partial,список
1786194978795,free_text,webrtc_ns_high,137800.0,partial,список
1786194978795,free_text,webrtc_ns_high,137840.0,partial,список
1786194978795,free_text,webrtc_ns_high,137880.0,partial,список
1786194978795,free_text,webrtc_ns_high,137920.0,partial,список
1786194978795,free_text,webrtc_ns_high,137960.0,partial,список
1786194978795,free_text,webrtc_ns_high,138000.0,partial,список
1786194978795,free_text,webrtc_ns_high,138040.0,partial,список
1786194978795,free_text,webrtc_ns_high,138080.0,partial,список
1786194978795,free_text,webrtc_ns_high,138120.0,partial,список
1786194978795,free_text,webrtc_ns_high,138160.0,partial,список
1786194978795,free_text,webrtc_ns_high,138200.0,partial,список
1786194978795,free_text,webrtc_ns_high,138240.0,partial,список
1786194978795,free_text,webrtc_ns_high,138280.0,partial,список
1786194978795,free_text,webrtc_ns_high,138320.0,partial,список
1786194978795,free_text,webrtc_ns_high,138360.0,partial,список
1786194978795,free_text,webrtc_ns_high,138400.0,partial,список
1786194978795,free_text,webrtc_ns_high,138440.0,partial,список
1786194978795,free_text,webrtc_ns_high,138480.0,partial,список
1786194978795,free_text,webrtc_ns_high,138520.0,partial,список
1786194978795,free_text,webrtc_ns_high,138560.0,partial,список
1786194978795,free_text,webrtc_ns_high,138600.0,partial,список
1786194978795,free_text,webrtc_ns_high,138640.0,partial,список
1786194978795,free_text,webrtc_ns_high,138680.0,partial,список
1786194978795,free_text,webrtc_ns_high,138720.0,partial,список
1786194978795,free_text,webrtc_ns_high,138760.0,partial,список
1786194978795,free_text,webrtc_ns_high,138800.0,partial,список
1786194978795,free_text,webrtc_ns_high,138840.0,endpoint,список
1786194978795,free_text,webrtc_ns_high,140760.0,partial,молочная
1786194978795,free_text,webrtc_ns_high,140800.0,partial,молочная
1786194978795,free_text,webrtc_ns_high,140840.0,partial,молочная
1786194978795,free_text,webrtc_ns_high,140880.0,partial,молочная
1786194978795,free_text,webrtc_ns_high,140920.0,partial,молочная
1786194978795,free_text,webrtc_ns_high,140960.0,partial,молочная
1786194978795,free_text,webrtc_ns_high,141000.0,partial,молочная
1786194978795,free_text,webrtc_ns_high,141040.0,partial,молочная
1786194978795,free_text,webrtc_ns_high,141080.0,partial,молочная
1786194978795,free_text,webrtc_ns_high,141120.0,partial,молочная
1786194978795,free_text,webrtc_ns_high,141160.0,partial,молочная
1786194978795,free_text,webrtc_ns_high,141200.0,partial,молочная
1786194978795,free_text,webrtc_ns_high,141240.0,partial,молочная
1786194978795,free_text,webrtc_ns_high,141280.0,partial,молочная
1786194978795,free_text,webrtc_ns_high,141320.0,partial,молочная
1786194978795,free_text,webrtc_ns_high,141360.0,partial,молочная
1786194978795,free_text,webrtc_ns_high,141400.0,partial,молочная
1786194978795,free_text,webrtc_ns_high,141440.0,partial,молочная
1786194978795,free_text,webrtc_ns_high,141480.0,partial,молочная
1786194978795,free_text,webrtc_ns_high,141520.0,partial,молочная
1786194978795,free_text,webrtc_ns_high,141560.0,partial,молочная
1786194978795,free_text,webrtc_ns_high,141600.0,partial,молочная
1786194978795,free_text,webrtc_ns_high,141640.0,partial,молочная
1786194978795,free_text,webrtc_ns_high,141680.0,partial,молочная
1786194978795,free_text,webrtc_ns_high,141720.0,partial,молочная
1786194978795,free_text,webrtc_ns_high,141760.0,partial,молочная
1786194978795,free_text,webrtc_ns_high,141800.0,partial,молочная
1786194978795,free_text,webrtc_ns_high,141840.0,partial,молочная
1786194978795,free_text,webrtc_ns_high,141880.0,partial,молочная
1786194978795,free_text,webrtc_ns_high,141920.0,partial,молочная
1786194978795,free_text,webrtc_ns_high,141960.0,endpoint,молочная
1786194978795,free_text,webrtc_ns_high,146760.0,partial,молочная
1786194978795,free_text,webrtc_ns_high,146800.0,partial,молочная
1786194978795,free_text,webrtc_ns_high,146840.0,partial,молочная
1786194978795,free_text,webrtc_ns_high,146880.0,partial,молочная
1786194978795,free_text,webrtc_ns_high,146920.0,partial,молочная
1786194978795,free_text,webrtc_ns_high,146960.0,partial,молочная
1786194978795,free_text,webrtc_ns_high,147000.0,partial,молочная
1786194978795,free_text,webrtc_ns_high,147040.0,partial,молочная
1786194978795,free_text,webrtc_ns_high,147080.0,partial,молочная
1786194978795,free_text,webrtc_ns_high,147120.0,partial,молочная
1786194978795,free_text,webrtc_ns_high,147160.0,partial,молочная
1786194978795,free_text,webrtc_ns_high,147200.0,partial,молочная
1786194978795,free_text,webrtc_ns_high,147240.0,partial,молочная
1786194978795,free_text,webrtc_ns_high,147280.0,partial,молочная
1786194978795,free_text,webrtc_ns_high,147320.0,partial,молочная
1786194978795,free_text,webrtc_ns_high,147360.0,partial,молочная
1786194978795,free_text,webrtc_ns_high,147400.0,partial,молочная
1786194978795,free_text,webrtc_ns_high,147440.0,partial,молочная
1786194978795,free_text,webrtc_ns_high,147480.0,partial,молочная
1786194978795,free_text,webrtc_ns_high,147520.0,partial,молочная
1786194978795,free_text,webrtc_ns_high,147560.0,partial,молочная
1786194978795,free_text,webrtc_ns_high,147600.0,partial,молочная
1786194978795,free_text,webrtc_ns_high,147640.0,partial,молочная
1786194978795,free_text,webrtc_ns_high,147680.0,partial,молочная
1786194978795,free_text,webrtc_ns_high,147720.0,endpoint,молочная
1786194978795,free_text,webrtc_ns_high,153240.0,partial,коровка
1786194978795,free_text,webrtc_ns_high,153280.0,partial,коровка
1786194978795,free_text,webrtc_ns_high,153320.0,partial,коровка
1786194978795,free_text,webrtc_ns_high,153360.0,partial,коровка
1786194978795,free_text,webrtc_ns_high,153400.0,partial,коровка
1786194978795,free_text,webrtc_ns_high,153440.0,partial,коровка
1786194978795,free_text,webrtc_ns_high,153480.0,partial,коровка
1786194978795,free_text,webrtc_ns_high,153520.0,partial,коровка
1786194978795,free_text,webrtc_ns_high,153560.0,partial,коровка
1786194978795,free_text,webrtc_ns_high,153600.0,partial,коровка
1786194978795,free_text,webrtc_ns_high,153640.0,partial,коровка
1786194978795,free_text,webrtc_ns_high,153680.0,partial,коровка
1786194978795,free_text,webrtc_ns_high,153720.0,partial,коровка
1786194978795,free_text,webrtc_ns_high,153760.0,partial,коровка
1786194978795,free_text,webrtc_ns_high,153800.0,partial,коровка
1786194978795,free_text,webrtc_ns_high,153840.0,partial,коровка
1786194978795,free_text,webrtc_ns_high,153880.0,partial,коровка
1786194978795,free_text,webrtc_ns_high,153920.0,partial,коровка
1786194978795,free_text,webrtc_ns_high,153960.0,endpoint,коровка
1786194978795,free_text,webrtc_ns_high,162120.0,partial,но коровка
1786194978795,free_text,webrtc_ns_high,162160.0,partial,но коровка
1786194978795,free_text,webrtc_ns_high,162200.0,partial,но коровка
1786194978795,free_text,webrtc_ns_high,162240.0,partial,но коровка
1786194978795,free_text,webrtc_ns_high,162280.0,partial,но коровка
1786194978795,free_text,webrtc_ns_high,162320.0,partial,но коровка
1786194978795,free_text,webrtc_ns_high,162360.0,partial,но коровка
1786194978795,free_text,webrtc_ns_high,162400.0,partial,но коровка
1786194978795,free_text,webrtc_ns_high,162440.0,partial,но коровка
1786194978795,free_text,webrtc_ns_high,162480.0,partial,но коровка
1786194978795,free_text,webrtc_ns_high,162520.0,partial,но коровка
1786194978795,free_text,webrtc_ns_high,162560.0,partial,но коровка
1786194978795,free_text,webrtc_ns_high,162600.0,partial,но коровка
1786194978795,free_text,webrtc_ns_high,162640.0,partial,но коровка
1786194978795,free_text,webrtc_ns_high,162680.0,partial,но коровка
1786194978795,free_text,webrtc_ns_high,162720.0,partial,но коровка
1786194978795,free_text,webrtc_ns_high,162760.0,partial,но коровка
1786194978795,free_text,webrtc_ns_high,162800.0,partial,но коровка
1786194978795,free_text,webrtc_ns_high,162840.0,endpoint,но коровка
1786194978795,free_text,webrtc_ns_high,166920.0,partial,коровка
1786194978795,free_text,webrtc_ns_high,166960.0,partial,коровка
1786194978795,free_text,webrtc_ns_high,167000.0,partial,коровка
1786194978795,free_text,webrtc_ns_high,167040.0,partial,коровка
1786194978795,free_text,webrtc_ns_high,167080.0,partial,коровка
1786194978795,free_text,webrtc_ns_high,167120.0,partial,коровка
1786194978795,free_text,webrtc_ns_high,167160.0,partial,коровка
1786194978795,free_text,webrtc_ns_high,167200.0,partial,коровка
1786194978795,free_text,webrtc_ns_high,167240.0,partial,коровка
1786194978795,free_text,webrtc_ns_high,167280.0,partial,коровка
1786194978795,free_text,webrtc_ns_high,167320.0,partial,коровка
1786194978795,free_text,webrtc_ns_high,167360.0,partial,коровка
1786194978795,free_text,webrtc_ns_high,167400.0,endpoint,коровка
1786194978795,free_text,webrtc_ns_high,168840.0,partial,коровка
1786194978795,free_text,webrtc_ns_high,168880.0,partial,коровка
1786194978795,free_text,webrtc_ns_high,168920.0,partial,коровка
1786194978795,free_text,webrtc_ns_high,168960.0,partial,коровка
1786194978795,free_text,webrtc_ns_high,169000.0,partial,коровка
1786194978795,free_text,webrtc_ns_high,169040.0,partial,коровка
1786194978795,free_text,webrtc_ns_high,169080.0,partial,коровка
1786194978795,free_text,webrtc_ns_high,169120.0,partial,коровка
1786194978795,free_text,webrtc_ns_high,169160.0,partial,коровка
1786194978795,free_text,webrtc_ns_high,169200.0,partial,коровка
1786194978795,free_text,webrtc_ns_high,169240.0,partial,коровка
1786194978795,free_text,webrtc_ns_high,169280.0,partial,коровка
1786194978795,free_text,webrtc_ns_high,169320.0,partial,коровка
1786194978795,free_text,webrtc_ns_high,169360.0,partial,коровка
1786194978795,free_text,webrtc_ns_high,169400.0,partial,коровка
1786194978795,free_text,webrtc_ns_high,169440.0,partial,коровка
1786194978795,free_text,webrtc_ns_high,169480.0,partial,коровка
1786194978795,free_text,webrtc_ns_high,169520.0,partial,коровка
1786194978795,free_text,webrtc_ns_high,169560.0,endpoint,коровка
1786194978795,command_menu,webrtc_ns_very_high,17880.0,partial,вниз
1786194978795,command_menu,webrtc_ns_very_high,17920.0,partial,вниз
1786194978795,command_menu,webrtc_ns_very_high,17960.0,partial,вниз
1786194978795,command_menu,webrtc_ns_very_high,18000.0,partial,вниз
1786194978795,command_menu,webrtc_ns_very_high,18040.0,partial,вниз
1786194978795,command_menu,webrtc_ns_very_high,18080.0,partial,вниз
1786194978795,command_menu,webrtc_ns_very_high,18120.0,partial,вниз
1786194978795,command_menu,webrtc_ns_very_high,18160.0,partial,вниз
1786194978795,command_menu,webrtc_ns_very_high,18200.0,partial,вниз
1786194978795,command_menu,webrtc_ns_very_high,18240.0,partial,вниз
1786194978795,command_menu,webrtc_ns_very_high,18280.0,partial,вниз
1786194978795,command_menu,webrtc_ns_very_high,18320.0,partial,вниз
1786194978795,command_menu,webrtc_ns_very_high,18360.0,partial,вниз
1786194978795,command_menu,webrtc_ns_very_high,18400.0,partial,вниз
1786194978795,command_menu,webrtc_ns_very_high,18440.0,partial,вниз
1786194978795,command_menu,webrtc_ns_very_high,18480.0,partial,вниз
1786194978795,command_menu,webrtc_ns_very_high,18520.0,partial,вниз
1786194978795,command_menu,webrtc_ns_very_high,18560.0,partial,вниз
1786194978795,command_menu,webrtc_ns_very_high,18600.0,endpoint,вниз
1786194978795,command_menu,webrtc_ns_very_high,19080.0,partial,вниз
1786194978795,command_menu,webrtc_ns_very_high,19120.0,partial,вниз
1786194978795,command_menu,webrtc_ns_very_high,19160.0,partial,вниз
1786194978795,command_menu,webrtc_ns_very_high,19200.0,partial,вниз
1786194978795,command_menu,webrtc_ns_very_high,19240.0,partial,вниз
1786194978795,command_menu,webrtc_ns_very_high,19280.0,partial,вниз
1786194978795,command_menu,webrtc_ns_very_high,19320.0,partial,вниз
1786194978795,command_menu,webrtc_ns_very_high,19360.0,partial,вниз
1786194978795,command_menu,webrtc_ns_very_high,19400.0,partial,вниз
1786194978795,command_menu,webrtc_ns_very_high,19440.0,partial,вниз
1786194978795,command_menu,webrtc_ns_very_high,19480.0,partial,вниз
1786194978795,command_menu,webrtc_ns_very_high,19520.0,partial,вниз
1786194978795,command_menu,webrtc_ns_very_high,19560.0,partial,вниз
1786194978795,command_menu,webrtc_ns_very_high,19600.0,partial,вниз
1786194978795,command_menu,webrtc_ns_very_high,19640.0,partial,вниз
1786194978795,command_menu,webrtc_ns_very_high,19680.0,partial,вниз
1786194978795,command_menu,webrtc_ns_very_high,19720.0,partial,вниз
1786194978795,command_menu,webrtc_ns_very_high,19760.0,partial,вниз
1786194978795,command_menu,webrtc_ns_very_high,19800.0,partial,вниз
1786194978795,command_menu,webrtc_ns_very_high,19840.0,partial,вниз
1786194978795,command_menu,webrtc_ns_very_high,19880.0,partial,вниз
1786194978795,command_menu,webrtc_ns_very_high,19920.0,partial,вниз
1786194978795,command_menu,webrtc_ns_very_high,19960.0,partial,вниз
1786194978795,command_menu,webrtc_ns_very_high,20000.0,partial,вниз
1786194978795,command_menu,webrtc_ns_very_high,20040.0,endpoint,вниз
1786194978795,command_menu,webrtc_ns_very_high,20520.0,partial,вниз
1786194978795,command_menu,webrtc_ns_very_high,20560.0,partial,вниз
1786194978795,command_menu,webrtc_ns_very_high,20600.0,partial,вниз
1786194978795,command_menu,webrtc_ns_very_high,20640.0,partial,вниз
1786194978795,command_menu,webrtc_ns_very_high,20680.0,partial,вниз
1786194978795,command_menu,webrtc_ns_very_high,20720.0,partial,вниз
1786194978795,command_menu,webrtc_ns_very_high,20760.0,partial,вниз
1786194978795,command_menu,webrtc_ns_very_high,20800.0,partial,вниз
1786194978795,command_menu,webrtc_ns_very_high,20840.0,partial,вниз
1786194978795,command_menu,webrtc_ns_very_high,20880.0,partial,вниз
1786194978795,command_menu,webrtc_ns_very_high,20920.0,partial,вниз
1786194978795,command_menu,webrtc_ns_very_high,20960.0,partial,вниз
1786194978795,command_menu,webrtc_ns_very_high,21000.0,partial,вниз
1786194978795,command_menu,webrtc_ns_very_high,21040.0,partial,вниз
1786194978795,command_menu,webrtc_ns_very_high,21080.0,partial,вниз
1786194978795,command_menu,webrtc_ns_very_high,21120.0,partial,вниз
1786194978795,command_menu,webrtc_ns_very_high,21160.0,partial,вниз
1786194978795,command_menu,webrtc_ns_very_high,21200.0,partial,вниз
1786194978795,command_menu,webrtc_ns_very_high,21240.0,partial,вниз
1786194978795,command_menu,webrtc_ns_very_high,21280.0,partial,вниз
1786194978795,command_menu,webrtc_ns_very_high,21320.0,partial,вниз
1786194978795,command_menu,webrtc_ns_very_high,21360.0,partial,вниз
1786194978795,command_menu,webrtc_ns_very_high,21400.0,partial,вниз
1786194978795,command_menu,webrtc_ns_very_high,21440.0,partial,вниз
1786194978795,command_menu,webrtc_ns_very_high,21480.0,endpoint,вниз
1786194978795,command_menu,webrtc_ns_very_high,21960.0,partial,вверх
1786194978795,command_menu,webrtc_ns_very_high,22000.0,partial,вверх
1786194978795,command_menu,webrtc_ns_very_high,22040.0,partial,вверх
1786194978795,command_menu,webrtc_ns_very_high,22080.0,partial,вверх
1786194978795,command_menu,webrtc_ns_very_high,22120.0,partial,вверх
1786194978795,command_menu,webrtc_ns_very_high,22160.0,partial,вверх
1786194978795,command_menu,webrtc_ns_very_high,22200.0,partial,вверх
1786194978795,command_menu,webrtc_ns_very_high,22240.0,partial,вверх
1786194978795,command_menu,webrtc_ns_very_high,22280.0,partial,вверх
1786194978795,command_menu,webrtc_ns_very_high,22320.0,partial,вверх
1786194978795,command_menu,webrtc_ns_very_high,22360.0,partial,вверх
1786194978795,command_menu,webrtc_ns_very_high,22400.0,partial,вверх
1786194978795,command_menu,webrtc_ns_very_high,22440.0,partial,вверх
1786194978795,command_menu,webrtc_ns_very_high,22480.0,partial,вверх
1786194978795,command_menu,webrtc_ns_very_high,22520.0,partial,вверх
1786194978795,command_menu,webrtc_ns_very_high,22560.0,partial,вверх
1786194978795,command_menu,webrtc_ns_very_high,22600.0,partial,вверх
1786194978795,command_menu,webrtc_ns_very_high,22640.0,partial,вверх
1786194978795,command_menu,webrtc_ns_very_high,22680.0,endpoint,вверх
1786194978795,command_menu,webrtc_ns_very_high,22920.0,partial,доступность
1786194978795,command_menu,webrtc_ns_very_high,22960.0,partial,доступность
1786194978795,command_menu,webrtc_ns_very_high,23000.0,partial,доступность
1786194978795,command_menu,webrtc_ns_very_high,23040.0,partial,доступность
1786194978795,command_menu,webrtc_ns_very_high,23080.0,partial,доступность
1786194978795,command_menu,webrtc_ns_very_high,23120.0,partial,доступность
1786194978795,command_menu,webrtc_ns_very_high,23160.0,partial,вверх
1786194978795,command_menu,webrtc_ns_very_high,23200.0,partial,вверх
1786194978795,command_menu,webrtc_ns_very_high,23240.0,partial,вверх
1786194978795,command_menu,webrtc_ns_very_high,23280.0,partial,вверх
1786194978795,command_menu,webrtc_ns_very_high,23320.0,partial,вверх
1786194978795,command_menu,webrtc_ns_very_high,23360.0,partial,вверх
1786194978795,command_menu,webrtc_ns_very_high,23400.0,partial,вверх
1786194978795,command_menu,webrtc_ns_very_high,23440.0,partial,вверх
1786194978795,command_menu,webrtc_ns_very_high,23480.0,partial,вверх
1786194978795,command_menu,webrtc_ns_very_high,23520.0,partial,вверх
1786194978795,command_menu,webrtc_ns_very_high,23560.0,partial,вверх
1786194978795,command_menu,webrtc_ns_very_high,23600.0,partial,вверх
1786194978795,command_menu,webrtc_ns_very_high,23640.0,partial,вверх
1786194978795,command_menu,webrtc_ns_very_high,23680.0,partial,вверх
1786194978795,command_menu,webrtc_ns_very_high,23720.0,partial,вверх
1786194978795,command_menu,webrtc_ns_very_high,23760.0,partial,вверх
1786194978795,command_menu,webrtc_ns_very_high,23800.0,partial,вверх
1786194978795,command_menu,webrtc_ns_very_high,23840.0,partial,вверх
1786194978795,command_menu,webrtc_ns_very_high,23880.0,endpoint,вверх
1786194978795,command_menu,webrtc_ns_very_high,24840.0,partial,вверх
1786194978795,command_menu,webrtc_ns_very_high,24880.0,partial,вверх
1786194978795,command_menu,webrtc_ns_very_high,24920.0,partial,вверх
1786194978795,command_menu,webrtc_ns_very_high,24960.0,partial,вверх
1786194978795,command_menu,webrtc_ns_very_high,25000.0,partial,вверх
1786194978795,command_menu,webrtc_ns_very_high,25040.0,partial,вверх
1786194978795,command_menu,webrtc_ns_very_high,25080.0,partial,вверх
1786194978795,command_menu,webrtc_ns_very_high,25120.0,partial,вверх
1786194978795,command_menu,webrtc_ns_very_high,25160.0,partial,вверх
1786194978795,command_menu,webrtc_ns_very_high,25200.0,partial,вверх
1786194978795,command_menu,webrtc_ns_very_high,25240.0,partial,вверх
1786194978795,command_menu,webrtc_ns_very_high,25280.0,partial,вверх
1786194978795,command_menu,webrtc_ns_very_high,25320.0,partial,вверх
1786194978795,command_menu,webrtc_ns_very_high,25360.0,partial,вверх
1786194978795,command_menu,webrtc_ns_very_high,25400.0,partial,вверх
1786194978795,command_menu,webrtc_ns_very_high,25440.0,partial,вверх
1786194978795,command_menu,webrtc_ns_very_high,25480.0,partial,вверх
1786194978795,command_menu,webrtc_ns_very_high,25520.0,partial,вверх
1786194978795,command_menu,webrtc_ns_very_high,25560.0,endpoint,вверх
1786194978795,command_menu,webrtc_ns_very_high,26520.0,partial,вверх
1786194978795,command_menu,webrtc_ns_very_high,26560.0,partial,вверх
1786194978795,command_menu,webrtc_ns_very_high,26600.0,partial,вверх
1786194978795,command_menu,webrtc_ns_very_high,26640.0,partial,вверх
1786194978795,command_menu,webrtc_ns_very_high,26680.0,partial,вверх
1786194978795,command_menu,webrtc_ns_very_high,26720.0,partial,вверх
1786194978795,command_menu,webrtc_ns_very_high,26760.0,partial,вверх
1786194978795,command_menu,webrtc_ns_very_high,26800.0,partial,вверх
1786194978795,command_menu,webrtc_ns_very_high,26840.0,partial,вверх
1786194978795,command_menu,webrtc_ns_very_high,26880.0,partial,вверх
1786194978795,command_menu,webrtc_ns_very_high,26920.0,partial,вверх
1786194978795,command_menu,webrtc_ns_very_high,26960.0,partial,вверх
1786194978795,command_menu,webrtc_ns_very_high,27000.0,partial,вверх
1786194978795,command_menu,webrtc_ns_very_high,27040.0,partial,вверх
1786194978795,command_menu,webrtc_ns_very_high,27080.0,partial,вверх
1786194978795,command_menu,webrtc_ns_very_high,27120.0,partial,вверх
1786194978795,command_menu,webrtc_ns_very_high,27160.0,partial,вверх
1786194978795,command_menu,webrtc_ns_very_high,27200.0,partial,вверх
1786194978795,command_menu,webrtc_ns_very_high,27240.0,endpoint,вверх
1786194978795,command_menu,webrtc_ns_very_high,27720.0,partial,вниз
1786194978795,command_menu,webrtc_ns_very_high,27760.0,partial,вниз
1786194978795,command_menu,webrtc_ns_very_high,27800.0,partial,вниз
1786194978795,command_menu,webrtc_ns_very_high,27840.0,partial,вниз
1786194978795,command_menu,webrtc_ns_very_high,27880.0,partial,вниз
1786194978795,command_menu,webrtc_ns_very_high,27920.0,partial,вниз
1786194978795,command_menu,webrtc_ns_very_high,27960.0,partial,вниз
1786194978795,command_menu,webrtc_ns_very_high,28000.0,partial,вниз
1786194978795,command_menu,webrtc_ns_very_high,28040.0,partial,вниз
1786194978795,command_menu,webrtc_ns_very_high,28080.0,partial,вниз
1786194978795,command_menu,webrtc_ns_very_high,28120.0,partial,вниз
1786194978795,command_menu,webrtc_ns_very_high,28160.0,partial,вниз
1786194978795,command_menu,webrtc_ns_very_high,28200.0,partial,вниз
1786194978795,command_menu,webrtc_ns_very_high,28240.0,partial,вниз
1786194978795,command_menu,webrtc_ns_very_high,28280.0,partial,вниз
1786194978795,command_menu,webrtc_ns_very_high,28320.0,partial,вниз
1786194978795,command_menu,webrtc_ns_very_high,28360.0,partial,вниз
1786194978795,command_menu,webrtc_ns_very_high,28400.0,partial,вниз
1786194978795,command_menu,webrtc_ns_very_high,28440.0,partial,вниз
1786194978795,command_menu,webrtc_ns_very_high,28480.0,partial,вниз
1786194978795,command_menu,webrtc_ns_very_high,28520.0,partial,вниз
1786194978795,command_menu,webrtc_ns_very_high,28560.0,partial,вниз
1786194978795,command_menu,webrtc_ns_very_high,28600.0,partial,вниз
1786194978795,command_menu,webrtc_ns_very_high,28640.0,partial,вниз
1786194978795,command_menu,webrtc_ns_very_high,28680.0,endpoint,вниз
1786194978795,command_menu,webrtc_ns_very_high,29160.0,partial,печать
1786194978795,command_menu,webrtc_ns_very_high,29200.0,partial,печать
1786194978795,command_menu,webrtc_ns_very_high,29240.0,partial,печать
1786194978795,command_menu,webrtc_ns_very_high,29280.0,partial,печать
1786194978795,command_menu,webrtc_ns_very_high,29320.0,partial,печать
1786194978795,command_menu,webrtc_ns_very_high,29360.0,partial,печать
1786194978795,command_menu,webrtc_ns_very_high,29400.0,partial,печать
1786194978795,command_menu,webrtc_ns_very_high,29440.0,partial,печать
1786194978795,command_menu,webrtc_ns_very_high,29480.0,partial,печать
1786194978795,command_menu,webrtc_ns_very_high,29520.0,partial,печать
1786194978795,command_menu,webrtc_ns_very_high,29560.0,partial,печать
1786194978795,command_menu,webrtc_ns_very_high,29600.0,partial,печать
1786194978795,command_menu,webrtc_ns_very_high,29640.0,partial,печать
1786194978795,command_menu,webrtc_ns_very_high,29680.0,partial,печать
1786194978795,command_menu,webrtc_ns_very_high,29720.0,partial,печать
1786194978795,command_menu,webrtc_ns_very_high,29760.0,partial,печать
1786194978795,command_menu,webrtc_ns_very_high,29800.0,partial,печать
1786194978795,command_menu,webrtc_ns_very_high,29840.0,partial,печать
1786194978795,command_menu,webrtc_ns_very_high,29880.0,partial,печать
1786194978795,command_menu,webrtc_ns_very_high,29920.0,partial,печать
1786194978795,command_menu,webrtc_ns_very_high,29960.0,partial,печать
1786194978795,command_menu,webrtc_ns_very_high,30000.0,partial,печать
1786194978795,command_menu,webrtc_ns_very_high,30040.0,partial,печать
1786194978795,command_menu,webrtc_ns_very_high,30080.0,partial,печать
1786194978795,command_menu,webrtc_ns_very_high,30120.0,endpoint,печать
1786194978795,command_menu,webrtc_ns_very_high,32520.0,partial,доступность
1786194978795,command_menu,webrtc_ns_very_high,32560.0,partial,доступность
1786194978795,command_menu,webrtc_ns_very_high,32600.0,partial,доступность
1786194978795,command_menu,webrtc_ns_very_high,32640.0,partial,доступность
1786194978795,command_menu,webrtc_ns_very_high,32680.0,partial,доступность
1786194978795,command_menu,webrtc_ns_very_high,32720.0,partial,доступность
1786194978795,command_menu,webrtc_ns_very_high,32760.0,partial,доступность
1786194978795,command_menu,webrtc_ns_very_high,32800.0,partial,доступность
1786194978795,command_menu,webrtc_ns_very_high,32840.0,partial,доступность
1786194978795,command_menu,webrtc_ns_very_high,32880.0,partial,доступность
1786194978795,command_menu,webrtc_ns_very_high,32920.0,partial,доступность
1786194978795,command_menu,webrtc_ns_very_high,32960.0,partial,доступность
1786194978795,command_menu,webrtc_ns_very_high,38040.0,partial,доступность
1786194978795,command_menu,webrtc_ns_very_high,38080.0,partial,доступность
1786194978795,command_menu,webrtc_ns_very_high,38120.0,partial,доступность
1786194978795,command_menu,webrtc_ns_very_high,38160.0,partial,доступность
1786194978795,command_menu,webrtc_ns_very_high,38200.0,partial,доступность
1786194978795,command_menu,webrtc_ns_very_high,38240.0,partial,доступность
1786194978795,command_menu,webrtc_ns_very_high,38520.0,partial,доступность
1786194978795,command_menu,webrtc_ns_very_high,38560.0,partial,доступность
1786194978795,command_menu,webrtc_ns_very_high,38600.0,partial,доступность
1786194978795,command_menu,webrtc_ns_very_high,38640.0,partial,доступность
1786194978795,command_menu,webrtc_ns_very_high,38680.0,partial,доступность
1786194978795,command_menu,webrtc_ns_very_high,38720.0,partial,доступность
1786194978795,command_menu,webrtc_ns_very_high,38760.0,partial,доступность
1786194978795,command_menu,webrtc_ns_very_high,38800.0,partial,доступность
1786194978795,command_menu,webrtc_ns_very_high,38840.0,partial,доступность
1786194978795,command_menu,webrtc_ns_very_high,38880.0,partial,доступность
1786194978795,command_menu,webrtc_ns_very_high,38920.0,partial,доступность
1786194978795,command_menu,webrtc_ns_very_high,38960.0,partial,доступность
1786194978795,command_menu,webrtc_ns_very_high,39000.0,endpoint,доступность
1786194978795,command_menu,webrtc_ns_very_high,39960.0,partial,доступность
1786194978795,command_menu,webrtc_ns_very_high,40000.0,partial,доступность
1786194978795,command_menu,webrtc_ns_very_high,40040.0,partial,доступность
1786194978795,command_menu,webrtc_ns_very_high,40080.0,partial,доступность
1786194978795,command_menu,webrtc_ns_very_high,40120.0,partial,доступность
1786194978795,command_menu,webrtc_ns_very_high,40160.0,partial,доступность
1786194978795,command_menu,webrtc_ns_very_high,40200.0,partial,доступность
1786194978795,command_menu,webrtc_ns_very_high,40240.0,partial,доступность
1786194978795,command_menu,webrtc_ns_very_high,40280.0,partial,доступность
1786194978795,command_menu,webrtc_ns_very_high,40320.0,partial,доступность
1786194978795,command_menu,webrtc_ns_very_high,40360.0,partial,доступность
1786194978795,command_menu,webrtc_ns_very_high,40400.0,partial,доступность
1786194978795,command_menu,webrtc_ns_very_high,40440.0,partial,доступность
1786194978795,command_menu,webrtc_ns_very_high,40480.0,partial,доступность
1786194978795,command_menu,webrtc_ns_very_high,40520.0,partial,доступность
1786194978795,command_menu,webrtc_ns_very_high,40560.0,partial,доступность
1786194978795,command_menu,webrtc_ns_very_high,40600.0,partial,доступность
1786194978795,command_menu,webrtc_ns_very_high,40640.0,partial,доступность
1786194978795,command_menu,webrtc_ns_very_high,40680.0,partial,доступность
1786194978795,command_menu,webrtc_ns_very_high,40720.0,partial,доступность
1786194978795,command_menu,webrtc_ns_very_high,40760.0,partial,доступность
1786194978795,command_menu,webrtc_ns_very_high,40800.0,partial,доступность
1786194978795,command_menu,webrtc_ns_very_high,40840.0,partial,доступность
1786194978795,command_menu,webrtc_ns_very_high,40880.0,partial,доступность
1786194978795,command_menu,webrtc_ns_very_high,40920.0,endpoint,доступность
1786194978795,command_menu,webrtc_ns_very_high,41880.0,partial,вверх
1786194978795,command_menu,webrtc_ns_very_high,41920.0,partial,вверх
1786194978795,command_menu,webrtc_ns_very_high,41960.0,partial,вверх
1786194978795,command_menu,webrtc_ns_very_high,42000.0,partial,вверх
1786194978795,command_menu,webrtc_ns_very_high,42040.0,partial,вверх
1786194978795,command_menu,webrtc_ns_very_high,42080.0,partial,вверх
1786194978795,command_menu,webrtc_ns_very_high,44760.0,partial,доступность
1786194978795,command_menu,webrtc_ns_very_high,44800.0,partial,доступность
1786194978795,command_menu,webrtc_ns_very_high,44840.0,partial,доступность
1786194978795,command_menu,webrtc_ns_very_high,44880.0,partial,доступность
1786194978795,command_menu,webrtc_ns_very_high,44920.0,partial,доступность
1786194978795,command_menu,webrtc_ns_very_high,44960.0,partial,доступность
1786194978795,command_menu,webrtc_ns_very_high,45000.0,partial,доступность
1786194978795,command_menu,webrtc_ns_very_high,45040.0,partial,доступность
1786194978795,command_menu,webrtc_ns_very_high,45080.0,partial,доступность
1786194978795,command_menu,webrtc_ns_very_high,45120.0,partial,доступность
1786194978795,command_menu,webrtc_ns_very_high,45160.0,partial,доступность
1786194978795,command_menu,webrtc_ns_very_high,45200.0,partial,доступность
1786194978795,command_menu,webrtc_ns_very_high,45960.0,endpoint,вверх
1786194978795,command_menu,webrtc_ns_very_high,48360.0,partial,доступность
1786194978795,command_menu,webrtc_ns_very_high,48400.0,partial,доступность
1786194978795,command_menu,webrtc_ns_very_high,48440.0,partial,доступность
1786194978795,command_menu,webrtc_ns_very_high,48480.0,partial,доступность
1786194978795,command_menu,webrtc_ns_very_high,48520.0,partial,доступность
1786194978795,command_menu,webrtc_ns_very_high,48560.0,partial,доступность
1786194978795,command_menu,webrtc_ns_very_high,48600.0,partial,доступность
1786194978795,command_menu,webrtc_ns_very_high,48640.0,partial,доступность
1786194978795,command_menu,webrtc_ns_very_high,48680.0,partial,доступность
1786194978795,command_menu,webrtc_ns_very_high,48720.0,partial,доступность
1786194978795,command_menu,webrtc_ns_very_high,48760.0,partial,доступность
1786194978795,command_menu,webrtc_ns_very_high,48800.0,partial,доступность
1786194978795,command_menu,webrtc_ns_very_high,48840.0,partial,доступность
1786194978795,command_menu,webrtc_ns_very_high,48880.0,partial,доступность
1786194978795,command_menu,webrtc_ns_very_high,48920.0,partial,доступность
1786194978795,command_menu,webrtc_ns_very_high,48960.0,partial,доступность
1786194978795,command_menu,webrtc_ns_very_high,49000.0,partial,доступность
1786194978795,command_menu,webrtc_ns_very_high,49040.0,partial,доступность
1786194978795,command_menu,webrtc_ns_very_high,49080.0,partial,вниз
1786194978795,command_menu,webrtc_ns_very_high,49120.0,partial,вниз
1786194978795,command_menu,webrtc_ns_very_high,49160.0,partial,вниз
1786194978795,command_menu,webrtc_ns_very_high,49200.0,partial,вниз
1786194978795,command_menu,webrtc_ns_very_high,49240.0,partial,вниз
1786194978795,command_menu,webrtc_ns_very_high,49280.0,partial,вниз
1786194978795,command_menu,webrtc_ns_very_high,49320.0,endpoint,вниз
1786194978795,command_menu,webrtc_ns_very_high,51720.0,partial,доступность
1786194978795,command_menu,webrtc_ns_very_high,51760.0,partial,доступность
1786194978795,command_menu,webrtc_ns_very_high,51800.0,partial,доступность
1786194978795,command_menu,webrtc_ns_very_high,51840.0,partial,доступность
1786194978795,command_menu,webrtc_ns_very_high,51880.0,partial,доступность
1786194978795,command_menu,webrtc_ns_very_high,51920.0,partial,доступность
1786194978795,command_menu,webrtc_ns_very_high,54360.0,endpoint,вниз
1786194978795,command_menu,webrtc_ns_very_high,58680.0,partial,доступность
1786194978795,command_menu,webrtc_ns_very_high,58720.0,partial,доступность
1786194978795,command_menu,webrtc_ns_very_high,58760.0,partial,доступность
1786194978795,command_menu,webrtc_ns_very_high,58800.0,partial,доступность
1786194978795,command_menu,webrtc_ns_very_high,58840.0,partial,доступность
1786194978795,command_menu,webrtc_ns_very_high,58880.0,partial,доступность
1786194978795,command_menu,webrtc_ns_very_high,58920.0,partial,доступность
1786194978795,command_menu,webrtc_ns_very_high,58960.0,partial,доступность
1786194978795,command_menu,webrtc_ns_very_high,59000.0,partial,доступность
1786194978795,command_menu,webrtc_ns_very_high,59040.0,partial,доступность
1786194978795,command_menu,webrtc_ns_very_high,59080.0,partial,доступность
1786194978795,command_menu,webrtc_ns_very_high,59120.0,partial,доступность
1786194978795,command_menu,webrtc_ns_very_high,59160.0,endpoint,вниз
1786194978795,command_menu,webrtc_ns_very_high,60840.0,partial,доступность
1786194978795,command_menu,webrtc_ns_very_high,60880.0,partial,доступность
1786194978795,command_menu,webrtc_ns_very_high,60920.0,partial,доступность
1786194978795,command_menu,webrtc_ns_very_high,60960.0,partial,доступность
1786194978795,command_menu,webrtc_ns_very_high,61000.0,partial,доступность
1786194978795,command_menu,webrtc_ns_very_high,61040.0,partial,доступность
1786194978795,command_menu,webrtc_ns_very_high,61080.0,partial,доступность
1786194978795,command_menu,webrtc_ns_very_high,61120.0,partial,доступность
1786194978795,command_menu,webrtc_ns_very_high,61160.0,partial,доступность
1786194978795,command_menu,webrtc_ns_very_high,61200.0,partial,доступность
1786194978795,command_menu,webrtc_ns_very_high,61240.0,partial,доступность
1786194978795,command_menu,webrtc_ns_very_high,61280.0,partial,доступность
1786194978795,command_menu,webrtc_ns_very_high,63960.0,partial,печать
1786194978795,command_menu,webrtc_ns_very_high,64000.0,partial,печать
1786194978795,command_menu,webrtc_ns_very_high,64040.0,partial,печать
1786194978795,command_menu,webrtc_ns_very_high,64080.0,partial,печать
1786194978795,command_menu,webrtc_ns_very_high,64120.0,partial,печать
1786194978795,command_menu,webrtc_ns_very_high,64160.0,partial,печать
1786194978795,command_menu,webrtc_ns_very_high,85320.0,partial,доступность
1786194978795,command_menu,webrtc_ns_very_high,85360.0,partial,доступность
1786194978795,command_menu,webrtc_ns_very_high,85400.0,partial,доступность
1786194978795,command_menu,webrtc_ns_very_high,85440.0,partial,доступность
1786194978795,command_menu,webrtc_ns_very_high,85480.0,partial,доступность
1786194978795,command_menu,webrtc_ns_very_high,85520.0,partial,доступность
1786194978795,command_menu,webrtc_ns_very_high,85560.0,partial,доступность
1786194978795,command_menu,webrtc_ns_very_high,85600.0,partial,доступность
1786194978795,command_menu,webrtc_ns_very_high,85640.0,partial,доступность
1786194978795,command_menu,webrtc_ns_very_high,85680.0,partial,доступность
1786194978795,command_menu,webrtc_ns_very_high,85720.0,partial,доступность
1786194978795,command_menu,webrtc_ns_very_high,85760.0,partial,доступность
1786194978795,command_menu,webrtc_ns_very_high,85800.0,partial,доступность
1786194978795,command_menu,webrtc_ns_very_high,85840.0,partial,доступность
1786194978795,command_menu,webrtc_ns_very_high,85880.0,partial,доступность
1786194978795,command_menu,webrtc_ns_very_high,85920.0,partial,доступность
1786194978795,command_menu,webrtc_ns_very_high,85960.0,partial,доступность
1786194978795,command_menu,webrtc_ns_very_high,86000.0,partial,доступность
1786194978795,command_menu,webrtc_ns_very_high,86040.0,partial,доступность
1786194978795,command_menu,webrtc_ns_very_high,86080.0,partial,доступность
1786194978795,command_menu,webrtc_ns_very_high,86120.0,partial,доступность
1786194978795,command_menu,webrtc_ns_very_high,86160.0,partial,доступность
1786194978795,command_menu,webrtc_ns_very_high,86200.0,partial,доступность
1786194978795,command_menu,webrtc_ns_very_high,86240.0,partial,доступность
1786194978795,command_menu,webrtc_ns_very_high,86280.0,partial,доступность
1786194978795,command_menu,webrtc_ns_very_high,86320.0,partial,доступность
1786194978795,command_menu,webrtc_ns_very_high,86360.0,partial,доступность
1786194978795,command_menu,webrtc_ns_very_high,86400.0,partial,доступность
1786194978795,command_menu,webrtc_ns_very_high,86440.0,partial,доступность
1786194978795,command_menu,webrtc_ns_very_high,86480.0,partial,доступность
1786194978795,command_menu,webrtc_ns_very_high,86520.0,partial,доступность
1786194978795,command_menu,webrtc_ns_very_high,86560.0,partial,доступность
1786194978795,command_menu,webrtc_ns_very_high,86600.0,partial,доступность
1786194978795,command_menu,webrtc_ns_very_high,86640.0,partial,доступность
1786194978795,command_menu,webrtc_ns_very_high,86680.0,partial,доступность
1786194978795,command_menu,webrtc_ns_very_high,86720.0,partial,доступность
1786194978795,command_menu,webrtc_ns_very_high,86760.0,endpoint,доступность
1786194978795,command_menu,webrtc_ns_very_high,88680.0,partial,доступность
1786194978795,command_menu,webrtc_ns_very_high,88720.0,partial,доступность
1786194978795,command_menu,webrtc_ns_very_high,88760.0,partial,доступность
1786194978795,command_menu,webrtc_ns_very_high,88800.0,partial,доступность
1786194978795,command_menu,webrtc_ns_very_high,88840.0,partial,доступность
1786194978795,command_menu,webrtc_ns_very_high,88880.0,partial,доступность
1786194978795,command_menu,webrtc_ns_very_high,88920.0,partial,доступность
1786194978795,command_menu,webrtc_ns_very_high,88960.0,partial,доступность
1786194978795,command_menu,webrtc_ns_very_high,89000.0,partial,доступность
1786194978795,command_menu,webrtc_ns_very_high,89040.0,partial,доступность
1786194978795,command_menu,webrtc_ns_very_high,89080.0,partial,доступность
1786194978795,command_menu,webrtc_ns_very_high,89120.0,partial,доступность
1786194978795,command_menu,webrtc_ns_very_high,89160.0,partial,доступность
1786194978795,command_menu,webrtc_ns_very_high,89200.0,partial,доступность
1786194978795,command_menu,webrtc_ns_very_high,89240.0,partial,доступность
1786194978795,command_menu,webrtc_ns_very_high,89280.0,partial,доступность
1786194978795,command_menu,webrtc_ns_very_high,89320.0,partial,доступность
1786194978795,command_menu,webrtc_ns_very_high,89360.0,partial,доступность
1786194978795,command_menu,webrtc_ns_very_high,89400.0,partial,доступность
1786194978795,command_menu,webrtc_ns_very_high,89440.0,partial,доступность
1786194978795,command_menu,webrtc_ns_very_high,89480.0,partial,доступность
1786194978795,command_menu,webrtc_ns_very_high,89520.0,partial,доступность
1786194978795,command_menu,webrtc_ns_very_high,89560.0,partial,доступность
1786194978795,command_menu,webrtc_ns_very_high,89600.0,partial,доступность
1786194978795,command_menu,webrtc_ns_very_high,89640.0,partial,доступность
1786194978795,command_menu,webrtc_ns_very_high,89680.0,partial,доступность
1786194978795,command_menu,webrtc_ns_very_high,89720.0,partial,доступность
1786194978795,command_menu,webrtc_ns_very_high,89760.0,partial,доступность
1786194978795,command_menu,webrtc_ns_very_high,89800.0,partial,доступность
1786194978795,command_menu,webrtc_ns_very_high,89840.0,partial,доступность
1786194978795,command_menu,webrtc_ns_very_high,89880.0,endpoint,доступность
1786194978795,command_menu,webrtc_ns_very_high,91320.0,partial,доступность
1786194978795,command_menu,webrtc_ns_very_high,91360.0,partial,доступность
1786194978795,command_menu,webrtc_ns_very_high,91400.0,partial,доступность
1786194978795,command_menu,webrtc_ns_very_high,91440.0,partial,доступность
1786194978795,command_menu,webrtc_ns_very_high,91480.0,partial,доступность
1786194978795,command_menu,webrtc_ns_very_high,91520.0,partial,доступность
1786194978795,command_menu,webrtc_ns_very_high,91560.0,partial,доступность
1786194978795,command_menu,webrtc_ns_very_high,91600.0,partial,доступность
1786194978795,command_menu,webrtc_ns_very_high,91640.0,partial,доступность
1786194978795,command_menu,webrtc_ns_very_high,91680.0,partial,доступность
1786194978795,command_menu,webrtc_ns_very_high,91720.0,partial,доступность
1786194978795,command_menu,webrtc_ns_very_high,91760.0,partial,доступность
1786194978795,command_menu,webrtc_ns_very_high,91800.0,partial,доступность
1786194978795,command_menu,webrtc_ns_very_high,91840.0,partial,доступность
1786194978795,command_menu,webrtc_ns_very_high,91880.0,partial,доступность
1786194978795,command_menu,webrtc_ns_very_high,91920.0,partial,доступность
1786194978795,command_menu,webrtc_ns_very_high,91960.0,partial,доступность
1786194978795,command_menu,webrtc_ns_very_high,92000.0,partial,доступность
1786194978795,command_menu,webrtc_ns_very_high,92040.0,partial,доступность
1786194978795,command_menu,webrtc_ns_very_high,92080.0,partial,доступность
1786194978795,command_menu,webrtc_ns_very_high,92120.0,partial,доступность
1786194978795,command_menu,webrtc_ns_very_high,92160.0,partial,доступность
1786194978795,command_menu,webrtc_ns_very_high,92200.0,partial,доступность
1786194978795,command_menu,webrtc_ns_very_high,92240.0,partial,доступность
1786194978795,command_menu,webrtc_ns_very_high,92280.0,partial,доступность
1786194978795,command_menu,webrtc_ns_very_high,92320.0,partial,доступность
1786194978795,command_menu,webrtc_ns_very_high,92360.0,partial,доступность
1786194978795,command_menu,webrtc_ns_very_high,92400.0,partial,доступность
1786194978795,command_menu,webrtc_ns_very_high,92440.0,partial,доступность
1786194978795,command_menu,webrtc_ns_very_high,92480.0,partial,доступность
1786194978795,command_menu,webrtc_ns_very_high,92520.0,partial,доступность
1786194978795,command_menu,webrtc_ns_very_high,92560.0,partial,доступность
1786194978795,command_menu,webrtc_ns_very_high,92600.0,partial,доступность
1786194978795,command_menu,webrtc_ns_very_high,92640.0,partial,доступность
1786194978795,command_menu,webrtc_ns_very_high,92680.0,partial,доступность
1786194978795,command_menu,webrtc_ns_very_high,92720.0,partial,доступность
1786194978795,command_menu,webrtc_ns_very_high,92760.0,endpoint,доступность
1786194978795,command_menu,webrtc_ns_very_high,94200.0,partial,доступность
1786194978795,command_menu,webrtc_ns_very_high,94240.0,partial,доступность
1786194978795,command_menu,webrtc_ns_very_high,94280.0,partial,доступность
1786194978795,command_menu,webrtc_ns_very_high,94320.0,partial,доступность
1786194978795,command_menu,webrtc_ns_very_high,94360.0,partial,доступность
1786194978795,command_menu,webrtc_ns_very_high,94400.0,partial,доступность
1786194978795,command_menu,webrtc_ns_very_high,94440.0,partial,доступность
1786194978795,command_menu,webrtc_ns_very_high,94480.0,partial,доступность
1786194978795,command_menu,webrtc_ns_very_high,94520.0,partial,доступность
1786194978795,command_menu,webrtc_ns_very_high,94560.0,partial,доступность
1786194978795,command_menu,webrtc_ns_very_high,94600.0,partial,доступность
1786194978795,command_menu,webrtc_ns_very_high,94640.0,partial,доступность
1786194978795,command_menu,webrtc_ns_very_high,94680.0,partial,доступность
1786194978795,command_menu,webrtc_ns_very_high,94720.0,partial,доступность
1786194978795,command_menu,webrtc_ns_very_high,94760.0,partial,доступность
1786194978795,command_menu,webrtc_ns_very_high,94800.0,partial,доступность
1786194978795,command_menu,webrtc_ns_very_high,94840.0,partial,доступность
1786194978795,command_menu,webrtc_ns_very_high,94880.0,partial,доступность
1786194978795,command_menu,webrtc_ns_very_high,94920.0,partial,доступность
1786194978795,command_menu,webrtc_ns_very_high,94960.0,partial,доступность
1786194978795,command_menu,webrtc_ns_very_high,95000.0,partial,доступность
1786194978795,command_menu,webrtc_ns_very_high,95040.0,partial,доступность
1786194978795,command_menu,webrtc_ns_very_high,95080.0,partial,доступность
1786194978795,command_menu,webrtc_ns_very_high,95120.0,partial,доступность
1786194978795,command_menu,webrtc_ns_very_high,95160.0,partial,доступность
1786194978795,command_menu,webrtc_ns_very_high,95200.0,partial,доступность
1786194978795,command_menu,webrtc_ns_very_high,95240.0,partial,доступность
1786194978795,command_menu,webrtc_ns_very_high,95280.0,partial,доступность
1786194978795,command_menu,webrtc_ns_very_high,95320.0,partial,доступность
1786194978795,command_menu,webrtc_ns_very_high,95360.0,partial,доступность
1786194978795,command_menu,webrtc_ns_very_high,95400.0,partial,доступность
1786194978795,command_menu,webrtc_ns_very_high,95440.0,partial,доступность
1786194978795,command_menu,webrtc_ns_very_high,95480.0,partial,доступность
1786194978795,command_menu,webrtc_ns_very_high,95520.0,partial,доступность
1786194978795,command_menu,webrtc_ns_very_high,95560.0,partial,доступность
1786194978795,command_menu,webrtc_ns_very_high,95600.0,partial,доступность
1786194978795,command_menu,webrtc_ns_very_high,95640.0,endpoint,доступность
1786194978795,command_menu,webrtc_ns_very_high,97560.0,partial,доступность
1786194978795,command_menu,webrtc_ns_very_high,97600.0,partial,доступность
1786194978795,command_menu,webrtc_ns_very_high,97640.0,partial,доступность
1786194978795,command_menu,webrtc_ns_very_high,97680.0,partial,доступность
1786194978795,command_menu,webrtc_ns_very_high,97720.0,partial,доступность
1786194978795,command_menu,webrtc_ns_very_high,97760.0,partial,доступность
1786194978795,command_menu,webrtc_ns_very_high,97800.0,partial,доступность
1786194978795,command_menu,webrtc_ns_very_high,97840.0,partial,доступность
1786194978795,command_menu,webrtc_ns_very_high,97880.0,partial,доступность
1786194978795,command_menu,webrtc_ns_very_high,97920.0,partial,доступность
1786194978795,command_menu,webrtc_ns_very_high,97960.0,partial,доступность
1786194978795,command_menu,webrtc_ns_very_high,98000.0,partial,доступность
1786194978795,command_menu,webrtc_ns_very_high,98040.0,partial,доступность
1786194978795,command_menu,webrtc_ns_very_high,98080.0,partial,доступность
1786194978795,command_menu,webrtc_ns_very_high,98120.0,partial,доступность
1786194978795,command_menu,webrtc_ns_very_high,98160.0,partial,доступность
1786194978795,command_menu,webrtc_ns_very_high,98200.0,partial,доступность
1786194978795,command_menu,webrtc_ns_very_high,98240.0,partial,доступность
1786194978795,command_menu,webrtc_ns_very_high,98280.0,partial,доступность
1786194978795,command_menu,webrtc_ns_very_high,98320.0,partial,доступность
1786194978795,command_menu,webrtc_ns_very_high,98360.0,partial,доступность
1786194978795,command_menu,webrtc_ns_very_high,98400.0,partial,доступность
1786194978795,command_menu,webrtc_ns_very_high,98440.0,partial,доступность
1786194978795,command_menu,webrtc_ns_very_high,98480.0,partial,доступность
1786194978795,command_menu,webrtc_ns_very_high,98520.0,partial,доступность
1786194978795,command_menu,webrtc_ns_very_high,98560.0,partial,доступность
1786194978795,command_menu,webrtc_ns_very_high,98600.0,partial,доступность
1786194978795,command_menu,webrtc_ns_very_high,98640.0,partial,доступность
1786194978795,command_menu,webrtc_ns_very_high,98680.0,partial,доступность
1786194978795,command_menu,webrtc_ns_very_high,98720.0,partial,доступность
1786194978795,command_menu,webrtc_ns_very_high,98760.0,partial,доступность
1786194978795,command_menu,webrtc_ns_very_high,98800.0,partial,доступность
1786194978795,command_menu,webrtc_ns_very_high,98840.0,partial,доступность
1786194978795,command_menu,webrtc_ns_very_high,98880.0,partial,доступность
1786194978795,command_menu,webrtc_ns_very_high,98920.0,partial,доступность
1786194978795,command_menu,webrtc_ns_very_high,98960.0,partial,доступность
1786194978795,command_menu,webrtc_ns_very_high,99000.0,endpoint,доступность
1786194978795,command_menu,webrtc_ns_very_high,100920.0,partial,доступность
1786194978795,command_menu,webrtc_ns_very_high,100960.0,partial,доступность
1786194978795,command_menu,webrtc_ns_very_high,101000.0,partial,доступность
1786194978795,command_menu,webrtc_ns_very_high,101040.0,partial,доступность
1786194978795,command_menu,webrtc_ns_very_high,101080.0,partial,доступность
1786194978795,command_menu,webrtc_ns_very_high,101120.0,partial,доступность
1786194978795,command_menu,webrtc_ns_very_high,101160.0,partial,доступность
1786194978795,command_menu,webrtc_ns_very_high,101200.0,partial,доступность
1786194978795,command_menu,webrtc_ns_very_high,101240.0,partial,доступность
1786194978795,command_menu,webrtc_ns_very_high,101280.0,partial,доступность
1786194978795,command_menu,webrtc_ns_very_high,101320.0,partial,доступность
1786194978795,command_menu,webrtc_ns_very_high,101360.0,partial,доступность
1786194978795,command_menu,webrtc_ns_very_high,101400.0,partial,доступность
1786194978795,command_menu,webrtc_ns_very_high,101440.0,partial,доступность
1786194978795,command_menu,webrtc_ns_very_high,101480.0,partial,доступность
1786194978795,command_menu,webrtc_ns_very_high,101520.0,partial,доступность
1786194978795,command_menu,webrtc_ns_very_high,101560.0,partial,доступность
1786194978795,command_menu,webrtc_ns_very_high,101600.0,partial,доступность
1786194978795,command_menu,webrtc_ns_very_high,101640.0,partial,доступность
1786194978795,command_menu,webrtc_ns_very_high,101680.0,partial,доступность
1786194978795,command_menu,webrtc_ns_very_high,101720.0,partial,доступность
1786194978795,command_menu,webrtc_ns_very_high,101760.0,partial,доступность
1786194978795,command_menu,webrtc_ns_very_high,101800.0,partial,доступность
1786194978795,command_menu,webrtc_ns_very_high,101840.0,partial,доступность
1786194978795,command_menu,webrtc_ns_very_high,101880.0,partial,доступность
1786194978795,command_menu,webrtc_ns_very_high,101920.0,partial,доступность
1786194978795,command_menu,webrtc_ns_very_high,101960.0,partial,доступность
1786194978795,command_menu,webrtc_ns_very_high,102000.0,partial,доступность
1786194978795,command_menu,webrtc_ns_very_high,102040.0,partial,доступность
1786194978795,command_menu,webrtc_ns_very_high,102080.0,partial,доступность
1786194978795,command_menu,webrtc_ns_very_high,102120.0,endpoint,доступность
1786194978795,command_menu,webrtc_ns_very_high,105240.0,partial,доступность
1786194978795,command_menu,webrtc_ns_very_high,105280.0,partial,доступность
1786194978795,command_menu,webrtc_ns_very_high,105320.0,partial,доступность
1786194978795,command_menu,webrtc_ns_very_high,105360.0,partial,доступность
1786194978795,command_menu,webrtc_ns_very_high,105400.0,partial,доступность
1786194978795,command_menu,webrtc_ns_very_high,105440.0,partial,доступность
1786194978795,command_menu,webrtc_ns_very_high,105480.0,partial,доступность
1786194978795,command_menu,webrtc_ns_very_high,105520.0,partial,доступность
1786194978795,command_menu,webrtc_ns_very_high,105560.0,partial,доступность
1786194978795,command_menu,webrtc_ns_very_high,105600.0,partial,доступность
1786194978795,command_menu,webrtc_ns_very_high,105640.0,partial,доступность
1786194978795,command_menu,webrtc_ns_very_high,105680.0,partial,доступность
1786194978795,command_menu,webrtc_ns_very_high,105720.0,partial,доступность
1786194978795,command_menu,webrtc_ns_very_high,105760.0,partial,доступность
1786194978795,command_menu,webrtc_ns_very_high,105800.0,partial,доступность
1786194978795,command_menu,webrtc_ns_very_high,105840.0,partial,доступность
1786194978795,command_menu,webrtc_ns_very_high,105880.0,partial,доступность
1786194978795,command_menu,webrtc_ns_very_high,105920.0,partial,доступность
1786194978795,command_menu,webrtc_ns_very_high,105960.0,partial,доступность
1786194978795,command_menu,webrtc_ns_very_high,106000.0,partial,доступность
1786194978795,command_menu,webrtc_ns_very_high,106040.0,partial,доступность
1786194978795,command_menu,webrtc_ns_very_high,106080.0,partial,доступность
1786194978795,command_menu,webrtc_ns_very_high,106120.0,partial,доступность
1786194978795,command_menu,webrtc_ns_very_high,106160.0,partial,доступность
1786194978795,command_menu,webrtc_ns_very_high,106200.0,partial,доступность
1786194978795,command_menu,webrtc_ns_very_high,106240.0,partial,доступность
1786194978795,command_menu,webrtc_ns_very_high,106280.0,partial,доступность
1786194978795,command_menu,webrtc_ns_very_high,106320.0,partial,доступность
1786194978795,command_menu,webrtc_ns_very_high,106360.0,partial,доступность
1786194978795,command_menu,webrtc_ns_very_high,106400.0,partial,доступность
1786194978795,command_menu,webrtc_ns_very_high,106440.0,endpoint,доступность
1786194978795,command_menu,webrtc_ns_very_high,168600.0,partial,доступность
1786194978795,command_menu,webrtc_ns_very_high,168640.0,partial,доступность
1786194978795,command_menu,webrtc_ns_very_high,168680.0,partial,доступность
1786194978795,command_menu,webrtc_ns_very_high,168720.0,partial,доступность
1786194978795,command_menu,webrtc_ns_very_high,168760.0,partial,доступность
1786194978795,command_menu,webrtc_ns_very_high,168800.0,partial,доступность
1786194978795,free_text,webrtc_ns_very_high,18600.0,endpoint,вниз
1786194978795,free_text,webrtc_ns_very_high,19320.0,partial,вниз
1786194978795,free_text,webrtc_ns_very_high,19360.0,partial,вниз
1786194978795,free_text,webrtc_ns_very_high,19400.0,partial,вниз
1786194978795,free_text,webrtc_ns_very_high,19440.0,partial,вниз
1786194978795,free_text,webrtc_ns_very_high,19480.0,partial,вниз
1786194978795,free_text,webrtc_ns_very_high,19520.0,partial,вниз
1786194978795,free_text,webrtc_ns_very_high,19560.0,partial,вниз
1786194978795,free_text,webrtc_ns_very_high,19600.0,partial,вниз
1786194978795,free_text,webrtc_ns_very_high,19640.0,partial,вниз
1786194978795,free_text,webrtc_ns_very_high,19680.0,partial,вниз
1786194978795,free_text,webrtc_ns_very_high,19720.0,partial,вниз
1786194978795,free_text,webrtc_ns_very_high,19760.0,partial,вниз
1786194978795,free_text,webrtc_ns_very_high,19800.0,partial,вниз
1786194978795,free_text,webrtc_ns_very_high,19840.0,partial,вниз
1786194978795,free_text,webrtc_ns_very_high,19880.0,partial,вниз
1786194978795,free_text,webrtc_ns_very_high,19920.0,partial,вниз
1786194978795,free_text,webrtc_ns_very_high,19960.0,partial,вниз
1786194978795,free_text,webrtc_ns_very_high,20000.0,partial,вниз
1786194978795,free_text,webrtc_ns_very_high,20040.0,endpoint,вниз
1786194978795,free_text,webrtc_ns_very_high,20760.0,partial,вниз
1786194978795,free_text,webrtc_ns_very_high,20800.0,partial,вниз
1786194978795,free_text,webrtc_ns_very_high,20840.0,partial,вниз
1786194978795,free_text,webrtc_ns_very_high,20880.0,partial,вниз
1786194978795,free_text,webrtc_ns_very_high,20920.0,partial,вниз
1786194978795,free_text,webrtc_ns_very_high,20960.0,partial,вниз
1786194978795,free_text,webrtc_ns_very_high,21000.0,partial,вниз
1786194978795,free_text,webrtc_ns_very_high,21040.0,partial,вниз
1786194978795,free_text,webrtc_ns_very_high,21080.0,partial,вниз
1786194978795,free_text,webrtc_ns_very_high,21120.0,partial,вниз
1786194978795,free_text,webrtc_ns_very_high,21160.0,partial,вниз
1786194978795,free_text,webrtc_ns_very_high,21200.0,partial,вниз
1786194978795,free_text,webrtc_ns_very_high,21240.0,partial,вниз
1786194978795,free_text,webrtc_ns_very_high,21280.0,partial,вниз
1786194978795,free_text,webrtc_ns_very_high,21320.0,partial,вниз
1786194978795,free_text,webrtc_ns_very_high,21360.0,partial,вниз
1786194978795,free_text,webrtc_ns_very_high,21400.0,partial,вниз
1786194978795,free_text,webrtc_ns_very_high,21440.0,partial,вниз
1786194978795,free_text,webrtc_ns_very_high,21480.0,endpoint,вниз
1786194978795,free_text,webrtc_ns_very_high,26760.0,partial,вверх
1786194978795,free_text,webrtc_ns_very_high,26800.0,partial,вверх
1786194978795,free_text,webrtc_ns_very_high,26840.0,partial,вверх
1786194978795,free_text,webrtc_ns_very_high,26880.0,partial,вверх
1786194978795,free_text,webrtc_ns_very_high,26920.0,partial,вверх
1786194978795,free_text,webrtc_ns_very_high,26960.0,partial,вверх
1786194978795,free_text,webrtc_ns_very_high,27000.0,partial,вверх
1786194978795,free_text,webrtc_ns_very_high,27040.0,partial,вверх
1786194978795,free_text,webrtc_ns_very_high,27080.0,partial,вверх
1786194978795,free_text,webrtc_ns_very_high,27120.0,partial,вверх
1786194978795,free_text,webrtc_ns_very_high,27160.0,partial,вверх
1786194978795,free_text,webrtc_ns_very_high,27200.0,partial,вверх
1786194978795,free_text,webrtc_ns_very_high,27240.0,endpoint,вверх
1786194978795,free_text,webrtc_ns_very_high,27960.0,partial,вниз
1786194978795,free_text,webrtc_ns_very_high,28000.0,partial,вниз
1786194978795,free_text,webrtc_ns_very_high,28040.0,partial,вниз
1786194978795,free_text,webrtc_ns_very_high,28080.0,partial,вниз
1786194978795,free_text,webrtc_ns_very_high,28120.0,partial,вниз
1786194978795,free_text,webrtc_ns_very_high,28160.0,partial,вниз
1786194978795,free_text,webrtc_ns_very_high,28200.0,partial,вниз
1786194978795,free_text,webrtc_ns_very_high,28240.0,partial,вниз
1786194978795,free_text,webrtc_ns_very_high,28280.0,partial,вниз
1786194978795,free_text,webrtc_ns_very_high,28320.0,partial,вниз
1786194978795,free_text,webrtc_ns_very_high,28360.0,partial,вниз
1786194978795,free_text,webrtc_ns_very_high,28400.0,partial,вниз
1786194978795,free_text,webrtc_ns_very_high,28440.0,partial,вниз
1786194978795,free_text,webrtc_ns_very_high,28480.0,partial,вниз
1786194978795,free_text,webrtc_ns_very_high,28520.0,partial,вниз
1786194978795,free_text,webrtc_ns_very_high,28560.0,partial,вниз
1786194978795,free_text,webrtc_ns_very_high,28600.0,partial,вниз
1786194978795,free_text,webrtc_ns_very_high,28640.0,partial,вниз
1786194978795,free_text,webrtc_ns_very_high,28680.0,endpoint,вниз
1786194978795,free_text,webrtc_ns_very_high,29400.0,partial,печать
1786194978795,free_text,webrtc_ns_very_high,29440.0,partial,печать
1786194978795,free_text,webrtc_ns_very_high,29480.0,partial,печать
1786194978795,free_text,webrtc_ns_very_high,29520.0,partial,печать
1786194978795,free_text,webrtc_ns_very_high,29560.0,partial,печать
1786194978795,free_text,webrtc_ns_very_high,29600.0,partial,печать
1786194978795,free_text,webrtc_ns_very_high,29640.0,partial,печать
1786194978795,free_text,webrtc_ns_very_high,29680.0,partial,печать
1786194978795,free_text,webrtc_ns_very_high,29720.0,partial,печать
1786194978795,free_text,webrtc_ns_very_high,29760.0,partial,печать
1786194978795,free_text,webrtc_ns_very_high,29800.0,partial,печать
1786194978795,free_text,webrtc_ns_very_high,29840.0,partial,печать
1786194978795,free_text,webrtc_ns_very_high,29880.0,partial,печать
1786194978795,free_text,webrtc_ns_very_high,29920.0,partial,печать
1786194978795,free_text,webrtc_ns_very_high,29960.0,partial,печать
1786194978795,free_text,webrtc_ns_very_high,30000.0,partial,печать
1786194978795,free_text,webrtc_ns_very_high,30040.0,partial,печать
1786194978795,free_text,webrtc_ns_very_high,30080.0,partial,печать
1786194978795,free_text,webrtc_ns_very_high,30120.0,partial,печать
1786194978795,free_text,webrtc_ns_very_high,30160.0,partial,печать
1786194978795,free_text,webrtc_ns_very_high,30200.0,partial,печать
1786194978795,free_text,webrtc_ns_very_high,30240.0,partial,печать
1786194978795,free_text,webrtc_ns_very_high,30280.0,partial,печать
1786194978795,free_text,webrtc_ns_very_high,30320.0,partial,печать
1786194978795,free_text,webrtc_ns_very_high,30360.0,partial,печать
1786194978795,free_text,webrtc_ns_very_high,30400.0,partial,печать
1786194978795,free_text,webrtc_ns_very_high,30440.0,partial,печать
1786194978795,free_text,webrtc_ns_very_high,30480.0,partial,печать
1786194978795,free_text,webrtc_ns_very_high,30520.0,partial,печать
1786194978795,free_text,webrtc_ns_very_high,30560.0,partial,печать
1786194978795,free_text,webrtc_ns_very_high,30600.0,endpoint,печать
1786194978795,free_text,webrtc_ns_very_high,33000.0,partial,жёлтый
1786194978795,free_text,webrtc_ns_very_high,33040.0,partial,жёлтый
1786194978795,free_text,webrtc_ns_very_high,33080.0,partial,жёлтый
1786194978795,free_text,webrtc_ns_very_high,33120.0,partial,жёлтый
1786194978795,free_text,webrtc_ns_very_high,33160.0,partial,жёлтый
1786194978795,free_text,webrtc_ns_very_high,33200.0,partial,жёлтый
1786194978795,free_text,webrtc_ns_very_high,33240.0,partial,жёлтый
1786194978795,free_text,webrtc_ns_very_high,33280.0,partial,жёлтый
1786194978795,free_text,webrtc_ns_very_high,33320.0,partial,жёлтый
1786194978795,free_text,webrtc_ns_very_high,33360.0,partial,жёлтый
1786194978795,free_text,webrtc_ns_very_high,33400.0,partial,жёлтый
1786194978795,free_text,webrtc_ns_very_high,33440.0,partial,жёлтый
1786194978795,free_text,webrtc_ns_very_high,33480.0,partial,жёлтый
1786194978795,free_text,webrtc_ns_very_high,33520.0,partial,жёлтый
1786194978795,free_text,webrtc_ns_very_high,33560.0,partial,жёлтый
1786194978795,free_text,webrtc_ns_very_high,33600.0,partial,жёлтый
1786194978795,free_text,webrtc_ns_very_high,33640.0,partial,жёлтый
1786194978795,free_text,webrtc_ns_very_high,33680.0,partial,жёлтый
1786194978795,free_text,webrtc_ns_very_high,33720.0,partial,жёлтый
1786194978795,free_text,webrtc_ns_very_high,33760.0,partial,жёлтый
1786194978795,free_text,webrtc_ns_very_high,33800.0,partial,жёлтый
1786194978795,free_text,webrtc_ns_very_high,33840.0,partial,жёлтый
1786194978795,free_text,webrtc_ns_very_high,33880.0,partial,жёлтый
1786194978795,free_text,webrtc_ns_very_high,33920.0,partial,жёлтый
1786194978795,free_text,webrtc_ns_very_high,33960.0,partial,жёлтый
1786194978795,free_text,webrtc_ns_very_high,34000.0,partial,жёлтый
1786194978795,free_text,webrtc_ns_very_high,34040.0,partial,жёлтый
1786194978795,free_text,webrtc_ns_very_high,34080.0,partial,жёлтый
1786194978795,free_text,webrtc_ns_very_high,34120.0,partial,жёлтый
1786194978795,free_text,webrtc_ns_very_high,34160.0,partial,жёлтый
1786194978795,free_text,webrtc_ns_very_high,34200.0,endpoint,жёлтый
1786194978795,free_text,webrtc_ns_very_high,35880.0,partial,жёлтые
1786194978795,free_text,webrtc_ns_very_high,35920.0,partial,жёлтые
1786194978795,free_text,webrtc_ns_very_high,35960.0,partial,жёлтые
1786194978795,free_text,webrtc_ns_very_high,36000.0,partial,жёлтые
1786194978795,free_text,webrtc_ns_very_high,36040.0,partial,жёлтые
1786194978795,free_text,webrtc_ns_very_high,36080.0,partial,жёлтые
1786194978795,free_text,webrtc_ns_very_high,36120.0,partial,жёлтые
1786194978795,free_text,webrtc_ns_very_high,36160.0,partial,жёлтые
1786194978795,free_text,webrtc_ns_very_high,36200.0,partial,жёлтые
1786194978795,free_text,webrtc_ns_very_high,36240.0,partial,жёлтые
1786194978795,free_text,webrtc_ns_very_high,36280.0,partial,жёлтые
1786194978795,free_text,webrtc_ns_very_high,36320.0,partial,жёлтые
1786194978795,free_text,webrtc_ns_very_high,36360.0,partial,жёлтые
1786194978795,free_text,webrtc_ns_very_high,36400.0,partial,жёлтые
1786194978795,free_text,webrtc_ns_very_high,36440.0,partial,жёлтые
1786194978795,free_text,webrtc_ns_very_high,36480.0,partial,жёлтые
1786194978795,free_text,webrtc_ns_very_high,36520.0,partial,жёлтые
1786194978795,free_text,webrtc_ns_very_high,36560.0,partial,жёлтые
1786194978795,free_text,webrtc_ns_very_high,36600.0,partial,жёлтые
1786194978795,free_text,webrtc_ns_very_high,36640.0,partial,жёлтые
1786194978795,free_text,webrtc_ns_very_high,36680.0,partial,жёлтые
1786194978795,free_text,webrtc_ns_very_high,36720.0,partial,жёлтые
1786194978795,free_text,webrtc_ns_very_high,36760.0,partial,жёлтые
1786194978795,free_text,webrtc_ns_very_high,36800.0,partial,жёлтые
1786194978795,free_text,webrtc_ns_very_high,36840.0,endpoint,жёлтые я
1786194978795,free_text,webrtc_ns_very_high,38280.0,partial,жёлтые
1786194978795,free_text,webrtc_ns_very_high,38320.0,partial,жёлтые
1786194978795,free_text,webrtc_ns_very_high,38360.0,partial,жёлтые
1786194978795,free_text,webrtc_ns_very_high,38400.0,partial,жёлтые
1786194978795,free_text,webrtc_ns_very_high,38440.0,partial,жёлтые
1786194978795,free_text,webrtc_ns_very_high,38480.0,partial,жёлтые
1786194978795,free_text,webrtc_ns_very_high,38520.0,partial,жёлтые
1786194978795,free_text,webrtc_ns_very_high,38560.0,partial,жёлтые
1786194978795,free_text,webrtc_ns_very_high,38600.0,partial,жёлтые
1786194978795,free_text,webrtc_ns_very_high,38640.0,partial,жёлтые
1786194978795,free_text,webrtc_ns_very_high,38680.0,partial,жёлтые
1786194978795,free_text,webrtc_ns_very_high,38720.0,partial,жёлтые
1786194978795,free_text,webrtc_ns_very_high,38760.0,partial,жёлтые
1786194978795,free_text,webrtc_ns_very_high,38800.0,partial,жёлтые
1786194978795,free_text,webrtc_ns_very_high,38840.0,partial,жёлтые
1786194978795,free_text,webrtc_ns_very_high,38880.0,partial,жёлтые
1786194978795,free_text,webrtc_ns_very_high,38920.0,partial,жёлтые
1786194978795,free_text,webrtc_ns_very_high,38960.0,partial,жёлтые
1786194978795,free_text,webrtc_ns_very_high,39000.0,partial,жёлтые
1786194978795,free_text,webrtc_ns_very_high,39040.0,partial,жёлтые
1786194978795,free_text,webrtc_ns_very_high,39080.0,partial,жёлтые
1786194978795,free_text,webrtc_ns_very_high,39120.0,partial,жёлтые
1786194978795,free_text,webrtc_ns_very_high,39160.0,partial,жёлтые
1786194978795,free_text,webrtc_ns_very_high,39200.0,partial,жёлтые
1786194978795,free_text,webrtc_ns_very_high,39240.0,partial,жёлтые
1786194978795,free_text,webrtc_ns_very_high,39280.0,partial,жёлтые
1786194978795,free_text,webrtc_ns_very_high,39320.0,partial,жёлтые
1786194978795,free_text,webrtc_ns_very_high,39360.0,partial,жёлтые
1786194978795,free_text,webrtc_ns_very_high,39400.0,partial,жёлтые
1786194978795,free_text,webrtc_ns_very_high,39440.0,partial,жёлтые
1786194978795,free_text,webrtc_ns_very_high,39480.0,endpoint,жёлтые
1786194978795,free_text,webrtc_ns_very_high,40440.0,partial,жёлтый
1786194978795,free_text,webrtc_ns_very_high,40480.0,partial,жёлтый
1786194978795,free_text,webrtc_ns_very_high,40520.0,partial,жёлтый
1786194978795,free_text,webrtc_ns_very_high,40560.0,partial,жёлтый
1786194978795,free_text,webrtc_ns_very_high,40600.0,partial,жёлтый
1786194978795,free_text,webrtc_ns_very_high,40640.0,partial,жёлтый
1786194978795,free_text,webrtc_ns_very_high,40680.0,partial,жёлтый
1786194978795,free_text,webrtc_ns_very_high,40720.0,partial,жёлтый
1786194978795,free_text,webrtc_ns_very_high,40760.0,partial,жёлтый
1786194978795,free_text,webrtc_ns_very_high,40800.0,partial,жёлтый
1786194978795,free_text,webrtc_ns_very_high,40840.0,partial,жёлтый
1786194978795,free_text,webrtc_ns_very_high,40880.0,partial,жёлтый
1786194978795,free_text,webrtc_ns_very_high,40920.0,partial,жёлтый
1786194978795,free_text,webrtc_ns_very_high,40960.0,partial,жёлтый
1786194978795,free_text,webrtc_ns_very_high,41000.0,partial,жёлтый
1786194978795,free_text,webrtc_ns_very_high,41040.0,partial,жёлтый
1786194978795,free_text,webrtc_ns_very_high,41080.0,partial,жёлтый
1786194978795,free_text,webrtc_ns_very_high,41120.0,partial,жёлтый
1786194978795,free_text,webrtc_ns_very_high,41160.0,partial,жёлтый
1786194978795,free_text,webrtc_ns_very_high,41200.0,partial,жёлтый
1786194978795,free_text,webrtc_ns_very_high,41240.0,partial,жёлтый
1786194978795,free_text,webrtc_ns_very_high,41280.0,partial,жёлтый
1786194978795,free_text,webrtc_ns_very_high,41320.0,partial,жёлтый
1786194978795,free_text,webrtc_ns_very_high,41360.0,partial,жёлтый
1786194978795,free_text,webrtc_ns_very_high,41400.0,endpoint,жёлтый
1786194978795,free_text,webrtc_ns_very_high,42120.0,partial,жёлтые
1786194978795,free_text,webrtc_ns_very_high,42160.0,partial,жёлтые
1786194978795,free_text,webrtc_ns_very_high,42200.0,partial,жёлтые
1786194978795,free_text,webrtc_ns_very_high,42240.0,partial,жёлтые
1786194978795,free_text,webrtc_ns_very_high,42280.0,partial,жёлтые
1786194978795,free_text,webrtc_ns_very_high,42320.0,partial,жёлтые
1786194978795,free_text,webrtc_ns_very_high,42600.0,partial,жёлтые
1786194978795,free_text,webrtc_ns_very_high,42640.0,partial,жёлтые
1786194978795,free_text,webrtc_ns_very_high,42680.0,partial,жёлтые
1786194978795,free_text,webrtc_ns_very_high,42720.0,partial,жёлтые
1786194978795,free_text,webrtc_ns_very_high,42760.0,partial,жёлтые
1786194978795,free_text,webrtc_ns_very_high,42800.0,partial,жёлтые
1786194978795,free_text,webrtc_ns_very_high,42840.0,partial,жёлтые
1786194978795,free_text,webrtc_ns_very_high,42880.0,partial,жёлтые
1786194978795,free_text,webrtc_ns_very_high,42920.0,partial,жёлтые
1786194978795,free_text,webrtc_ns_very_high,42960.0,partial,жёлтые
1786194978795,free_text,webrtc_ns_very_high,43000.0,partial,жёлтые
1786194978795,free_text,webrtc_ns_very_high,43040.0,partial,жёлтые
1786194978795,free_text,webrtc_ns_very_high,43080.0,partial,жёлтые
1786194978795,free_text,webrtc_ns_very_high,43120.0,partial,жёлтые
1786194978795,free_text,webrtc_ns_very_high,43160.0,partial,жёлтые
1786194978795,free_text,webrtc_ns_very_high,43200.0,partial,жёлтые
1786194978795,free_text,webrtc_ns_very_high,43240.0,partial,жёлтые
1786194978795,free_text,webrtc_ns_very_high,43280.0,partial,жёлтые
1786194978795,free_text,webrtc_ns_very_high,45240.0,partial,жёлтые
1786194978795,free_text,webrtc_ns_very_high,45280.0,partial,жёлтые
1786194978795,free_text,webrtc_ns_very_high,45320.0,partial,жёлтые
1786194978795,free_text,webrtc_ns_very_high,45360.0,partial,жёлтые
1786194978795,free_text,webrtc_ns_very_high,45400.0,partial,жёлтые
1786194978795,free_text,webrtc_ns_very_high,45440.0,partial,жёлтые
1786194978795,free_text,webrtc_ns_very_high,45480.0,partial,жёлтый
1786194978795,free_text,webrtc_ns_very_high,45520.0,partial,жёлтый
1786194978795,free_text,webrtc_ns_very_high,45560.0,partial,жёлтый
1786194978795,free_text,webrtc_ns_very_high,45600.0,partial,жёлтый
1786194978795,free_text,webrtc_ns_very_high,45640.0,partial,жёлтый
1786194978795,free_text,webrtc_ns_very_high,45680.0,partial,жёлтый
1786194978795,free_text,webrtc_ns_very_high,45720.0,partial,жёлтый
1786194978795,free_text,webrtc_ns_very_high,45760.0,partial,жёлтый
1786194978795,free_text,webrtc_ns_very_high,45800.0,partial,жёлтый
1786194978795,free_text,webrtc_ns_very_high,45840.0,partial,жёлтый
1786194978795,free_text,webrtc_ns_very_high,45880.0,partial,жёлтый
1786194978795,free_text,webrtc_ns_very_high,45920.0,partial,жёлтый
1786194978795,free_text,webrtc_ns_very_high,45960.0,partial,жёлтый
1786194978795,free_text,webrtc_ns_very_high,46000.0,partial,жёлтый
1786194978795,free_text,webrtc_ns_very_high,46040.0,partial,жёлтый
1786194978795,free_text,webrtc_ns_very_high,46080.0,partial,жёлтый
1786194978795,free_text,webrtc_ns_very_high,46120.0,partial,жёлтый
1786194978795,free_text,webrtc_ns_very_high,46160.0,partial,жёлтый
1786194978795,free_text,webrtc_ns_very_high,46200.0,partial,жёлтый
1786194978795,free_text,webrtc_ns_very_high,46240.0,partial,жёлтый
1786194978795,free_text,webrtc_ns_very_high,46280.0,partial,жёлтый
1786194978795,free_text,webrtc_ns_very_high,46320.0,partial,жёлтый
1786194978795,free_text,webrtc_ns_very_high,46360.0,partial,жёлтый
1786194978795,free_text,webrtc_ns_very_high,46400.0,partial,жёлтый
1786194978795,free_text,webrtc_ns_very_high,46440.0,endpoint,жёлтый
1786194978795,free_text,webrtc_ns_very_high,49080.0,partial,жёлтый
1786194978795,free_text,webrtc_ns_very_high,49120.0,partial,жёлтый
1786194978795,free_text,webrtc_ns_very_high,49160.0,partial,жёлтый
1786194978795,free_text,webrtc_ns_very_high,49200.0,partial,жёлтый
1786194978795,free_text,webrtc_ns_very_high,49240.0,partial,жёлтый
1786194978795,free_text,webrtc_ns_very_high,49280.0,partial,жёлтый
1786194978795,free_text,webrtc_ns_very_high,49320.0,partial,жёлтый
1786194978795,free_text,webrtc_ns_very_high,49360.0,partial,жёлтый
1786194978795,free_text,webrtc_ns_very_high,49400.0,partial,жёлтый
1786194978795,free_text,webrtc_ns_very_high,49440.0,partial,жёлтый
1786194978795,free_text,webrtc_ns_very_high,49480.0,partial,жёлтый
1786194978795,free_text,webrtc_ns_very_high,49520.0,partial,жёлтый
1786194978795,free_text,webrtc_ns_very_high,49560.0,partial,жёлтый
1786194978795,free_text,webrtc_ns_very_high,49600.0,partial,жёлтый
1786194978795,free_text,webrtc_ns_very_high,49640.0,partial,жёлтый
1786194978795,free_text,webrtc_ns_very_high,49680.0,partial,жёлтый
1786194978795,free_text,webrtc_ns_very_high,49720.0,partial,жёлтый
1786194978795,free_text,webrtc_ns_very_high,49760.0,partial,жёлтый
1786194978795,free_text,webrtc_ns_very_high,49800.0,partial,жёлтый
1786194978795,free_text,webrtc_ns_very_high,49840.0,partial,жёлтый
1786194978795,free_text,webrtc_ns_very_high,49880.0,partial,жёлтый
1786194978795,free_text,webrtc_ns_very_high,49920.0,partial,жёлтый
1786194978795,free_text,webrtc_ns_very_high,49960.0,partial,жёлтый
1786194978795,free_text,webrtc_ns_very_high,50000.0,partial,жёлтый
1786194978795,free_text,webrtc_ns_very_high,50040.0,endpoint,жёлтый
1786194978795,free_text,webrtc_ns_very_high,51960.0,partial,жёлтый
1786194978795,free_text,webrtc_ns_very_high,52000.0,partial,жёлтый
1786194978795,free_text,webrtc_ns_very_high,52040.0,partial,жёлтый
1786194978795,free_text,webrtc_ns_very_high,52080.0,partial,жёлтый
1786194978795,free_text,webrtc_ns_very_high,52120.0,partial,жёлтый
1786194978795,free_text,webrtc_ns_very_high,52160.0,partial,жёлтый
1786194978795,free_text,webrtc_ns_very_high,52200.0,partial,жёлтый
1786194978795,free_text,webrtc_ns_very_high,52240.0,partial,жёлтый
1786194978795,free_text,webrtc_ns_very_high,52280.0,partial,жёлтый
1786194978795,free_text,webrtc_ns_very_high,52320.0,partial,жёлтый
1786194978795,free_text,webrtc_ns_very_high,52360.0,partial,жёлтый
1786194978795,free_text,webrtc_ns_very_high,52400.0,partial,жёлтый
1786194978795,free_text,webrtc_ns_very_high,52440.0,partial,жёлтый
1786194978795,free_text,webrtc_ns_very_high,52480.0,partial,жёлтый
1786194978795,free_text,webrtc_ns_very_high,52520.0,partial,жёлтый
1786194978795,free_text,webrtc_ns_very_high,52560.0,partial,жёлтый
1786194978795,free_text,webrtc_ns_very_high,52600.0,partial,жёлтый
1786194978795,free_text,webrtc_ns_very_high,52640.0,partial,жёлтый
1786194978795,free_text,webrtc_ns_very_high,52680.0,partial,жёлтый
1786194978795,free_text,webrtc_ns_very_high,52720.0,partial,жёлтый
1786194978795,free_text,webrtc_ns_very_high,52760.0,partial,жёлтый
1786194978795,free_text,webrtc_ns_very_high,52800.0,partial,жёлтый
1786194978795,free_text,webrtc_ns_very_high,52840.0,partial,жёлтый
1786194978795,free_text,webrtc_ns_very_high,52880.0,partial,жёлтый
1786194978795,free_text,webrtc_ns_very_high,52920.0,partial,жёлтый
1786194978795,free_text,webrtc_ns_very_high,52960.0,partial,жёлтый
1786194978795,free_text,webrtc_ns_very_high,53000.0,partial,жёлтый
1786194978795,free_text,webrtc_ns_very_high,53040.0,partial,жёлтый
1786194978795,free_text,webrtc_ns_very_high,53080.0,partial,жёлтый
1786194978795,free_text,webrtc_ns_very_high,53120.0,partial,жёлтый
1786194978795,free_text,webrtc_ns_very_high,53160.0,endpoint,жёлтый
1786194978795,free_text,webrtc_ns_very_high,59160.0,partial,жёлтые
1786194978795,free_text,webrtc_ns_very_high,59200.0,partial,жёлтые
1786194978795,free_text,webrtc_ns_very_high,59240.0,partial,жёлтые
1786194978795,free_text,webrtc_ns_very_high,59280.0,partial,жёлтые
1786194978795,free_text,webrtc_ns_very_high,59320.0,partial,жёлтые
1786194978795,free_text,webrtc_ns_very_high,59360.0,partial,жёлтые
1786194978795,free_text,webrtc_ns_very_high,59400.0,partial,жёлтые
1786194978795,free_text,webrtc_ns_very_high,59440.0,partial,жёлтые
1786194978795,free_text,webrtc_ns_very_high,59480.0,partial,жёлтые
1786194978795,free_text,webrtc_ns_very_high,59520.0,partial,жёлтые
1786194978795,free_text,webrtc_ns_very_high,59560.0,partial,жёлтые
1786194978795,free_text,webrtc_ns_very_high,59600.0,partial,жёлтые
1786194978795,free_text,webrtc_ns_very_high,59640.0,partial,жёлтые
1786194978795,free_text,webrtc_ns_very_high,59680.0,partial,жёлтые
1786194978795,free_text,webrtc_ns_very_high,59720.0,partial,жёлтые
1786194978795,free_text,webrtc_ns_very_high,59760.0,partial,жёлтые
1786194978795,free_text,webrtc_ns_very_high,59800.0,partial,жёлтые
1786194978795,free_text,webrtc_ns_very_high,59840.0,partial,жёлтые
1786194978795,free_text,webrtc_ns_very_high,59880.0,partial,жёлтые
1786194978795,free_text,webrtc_ns_very_high,59920.0,partial,жёлтые
1786194978795,free_text,webrtc_ns_very_high,59960.0,partial,жёлтые
1786194978795,free_text,webrtc_ns_very_high,60000.0,partial,жёлтые
1786194978795,free_text,webrtc_ns_very_high,60040.0,partial,жёлтые
1786194978795,free_text,webrtc_ns_very_high,60080.0,partial,жёлтые
1786194978795,free_text,webrtc_ns_very_high,60120.0,endpoint,жёлтые
1786194978795,free_text,webrtc_ns_very_high,64200.0,partial,белый
1786194978795,free_text,webrtc_ns_very_high,64240.0,partial,белый
1786194978795,free_text,webrtc_ns_very_high,64280.0,partial,белый
1786194978795,free_text,webrtc_ns_very_high,64320.0,partial,белый
1786194978795,free_text,webrtc_ns_very_high,64360.0,partial,белый
1786194978795,free_text,webrtc_ns_very_high,64400.0,partial,белый
1786194978795,free_text,webrtc_ns_very_high,64440.0,partial,белый
1786194978795,free_text,webrtc_ns_very_high,64480.0,partial,белый
1786194978795,free_text,webrtc_ns_very_high,64520.0,partial,белый
1786194978795,free_text,webrtc_ns_very_high,64560.0,partial,белый
1786194978795,free_text,webrtc_ns_very_high,64600.0,partial,белый
1786194978795,free_text,webrtc_ns_very_high,64640.0,partial,белый
1786194978795,free_text,webrtc_ns_very_high,64680.0,partial,белый
1786194978795,free_text,webrtc_ns_very_high,64720.0,partial,белый
1786194978795,free_text,webrtc_ns_very_high,64760.0,partial,белый
1786194978795,free_text,webrtc_ns_very_high,64800.0,partial,белый
1786194978795,free_text,webrtc_ns_very_high,64840.0,partial,белый
1786194978795,free_text,webrtc_ns_very_high,64880.0,partial,белый
1786194978795,free_text,webrtc_ns_very_high,64920.0,partial,белый
1786194978795,free_text,webrtc_ns_very_high,64960.0,partial,белый
1786194978795,free_text,webrtc_ns_very_high,65000.0,partial,белый
1786194978795,free_text,webrtc_ns_very_high,65040.0,partial,белый
1786194978795,free_text,webrtc_ns_very_high,65080.0,partial,белый
1786194978795,free_text,webrtc_ns_very_high,65120.0,partial,белый
1786194978795,free_text,webrtc_ns_very_high,65160.0,partial,белый
1786194978795,free_text,webrtc_ns_very_high,65200.0,partial,белый
1786194978795,free_text,webrtc_ns_very_high,65240.0,partial,белый
1786194978795,free_text,webrtc_ns_very_high,65280.0,partial,белый
1786194978795,free_text,webrtc_ns_very_high,65320.0,partial,белый
1786194978795,free_text,webrtc_ns_very_high,65360.0,partial,белый
1786194978795,free_text,webrtc_ns_very_high,65400.0,endpoint,белый
1786194978795,free_text,webrtc_ns_very_high,67560.0,partial,жёлтые
1786194978795,free_text,webrtc_ns_very_high,67600.0,partial,жёлтые
1786194978795,free_text,webrtc_ns_very_high,67640.0,partial,жёлтые
1786194978795,free_text,webrtc_ns_very_high,67680.0,partial,жёлтые
1786194978795,free_text,webrtc_ns_very_high,67720.0,partial,жёлтые
1786194978795,free_text,webrtc_ns_very_high,67760.0,partial,жёлтые
1786194978795,free_text,webrtc_ns_very_high,67800.0,partial,жёлтый
1786194978795,free_text,webrtc_ns_very_high,67840.0,partial,жёлтый
1786194978795,free_text,webrtc_ns_very_high,67880.0,partial,жёлтый
1786194978795,free_text,webrtc_ns_very_high,67920.0,partial,жёлтый
1786194978795,free_text,webrtc_ns_very_high,67960.0,partial,жёлтый
1786194978795,free_text,webrtc_ns_very_high,68000.0,partial,жёлтый
1786194978795,free_text,webrtc_ns_very_high,68040.0,partial,жёлтый
1786194978795,free_text,webrtc_ns_very_high,68080.0,partial,жёлтый
1786194978795,free_text,webrtc_ns_very_high,68120.0,partial,жёлтый
1786194978795,free_text,webrtc_ns_very_high,68160.0,partial,жёлтый
1786194978795,free_text,webrtc_ns_very_high,68200.0,partial,жёлтый
1786194978795,free_text,webrtc_ns_very_high,68240.0,partial,жёлтый
1786194978795,free_text,webrtc_ns_very_high,68280.0,partial,жёлтый
1786194978795,free_text,webrtc_ns_very_high,68320.0,partial,жёлтый
1786194978795,free_text,webrtc_ns_very_high,68360.0,partial,жёлтый
1786194978795,free_text,webrtc_ns_very_high,68400.0,partial,жёлтый
1786194978795,free_text,webrtc_ns_very_high,68440.0,partial,жёлтый
1786194978795,free_text,webrtc_ns_very_high,68480.0,partial,жёлтый
1786194978795,free_text,webrtc_ns_very_high,68520.0,partial,жёлтый
1786194978795,free_text,webrtc_ns_very_high,68560.0,partial,жёлтый
1786194978795,free_text,webrtc_ns_very_high,68600.0,partial,жёлтый
1786194978795,free_text,webrtc_ns_very_high,68640.0,partial,жёлтый
1786194978795,free_text,webrtc_ns_very_high,68680.0,partial,жёлтый
1786194978795,free_text,webrtc_ns_very_high,68720.0,partial,жёлтый
1786194978795,free_text,webrtc_ns_very_high,68760.0,endpoint,жёлтый
1786194978795,free_text,webrtc_ns_very_high,74280.0,partial,назад
1786194978795,free_text,webrtc_ns_very_high,74320.0,partial,назад
1786194978795,free_text,webrtc_ns_very_high,74360.0,partial,назад
1786194978795,free_text,webrtc_ns_very_high,74400.0,partial,назад
1786194978795,free_text,webrtc_ns_very_high,74440.0,partial,назад
1786194978795,free_text,webrtc_ns_very_high,74480.0,partial,назад
1786194978795,free_text,webrtc_ns_very_high,74520.0,partial,назад
1786194978795,free_text,webrtc_ns_very_high,74560.0,partial,назад
1786194978795,free_text,webrtc_ns_very_high,74600.0,partial,назад
1786194978795,free_text,webrtc_ns_very_high,74640.0,partial,назад
1786194978795,free_text,webrtc_ns_very_high,74680.0,partial,назад
1786194978795,free_text,webrtc_ns_very_high,74720.0,partial,назад
1786194978795,free_text,webrtc_ns_very_high,74760.0,partial,назад
1786194978795,free_text,webrtc_ns_very_high,74800.0,partial,назад
1786194978795,free_text,webrtc_ns_very_high,74840.0,partial,назад
1786194978795,free_text,webrtc_ns_very_high,74880.0,partial,назад
1786194978795,free_text,webrtc_ns_very_high,74920.0,partial,назад
1786194978795,free_text,webrtc_ns_very_high,74960.0,partial,назад
1786194978795,free_text,webrtc_ns_very_high,75000.0,endpoint,назад
1786194978795,free_text,webrtc_ns_very_high,77880.0,partial,назад
1786194978795,free_text,webrtc_ns_very_high,77920.0,partial,назад
1786194978795,free_text,webrtc_ns_very_high,77960.0,partial,назад
1786194978795,free_text,webrtc_ns_very_high,78000.0,partial,назад
1786194978795,free_text,webrtc_ns_very_high,78040.0,partial,назад
1786194978795,free_text,webrtc_ns_very_high,78080.0,partial,назад
1786194978795,free_text,webrtc_ns_very_high,78120.0,partial,назад
1786194978795,free_text,webrtc_ns_very_high,78160.0,partial,назад
1786194978795,free_text,webrtc_ns_very_high,78200.0,partial,назад
1786194978795,free_text,webrtc_ns_very_high,78240.0,partial,назад
1786194978795,free_text,webrtc_ns_very_high,78280.0,partial,назад
1786194978795,free_text,webrtc_ns_very_high,78320.0,partial,назад
1786194978795,free_text,webrtc_ns_very_high,78360.0,endpoint,назад
1786194978795,free_text,webrtc_ns_very_high,82920.0,partial,назад
1786194978795,free_text,webrtc_ns_very_high,82960.0,partial,назад
1786194978795,free_text,webrtc_ns_very_high,83000.0,partial,назад
1786194978795,free_text,webrtc_ns_very_high,83040.0,partial,назад
1786194978795,free_text,webrtc_ns_very_high,83080.0,partial,назад
1786194978795,free_text,webrtc_ns_very_high,83120.0,partial,назад
1786194978795,free_text,webrtc_ns_very_high,83160.0,partial,назад
1786194978795,free_text,webrtc_ns_very_high,83200.0,partial,назад
1786194978795,free_text,webrtc_ns_very_high,83240.0,partial,назад
1786194978795,free_text,webrtc_ns_very_high,83280.0,partial,назад
1786194978795,free_text,webrtc_ns_very_high,83320.0,partial,назад
1786194978795,free_text,webrtc_ns_very_high,83360.0,partial,назад
1786194978795,free_text,webrtc_ns_very_high,83400.0,endpoint,назад
1786194978795,free_text,webrtc_ns_very_high,86040.0,partial,доступность
1786194978795,free_text,webrtc_ns_very_high,86080.0,partial,доступность
1786194978795,free_text,webrtc_ns_very_high,86120.0,partial,доступность
1786194978795,free_text,webrtc_ns_very_high,86160.0,partial,доступность
1786194978795,free_text,webrtc_ns_very_high,86200.0,partial,доступность
1786194978795,free_text,webrtc_ns_very_high,86240.0,partial,доступность
1786194978795,free_text,webrtc_ns_very_high,86280.0,partial,доступность
1786194978795,free_text,webrtc_ns_very_high,86320.0,partial,доступность
1786194978795,free_text,webrtc_ns_very_high,86360.0,partial,доступность
1786194978795,free_text,webrtc_ns_very_high,86400.0,partial,доступность
1786194978795,free_text,webrtc_ns_very_high,86440.0,partial,доступность
1786194978795,free_text,webrtc_ns_very_high,86480.0,partial,доступность
1786194978795,free_text,webrtc_ns_very_high,86520.0,partial,доступность
1786194978795,free_text,webrtc_ns_very_high,86560.0,partial,доступность
1786194978795,free_text,webrtc_ns_very_high,86600.0,partial,доступность
1786194978795,free_text,webrtc_ns_very_high,86640.0,partial,доступность
1786194978795,free_text,webrtc_ns_very_high,86680.0,partial,доступность
1786194978795,free_text,webrtc_ns_very_high,86720.0,partial,доступность
1786194978795,free_text,webrtc_ns_very_high,86760.0,partial,доступность
1786194978795,free_text,webrtc_ns_very_high,86800.0,partial,доступность
1786194978795,free_text,webrtc_ns_very_high,86840.0,partial,доступность
1786194978795,free_text,webrtc_ns_very_high,86880.0,partial,доступность
1786194978795,free_text,webrtc_ns_very_high,86920.0,partial,доступность
1786194978795,free_text,webrtc_ns_very_high,86960.0,partial,доступность
1786194978795,free_text,webrtc_ns_very_high,87000.0,partial,доступность
1786194978795,free_text,webrtc_ns_very_high,87040.0,partial,доступность
1786194978795,free_text,webrtc_ns_very_high,87080.0,partial,доступность
1786194978795,free_text,webrtc_ns_very_high,87120.0,partial,доступность
1786194978795,free_text,webrtc_ns_very_high,87160.0,partial,доступность
1786194978795,free_text,webrtc_ns_very_high,87200.0,partial,доступность
1786194978795,free_text,webrtc_ns_very_high,87240.0,endpoint,доступность
1786194978795,free_text,webrtc_ns_very_high,89400.0,partial,доступность
1786194978795,free_text,webrtc_ns_very_high,89440.0,partial,доступность
1786194978795,free_text,webrtc_ns_very_high,89480.0,partial,доступность
1786194978795,free_text,webrtc_ns_very_high,89520.0,partial,доступность
1786194978795,free_text,webrtc_ns_very_high,89560.0,partial,доступность
1786194978795,free_text,webrtc_ns_very_high,89600.0,partial,доступность
1786194978795,free_text,webrtc_ns_very_high,89640.0,partial,доступность
1786194978795,free_text,webrtc_ns_very_high,89680.0,partial,доступность
1786194978795,free_text,webrtc_ns_very_high,89720.0,partial,доступность
1786194978795,free_text,webrtc_ns_very_high,89760.0,partial,доступность
1786194978795,free_text,webrtc_ns_very_high,89800.0,partial,доступность
1786194978795,free_text,webrtc_ns_very_high,89840.0,partial,доступность
1786194978795,free_text,webrtc_ns_very_high,89880.0,partial,доступность
1786194978795,free_text,webrtc_ns_very_high,89920.0,partial,доступность
1786194978795,free_text,webrtc_ns_very_high,89960.0,partial,доступность
1786194978795,free_text,webrtc_ns_very_high,90000.0,partial,доступность
1786194978795,free_text,webrtc_ns_very_high,90040.0,partial,доступность
1786194978795,free_text,webrtc_ns_very_high,90080.0,partial,доступность
1786194978795,free_text,webrtc_ns_very_high,90120.0,partial,доступность
1786194978795,free_text,webrtc_ns_very_high,90160.0,partial,доступность
1786194978795,free_text,webrtc_ns_very_high,90200.0,partial,доступность
1786194978795,free_text,webrtc_ns_very_high,90240.0,partial,доступность
1786194978795,free_text,webrtc_ns_very_high,90280.0,partial,доступность
1786194978795,free_text,webrtc_ns_very_high,90320.0,partial,доступность
1786194978795,free_text,webrtc_ns_very_high,90360.0,endpoint,доступность
1786194978795,free_text,webrtc_ns_very_high,92040.0,partial,доступность
1786194978795,free_text,webrtc_ns_very_high,92080.0,partial,доступность
1786194978795,free_text,webrtc_ns_very_high,92120.0,partial,доступность
1786194978795,free_text,webrtc_ns_very_high,92160.0,partial,доступность
1786194978795,free_text,webrtc_ns_very_high,92200.0,partial,доступность
1786194978795,free_text,webrtc_ns_very_high,92240.0,partial,доступность
1786194978795,free_text,webrtc_ns_very_high,92280.0,partial,доступность
1786194978795,free_text,webrtc_ns_very_high,92320.0,partial,доступность
1786194978795,free_text,webrtc_ns_very_high,92360.0,partial,доступность
1786194978795,free_text,webrtc_ns_very_high,92400.0,partial,доступность
1786194978795,free_text,webrtc_ns_very_high,92440.0,partial,доступность
1786194978795,free_text,webrtc_ns_very_high,92480.0,partial,доступность
1786194978795,free_text,webrtc_ns_very_high,92520.0,partial,доступность
1786194978795,free_text,webrtc_ns_very_high,92560.0,partial,доступность
1786194978795,free_text,webrtc_ns_very_high,92600.0,partial,доступность
1786194978795,free_text,webrtc_ns_very_high,92640.0,partial,доступность
1786194978795,free_text,webrtc_ns_very_high,92680.0,partial,доступность
1786194978795,free_text,webrtc_ns_very_high,92720.0,partial,доступность
1786194978795,free_text,webrtc_ns_very_high,92760.0,partial,доступность
1786194978795,free_text,webrtc_ns_very_high,92800.0,partial,доступность
1786194978795,free_text,webrtc_ns_very_high,92840.0,partial,доступность
1786194978795,free_text,webrtc_ns_very_high,92880.0,partial,доступность
1786194978795,free_text,webrtc_ns_very_high,92920.0,partial,доступность
1786194978795,free_text,webrtc_ns_very_high,92960.0,partial,доступность
1786194978795,free_text,webrtc_ns_very_high,93000.0,partial,доступность
1786194978795,free_text,webrtc_ns_very_high,93040.0,partial,доступность
1786194978795,free_text,webrtc_ns_very_high,93080.0,partial,доступность
1786194978795,free_text,webrtc_ns_very_high,93120.0,partial,доступность
1786194978795,free_text,webrtc_ns_very_high,93160.0,partial,доступность
1786194978795,free_text,webrtc_ns_very_high,93200.0,partial,доступность
1786194978795,free_text,webrtc_ns_very_high,93240.0,endpoint,доступность
1786194978795,free_text,webrtc_ns_very_high,94920.0,partial,доступность
1786194978795,free_text,webrtc_ns_very_high,94960.0,partial,доступность
1786194978795,free_text,webrtc_ns_very_high,95000.0,partial,доступность
1786194978795,free_text,webrtc_ns_very_high,95040.0,partial,доступность
1786194978795,free_text,webrtc_ns_very_high,95080.0,partial,доступность
1786194978795,free_text,webrtc_ns_very_high,95120.0,partial,доступность
1786194978795,free_text,webrtc_ns_very_high,95160.0,partial,доступность
1786194978795,free_text,webrtc_ns_very_high,95200.0,partial,доступность
1786194978795,free_text,webrtc_ns_very_high,95240.0,partial,доступность
1786194978795,free_text,webrtc_ns_very_high,95280.0,partial,доступность
1786194978795,free_text,webrtc_ns_very_high,95320.0,partial,доступность
1786194978795,free_text,webrtc_ns_very_high,95360.0,partial,доступность
1786194978795,free_text,webrtc_ns_very_high,95400.0,partial,доступность
1786194978795,free_text,webrtc_ns_very_high,95440.0,partial,доступность
1786194978795,free_text,webrtc_ns_very_high,95480.0,partial,доступность
1786194978795,free_text,webrtc_ns_very_high,95520.0,partial,доступность
1786194978795,free_text,webrtc_ns_very_high,95560.0,partial,доступность
1786194978795,free_text,webrtc_ns_very_high,95600.0,partial,доступность
1786194978795,free_text,webrtc_ns_very_high,95640.0,partial,доступность
1786194978795,free_text,webrtc_ns_very_high,95680.0,partial,доступность
1786194978795,free_text,webrtc_ns_very_high,95720.0,partial,доступность
1786194978795,free_text,webrtc_ns_very_high,95760.0,partial,доступность
1786194978795,free_text,webrtc_ns_very_high,95800.0,partial,доступность
1786194978795,free_text,webrtc_ns_very_high,95840.0,partial,доступность
1786194978795,free_text,webrtc_ns_very_high,95880.0,partial,доступность
1786194978795,free_text,webrtc_ns_very_high,95920.0,partial,доступность
1786194978795,free_text,webrtc_ns_very_high,95960.0,partial,доступность
1786194978795,free_text,webrtc_ns_very_high,96000.0,partial,доступность
1786194978795,free_text,webrtc_ns_very_high,96040.0,partial,доступность
1786194978795,free_text,webrtc_ns_very_high,96080.0,partial,доступность
1786194978795,free_text,webrtc_ns_very_high,96120.0,endpoint,доступность
1786194978795,free_text,webrtc_ns_very_high,98520.0,partial,доступность
1786194978795,free_text,webrtc_ns_very_high,98560.0,partial,доступность
1786194978795,free_text,webrtc_ns_very_high,98600.0,partial,доступность
1786194978795,free_text,webrtc_ns_very_high,98640.0,partial,доступность
1786194978795,free_text,webrtc_ns_very_high,98680.0,partial,доступность
1786194978795,free_text,webrtc_ns_very_high,98720.0,partial,доступность
1786194978795,free_text,webrtc_ns_very_high,98760.0,partial,доступность
1786194978795,free_text,webrtc_ns_very_high,98800.0,partial,доступность
1786194978795,free_text,webrtc_ns_very_high,98840.0,partial,доступность
1786194978795,free_text,webrtc_ns_very_high,98880.0,partial,доступность
1786194978795,free_text,webrtc_ns_very_high,98920.0,partial,доступность
1786194978795,free_text,webrtc_ns_very_high,98960.0,partial,доступность
1786194978795,free_text,webrtc_ns_very_high,99000.0,partial,доступность
1786194978795,free_text,webrtc_ns_very_high,99040.0,partial,доступность
1786194978795,free_text,webrtc_ns_very_high,99080.0,partial,доступность
1786194978795,free_text,webrtc_ns_very_high,99120.0,partial,доступность
1786194978795,free_text,webrtc_ns_very_high,99160.0,partial,доступность
1786194978795,free_text,webrtc_ns_very_high,99200.0,partial,доступность
1786194978795,free_text,webrtc_ns_very_high,99240.0,partial,доступность
1786194978795,free_text,webrtc_ns_very_high,99280.0,partial,доступность
1786194978795,free_text,webrtc_ns_very_high,99320.0,partial,доступность
1786194978795,free_text,webrtc_ns_very_high,99360.0,partial,доступность
1786194978795,free_text,webrtc_ns_very_high,99400.0,partial,доступность
1786194978795,free_text,webrtc_ns_very_high,99440.0,partial,доступность
1786194978795,free_text,webrtc_ns_very_high,99480.0,endpoint,доступность
1786194978795,free_text,webrtc_ns_very_high,101400.0,partial,доступность
1786194978795,free_text,webrtc_ns_very_high,101440.0,partial,доступность
1786194978795,free_text,webrtc_ns_very_high,101480.0,partial,доступность
1786194978795,free_text,webrtc_ns_very_high,101520.0,partial,доступность
1786194978795,free_text,webrtc_ns_very_high,101560.0,partial,доступность
1786194978795,free_text,webrtc_ns_very_high,101600.0,partial,доступность
1786194978795,free_text,webrtc_ns_very_high,101640.0,partial,доступность
1786194978795,free_text,webrtc_ns_very_high,101680.0,partial,доступность
1786194978795,free_text,webrtc_ns_very_high,101720.0,partial,доступность
1786194978795,free_text,webrtc_ns_very_high,101760.0,partial,доступность
1786194978795,free_text,webrtc_ns_very_high,101800.0,partial,доступность
1786194978795,free_text,webrtc_ns_very_high,101840.0,partial,доступность
1786194978795,free_text,webrtc_ns_very_high,101880.0,partial,доступность
1786194978795,free_text,webrtc_ns_very_high,101920.0,partial,доступность
1786194978795,free_text,webrtc_ns_very_high,101960.0,partial,доступность
1786194978795,free_text,webrtc_ns_very_high,102000.0,partial,доступность
1786194978795,free_text,webrtc_ns_very_high,102040.0,partial,доступность
1786194978795,free_text,webrtc_ns_very_high,102080.0,partial,доступность
1786194978795,free_text,webrtc_ns_very_high,102120.0,partial,доступность
1786194978795,free_text,webrtc_ns_very_high,102160.0,partial,доступность
1786194978795,free_text,webrtc_ns_very_high,102200.0,partial,доступность
1786194978795,free_text,webrtc_ns_very_high,102240.0,partial,доступность
1786194978795,free_text,webrtc_ns_very_high,102280.0,partial,доступность
1786194978795,free_text,webrtc_ns_very_high,102320.0,partial,доступность
1786194978795,free_text,webrtc_ns_very_high,102360.0,partial,доступность
1786194978795,free_text,webrtc_ns_very_high,102400.0,partial,доступность
1786194978795,free_text,webrtc_ns_very_high,102440.0,partial,доступность
1786194978795,free_text,webrtc_ns_very_high,102480.0,partial,доступность
1786194978795,free_text,webrtc_ns_very_high,102520.0,partial,доступность
1786194978795,free_text,webrtc_ns_very_high,102560.0,partial,доступность
1786194978795,free_text,webrtc_ns_very_high,102600.0,endpoint,доступность
1786194978795,free_text,webrtc_ns_very_high,105960.0,partial,доступность
1786194978795,free_text,webrtc_ns_very_high,106000.0,partial,доступность
1786194978795,free_text,webrtc_ns_very_high,106040.0,partial,доступность
1786194978795,free_text,webrtc_ns_very_high,106080.0,partial,доступность
1786194978795,free_text,webrtc_ns_very_high,106120.0,partial,доступность
1786194978795,free_text,webrtc_ns_very_high,106160.0,partial,доступность
1786194978795,free_text,webrtc_ns_very_high,106200.0,partial,доступность
1786194978795,free_text,webrtc_ns_very_high,106240.0,partial,доступность
1786194978795,free_text,webrtc_ns_very_high,106280.0,partial,доступность
1786194978795,free_text,webrtc_ns_very_high,106320.0,partial,доступность
1786194978795,free_text,webrtc_ns_very_high,106360.0,partial,доступность
1786194978795,free_text,webrtc_ns_very_high,106400.0,partial,доступность
1786194978795,free_text,webrtc_ns_very_high,106440.0,partial,доступность
1786194978795,free_text,webrtc_ns_very_high,106480.0,partial,доступность
1786194978795,free_text,webrtc_ns_very_high,106520.0,partial,доступность
1786194978795,free_text,webrtc_ns_very_high,106560.0,partial,доступность
1786194978795,free_text,webrtc_ns_very_high,106600.0,partial,доступность
1786194978795,free_text,webrtc_ns_very_high,106640.0,partial,доступность
1786194978795,free_text,webrtc_ns_very_high,106680.0,partial,доступность
1786194978795,free_text,webrtc_ns_very_high,106720.0,partial,доступность
1786194978795,free_text,webrtc_ns_very_high,106760.0,partial,доступность
1786194978795,free_text,webrtc_ns_very_high,106800.0,partial,доступность
1786194978795,free_text,webrtc_ns_very_high,106840.0,partial,доступность
1786194978795,free_text,webrtc_ns_very_high,106880.0,partial,доступность
1786194978795,free_text,webrtc_ns_very_high,106920.0,partial,доступность
1786194978795,free_text,webrtc_ns_very_high,106960.0,partial,доступность
1786194978795,free_text,webrtc_ns_very_high,107000.0,partial,доступность
1786194978795,free_text,webrtc_ns_very_high,107040.0,partial,доступность
1786194978795,free_text,webrtc_ns_very_high,107080.0,partial,доступность
1786194978795,free_text,webrtc_ns_very_high,107120.0,partial,доступность
1786194978795,free_text,webrtc_ns_very_high,107160.0,endpoint,доступность
1786194978795,free_text,webrtc_ns_very_high,137400.0,partial,список
1786194978795,free_text,webrtc_ns_very_high,137440.0,partial,список
1786194978795,free_text,webrtc_ns_very_high,137480.0,partial,список
1786194978795,free_text,webrtc_ns_very_high,137520.0,partial,список
1786194978795,free_text,webrtc_ns_very_high,137560.0,partial,список
1786194978795,free_text,webrtc_ns_very_high,137600.0,partial,список
1786194978795,free_text,webrtc_ns_very_high,137640.0,partial,список
1786194978795,free_text,webrtc_ns_very_high,137680.0,partial,список
1786194978795,free_text,webrtc_ns_very_high,137720.0,partial,список
1786194978795,free_text,webrtc_ns_very_high,137760.0,partial,список
1786194978795,free_text,webrtc_ns_very_high,137800.0,partial,список
1786194978795,free_text,webrtc_ns_very_high,137840.0,partial,список
1786194978795,free_text,webrtc_ns_very_high,137880.0,partial,список
1786194978795,free_text,webrtc_ns_very_high,137920.0,partial,список
1786194978795,free_text,webrtc_ns_very_high,137960.0,partial,список
1786194978795,free_text,webrtc_ns_very_high,138000.0,partial,список
1786194978795,free_text,webrtc_ns_very_high,138040.0,partial,список
1786194978795,free_text,webrtc_ns_very_high,138080.0,partial,список
1786194978795,free_text,webrtc_ns_very_high,138120.0,partial,список
1786194978795,free_text,webrtc_ns_very_high,138160.0,partial,список
1786194978795,free_text,webrtc_ns_very_high,138200.0,partial,список
1786194978795,free_text,webrtc_ns_very_high,138240.0,partial,список
1786194978795,free_text,webrtc_ns_very_high,138280.0,partial,список
1786194978795,free_text,webrtc_ns_very_high,138320.0,partial,список
1786194978795,free_text,webrtc_ns_very_high,138360.0,partial,список
1786194978795,free_text,webrtc_ns_very_high,138400.0,partial,список
1786194978795,free_text,webrtc_ns_very_high,138440.0,partial,список
1786194978795,free_text,webrtc_ns_very_high,138480.0,partial,список
1786194978795,free_text,webrtc_ns_very_high,138520.0,partial,список
1786194978795,free_text,webrtc_ns_very_high,138560.0,partial,список
1786194978795,free_text,webrtc_ns_very_high,138600.0,partial,список
1786194978795,free_text,webrtc_ns_very_high,138640.0,partial,список
1786194978795,free_text,webrtc_ns_very_high,138680.0,partial,список
1786194978795,free_text,webrtc_ns_very_high,138720.0,partial,список
1786194978795,free_text,webrtc_ns_very_high,138760.0,partial,список
1786194978795,free_text,webrtc_ns_very_high,138800.0,partial,список
1786194978795,free_text,webrtc_ns_very_high,138840.0,endpoint,список
1786194978795,free_text,webrtc_ns_very_high,140760.0,partial,молочная
1786194978795,free_text,webrtc_ns_very_high,140800.0,partial,молочная
1786194978795,free_text,webrtc_ns_very_high,140840.0,partial,молочная
1786194978795,free_text,webrtc_ns_very_high,140880.0,partial,молочная
1786194978795,free_text,webrtc_ns_very_high,140920.0,partial,молочная
1786194978795,free_text,webrtc_ns_very_high,140960.0,partial,молочная
1786194978795,free_text,webrtc_ns_very_high,141000.0,partial,молочная
1786194978795,free_text,webrtc_ns_very_high,141040.0,partial,молочная
1786194978795,free_text,webrtc_ns_very_high,141080.0,partial,молочная
1786194978795,free_text,webrtc_ns_very_high,141120.0,partial,молочная
1786194978795,free_text,webrtc_ns_very_high,141160.0,partial,молочная
1786194978795,free_text,webrtc_ns_very_high,141200.0,partial,молочная
1786194978795,free_text,webrtc_ns_very_high,141240.0,partial,молочная
1786194978795,free_text,webrtc_ns_very_high,141280.0,partial,молочная
1786194978795,free_text,webrtc_ns_very_high,141320.0,partial,молочная
1786194978795,free_text,webrtc_ns_very_high,141360.0,partial,молочная
1786194978795,free_text,webrtc_ns_very_high,141400.0,partial,молочная
1786194978795,free_text,webrtc_ns_very_high,141440.0,partial,молочная
1786194978795,free_text,webrtc_ns_very_high,141480.0,partial,молочная
1786194978795,free_text,webrtc_ns_very_high,141520.0,partial,молочная
1786194978795,free_text,webrtc_ns_very_high,141560.0,partial,молочная
1786194978795,free_text,webrtc_ns_very_high,141600.0,partial,молочная
1786194978795,free_text,webrtc_ns_very_high,141640.0,partial,молочная
1786194978795,free_text,webrtc_ns_very_high,141680.0,partial,молочная
1786194978795,free_text,webrtc_ns_very_high,141720.0,partial,молочная
1786194978795,free_text,webrtc_ns_very_high,141760.0,partial,молочная
1786194978795,free_text,webrtc_ns_very_high,141800.0,partial,молочная
1786194978795,free_text,webrtc_ns_very_high,141840.0,partial,молочная
1786194978795,free_text,webrtc_ns_very_high,141880.0,partial,молочная
1786194978795,free_text,webrtc_ns_very_high,141920.0,partial,молочная
1786194978795,free_text,webrtc_ns_very_high,141960.0,endpoint,молочная
1786194978795,free_text,webrtc_ns_very_high,146760.0,partial,молочная
1786194978795,free_text,webrtc_ns_very_high,146800.0,partial,молочная
1786194978795,free_text,webrtc_ns_very_high,146840.0,partial,молочная
1786194978795,free_text,webrtc_ns_very_high,146880.0,partial,молочная
1786194978795,free_text,webrtc_ns_very_high,146920.0,partial,молочная
1786194978795,free_text,webrtc_ns_very_high,146960.0,partial,молочная
1786194978795,free_text,webrtc_ns_very_high,147000.0,partial,молочная
1786194978795,free_text,webrtc_ns_very_high,147040.0,partial,молочная
1786194978795,free_text,webrtc_ns_very_high,147080.0,partial,молочная
1786194978795,free_text,webrtc_ns_very_high,147120.0,partial,молочная
1786194978795,free_text,webrtc_ns_very_high,147160.0,partial,молочная
1786194978795,free_text,webrtc_ns_very_high,147200.0,partial,молочная
1786194978795,free_text,webrtc_ns_very_high,147240.0,partial,молочная
1786194978795,free_text,webrtc_ns_very_high,147280.0,partial,молочная
1786194978795,free_text,webrtc_ns_very_high,147320.0,partial,молочная
1786194978795,free_text,webrtc_ns_very_high,147360.0,partial,молочная
1786194978795,free_text,webrtc_ns_very_high,147400.0,partial,молочная
1786194978795,free_text,webrtc_ns_very_high,147440.0,partial,молочная
1786194978795,free_text,webrtc_ns_very_high,147480.0,partial,молочная
1786194978795,free_text,webrtc_ns_very_high,147520.0,partial,молочная
1786194978795,free_text,webrtc_ns_very_high,147560.0,partial,молочная
1786194978795,free_text,webrtc_ns_very_high,147600.0,partial,молочная
1786194978795,free_text,webrtc_ns_very_high,147640.0,partial,молочная
1786194978795,free_text,webrtc_ns_very_high,147680.0,partial,молочная
1786194978795,free_text,webrtc_ns_very_high,147720.0,endpoint,молочная
1786194978795,free_text,webrtc_ns_very_high,153240.0,partial,коровка
1786194978795,free_text,webrtc_ns_very_high,153280.0,partial,коровка
1786194978795,free_text,webrtc_ns_very_high,153320.0,partial,коровка
1786194978795,free_text,webrtc_ns_very_high,153360.0,partial,коровка
1786194978795,free_text,webrtc_ns_very_high,153400.0,partial,коровка
1786194978795,free_text,webrtc_ns_very_high,153440.0,partial,коровка
1786194978795,free_text,webrtc_ns_very_high,153480.0,partial,коровка
1786194978795,free_text,webrtc_ns_very_high,153520.0,partial,коровка
1786194978795,free_text,webrtc_ns_very_high,153560.0,partial,коровка
1786194978795,free_text,webrtc_ns_very_high,153600.0,partial,коровка
1786194978795,free_text,webrtc_ns_very_high,153640.0,partial,коровка
1786194978795,free_text,webrtc_ns_very_high,153680.0,partial,коровка
1786194978795,free_text,webrtc_ns_very_high,153720.0,partial,коровка
1786194978795,free_text,webrtc_ns_very_high,153760.0,partial,коровка
1786194978795,free_text,webrtc_ns_very_high,153800.0,partial,коровка
1786194978795,free_text,webrtc_ns_very_high,153840.0,partial,коровка
1786194978795,free_text,webrtc_ns_very_high,153880.0,partial,коровка
1786194978795,free_text,webrtc_ns_very_high,153920.0,partial,коровка
1786194978795,free_text,webrtc_ns_very_high,153960.0,endpoint,коровка
1786194978795,free_text,webrtc_ns_very_high,162120.0,partial,но коровка
1786194978795,free_text,webrtc_ns_very_high,162160.0,partial,но коровка
1786194978795,free_text,webrtc_ns_very_high,162200.0,partial,но коровка
1786194978795,free_text,webrtc_ns_very_high,162240.0,partial,но коровка
1786194978795,free_text,webrtc_ns_very_high,162280.0,partial,но коровка
1786194978795,free_text,webrtc_ns_very_high,162320.0,partial,но коровка
1786194978795,free_text,webrtc_ns_very_high,162360.0,partial,но коровка
1786194978795,free_text,webrtc_ns_very_high,162400.0,partial,но коровка
1786194978795,free_text,webrtc_ns_very_high,162440.0,partial,но коровка
1786194978795,free_text,webrtc_ns_very_high,162480.0,partial,но коровка
1786194978795,free_text,webrtc_ns_very_high,162520.0,partial,но коровка
1786194978795,free_text,webrtc_ns_very_high,162560.0,partial,но коровка
1786194978795,free_text,webrtc_ns_very_high,162600.0,partial,но коровка
1786194978795,free_text,webrtc_ns_very_high,162640.0,partial,но коровка
1786194978795,free_text,webrtc_ns_very_high,162680.0,partial,но коровка
1786194978795,free_text,webrtc_ns_very_high,162720.0,partial,но коровка
1786194978795,free_text,webrtc_ns_very_high,162760.0,partial,но коровка
1786194978795,free_text,webrtc_ns_very_high,162800.0,partial,но коровка
1786194978795,free_text,webrtc_ns_very_high,162840.0,endpoint,но коровка
1786194978795,free_text,webrtc_ns_very_high,166920.0,partial,коровка
1786194978795,free_text,webrtc_ns_very_high,166960.0,partial,коровка
1786194978795,free_text,webrtc_ns_very_high,167000.0,partial,коровка
1786194978795,free_text,webrtc_ns_very_high,167040.0,partial,коровка
1786194978795,free_text,webrtc_ns_very_high,167080.0,partial,коровка
1786194978795,free_text,webrtc_ns_very_high,167120.0,partial,коровка
1786194978795,free_text,webrtc_ns_very_high,167160.0,partial,коровка
1786194978795,free_text,webrtc_ns_very_high,167200.0,partial,коровка
1786194978795,free_text,webrtc_ns_very_high,167240.0,partial,коровка
1786194978795,free_text,webrtc_ns_very_high,167280.0,partial,коровка
1786194978795,free_text,webrtc_ns_very_high,167320.0,partial,коровка
1786194978795,free_text,webrtc_ns_very_high,167360.0,partial,коровка
1786194978795,free_text,webrtc_ns_very_high,167400.0,endpoint,коровка
1786194978795,free_text,webrtc_ns_very_high,168840.0,partial,коровка
1786194978795,free_text,webrtc_ns_very_high,168880.0,partial,коровка
1786194978795,free_text,webrtc_ns_very_high,168920.0,partial,коровка
1786194978795,free_text,webrtc_ns_very_high,168960.0,partial,коровка
1786194978795,free_text,webrtc_ns_very_high,169000.0,partial,коровка
1786194978795,free_text,webrtc_ns_very_high,169040.0,partial,коровка
1786194978795,free_text,webrtc_ns_very_high,169080.0,partial,коровка
1786194978795,free_text,webrtc_ns_very_high,169120.0,partial,коровка
1786194978795,free_text,webrtc_ns_very_high,169160.0,partial,коровка
1786194978795,free_text,webrtc_ns_very_high,169200.0,partial,коровка
1786194978795,free_text,webrtc_ns_very_high,169240.0,partial,коровка
1786194978795,free_text,webrtc_ns_very_high,169280.0,partial,коровка
1786194978795,free_text,webrtc_ns_very_high,169320.0,partial,коровка
1786194978795,free_text,webrtc_ns_very_high,169360.0,partial,коровка
1786194978795,free_text,webrtc_ns_very_high,169400.0,partial,коровка
1786194978795,free_text,webrtc_ns_very_high,169440.0,partial,коровка
1786194978795,free_text,webrtc_ns_very_high,169480.0,partial,коровка
1786194978795,free_text,webrtc_ns_very_high,169520.0,partial,коровка
1786194978795,free_text,webrtc_ns_very_high,169560.0,endpoint,коровка
